 # D15_1675 FF
     0.00000    -0.03603    -0.07539     0.14891     0.00000     0.00000     0.00000     0.69008     0.00000
     0.00500    -0.03534    -0.07404     0.14603     0.00000     0.00000     0.00000     0.68323     0.00000
     0.01000    -0.03467    -0.07273     0.14322     0.00000     0.00000     0.00000     0.67648     0.00000
     0.01500    -0.03402    -0.07144     0.14047     0.00000     0.00000     0.00000     0.66983     0.00000
     0.02000    -0.03339    -0.07018     0.13779     0.00000     0.00000     0.00000     0.66328     0.00000
     0.02500    -0.03276    -0.06895     0.13516     0.00000     0.00000     0.00000     0.65683     0.00000
     0.03000    -0.03215    -0.06775     0.13260     0.00000     0.00000     0.00000     0.65047     0.00000
     0.03500    -0.03156    -0.06657     0.13009     0.00000     0.00000     0.00000     0.64420     0.00000
     0.04000    -0.03098    -0.06541     0.12765     0.00000     0.00000     0.00000     0.63802     0.00000
     0.04500    -0.03041    -0.06428     0.12525     0.00000     0.00000     0.00000     0.63193     0.00000
     0.05000    -0.02985    -0.06318     0.12291     0.00000     0.00000     0.00000     0.62592     0.00000
     0.05500    -0.02931    -0.06209     0.12062     0.00000     0.00000     0.00000     0.62000     0.00000
     0.06000    -0.02878    -0.06103     0.11838     0.00000     0.00000     0.00000     0.61417     0.00000
     0.06500    -0.02825    -0.06000     0.11619     0.00000     0.00000     0.00000     0.60842     0.00000
     0.07000    -0.02775    -0.05898     0.11405     0.00000     0.00000     0.00000     0.60274     0.00000
     0.07500    -0.02725    -0.05798     0.11196     0.00000     0.00000     0.00000     0.59715     0.00000
     0.08000    -0.02676    -0.05701     0.10991     0.00000     0.00000     0.00000     0.59163     0.00000
     0.08500    -0.02628    -0.05605     0.10790     0.00000     0.00000     0.00000     0.58619     0.00000
     0.09000    -0.02582    -0.05511     0.10594     0.00000     0.00000     0.00000     0.58083     0.00000
     0.09500    -0.02536    -0.05419     0.10402     0.00000     0.00000     0.00000     0.57553     0.00000
     0.10000    -0.02491    -0.05329     0.10214     0.00000     0.00000     0.00000     0.57031     0.00000
     0.10500    -0.02447    -0.05241     0.10030     0.00000     0.00000     0.00000     0.56516     0.00000
     0.11000    -0.02404    -0.05155     0.09850     0.00000     0.00000     0.00000     0.56008     0.00000
     0.11500    -0.02362    -0.05070     0.09674     0.00000     0.00000     0.00000     0.55507     0.00000
     0.12000    -0.02321    -0.04987     0.09501     0.00000     0.00000     0.00000     0.55013     0.00000
     0.12500    -0.02281    -0.04905     0.09332     0.00000     0.00000     0.00000     0.54525     0.00000
     0.13000    -0.02242    -0.04825     0.09167     0.00000     0.00000     0.00000     0.54043     0.00000
     0.13500    -0.02203    -0.04747     0.09005     0.00000     0.00000     0.00000     0.53568     0.00000
     0.14000    -0.02165    -0.04670     0.08846     0.00000     0.00000     0.00000     0.53099     0.00000
     0.14500    -0.02128    -0.04594     0.08690     0.00000     0.00000     0.00000     0.52637     0.00000
     0.15000    -0.02091    -0.04521     0.08538     0.00000     0.00000     0.00000     0.52180     0.00000
     0.15500    -0.02056    -0.04448     0.08389     0.00000     0.00000     0.00000     0.51729     0.00000
     0.16000    -0.02021    -0.04377     0.08242     0.00000     0.00000     0.00000     0.51284     0.00000
     0.16500    -0.01987    -0.04307     0.08099     0.00000     0.00000     0.00000     0.50845     0.00000
     0.17000    -0.01953    -0.04238     0.07958     0.00000     0.00000     0.00000     0.50411     0.00000
     0.17500    -0.01920    -0.04171     0.07821     0.00000     0.00000     0.00000     0.49983     0.00000
     0.18000    -0.01888    -0.04105     0.07686     0.00000     0.00000     0.00000     0.49560     0.00000
     0.18500    -0.01856    -0.04040     0.07554     0.00000     0.00000     0.00000     0.49143     0.00000
     0.19000    -0.01825    -0.03977     0.07424     0.00000     0.00000     0.00000     0.48731     0.00000
     0.19500    -0.01795    -0.03914     0.07297     0.00000     0.00000     0.00000     0.48324     0.00000
     0.20000    -0.01765    -0.03853     0.07172     0.00000     0.00000     0.00000     0.47922     0.00000
     0.20500    -0.01736    -0.03793     0.07050     0.00000     0.00000     0.00000     0.47525     0.00000
     0.21000    -0.01707    -0.03734     0.06930     0.00000     0.00000     0.00000     0.47133     0.00000
     0.21500    -0.01679    -0.03676     0.06813     0.00000     0.00000     0.00000     0.46746     0.00000
     0.22000    -0.01651    -0.03619     0.06698     0.00000     0.00000     0.00000     0.46364     0.00000
     0.22500    -0.01624    -0.03563     0.06585     0.00000     0.00000     0.00000     0.45986     0.00000
     0.23000    -0.01598    -0.03508     0.06474     0.00000     0.00000     0.00000     0.45613     0.00000
     0.23500    -0.01572    -0.03454     0.06365     0.00000     0.00000     0.00000     0.45244     0.00000
     0.24000    -0.01546    -0.03401     0.06259     0.00000     0.00000     0.00000     0.44880     0.00000
     0.24500    -0.01521    -0.03349     0.06154     0.00000     0.00000     0.00000     0.44521     0.00000
     0.25000    -0.01496    -0.03298     0.06052     0.00000     0.00000     0.00000     0.44165     0.00000
     0.25500    -0.01472    -0.03247     0.05951     0.00000     0.00000     0.00000     0.43814     0.00000
     0.26000    -0.01449    -0.03198     0.05852     0.00000     0.00000     0.00000     0.43467     0.00000
     0.26500    -0.01425    -0.03149     0.05755     0.00000     0.00000     0.00000     0.43124     0.00000
     0.27000    -0.01402    -0.03102     0.05660     0.00000     0.00000     0.00000     0.42785     0.00000
     0.27500    -0.01380    -0.03055     0.05567     0.00000     0.00000     0.00000     0.42450     0.00000
     0.28000    -0.01358    -0.03009     0.05475     0.00000     0.00000     0.00000     0.42119     0.00000
     0.28500    -0.01336    -0.02964     0.05386     0.00000     0.00000     0.00000     0.41792     0.00000
     0.29000    -0.01315    -0.02919     0.05297     0.00000     0.00000     0.00000     0.41469     0.00000
     0.29500    -0.01294    -0.02875     0.05211     0.00000     0.00000     0.00000     0.41149     0.00000
     0.30000    -0.01274    -0.02833     0.05126     0.00000     0.00000     0.00000     0.40833     0.00000
     0.30500    -0.01254    -0.02790     0.05042     0.00000     0.00000     0.00000     0.40521     0.00000
     0.31000    -0.01234    -0.02749     0.04961     0.00000     0.00000     0.00000     0.40212     0.00000
     0.31500    -0.01214    -0.02708     0.04880     0.00000     0.00000     0.00000     0.39907     0.00000
     0.32000    -0.01195    -0.02668     0.04801     0.00000     0.00000     0.00000     0.39605     0.00000
     0.32500    -0.01177    -0.02628     0.04724     0.00000     0.00000     0.00000     0.39307     0.00000
     0.33000    -0.01158    -0.02590     0.04648     0.00000     0.00000     0.00000     0.39012     0.00000
     0.33500    -0.01140    -0.02552     0.04573     0.00000     0.00000     0.00000     0.38720     0.00000
     0.34000    -0.01123    -0.02514     0.04499     0.00000     0.00000     0.00000     0.38432     0.00000
     0.34500    -0.01105    -0.02477     0.04427     0.00000     0.00000     0.00000     0.38147     0.00000
     0.35000    -0.01088    -0.02441     0.04356     0.00000     0.00000     0.00000     0.37864     0.00000
     0.35500    -0.01071    -0.02405     0.04287     0.00000     0.00000     0.00000     0.37586     0.00000
     0.36000    -0.01055    -0.02370     0.04219     0.00000     0.00000     0.00000     0.37310     0.00000
     0.36500    -0.01038    -0.02336     0.04152     0.00000     0.00000     0.00000     0.37037     0.00000
     0.37000    -0.01022    -0.02302     0.04086     0.00000     0.00000     0.00000     0.36767     0.00000
     0.37500    -0.01007    -0.02268     0.04021     0.00000     0.00000     0.00000     0.36500     0.00000
     0.38000    -0.00991    -0.02236     0.03957     0.00000     0.00000     0.00000     0.36236     0.00000
     0.38500    -0.00976    -0.02203     0.03895     0.00000     0.00000     0.00000     0.35975     0.00000
     0.39000    -0.00961    -0.02172     0.03834     0.00000     0.00000     0.00000     0.35717     0.00000
     0.39500    -0.00947    -0.02140     0.03773     0.00000     0.00000     0.00000     0.35461     0.00000
     0.40000    -0.00932    -0.02109     0.03714     0.00000     0.00000     0.00000     0.35208     0.00000
     0.40500    -0.00918    -0.02079     0.03656     0.00000     0.00000     0.00000     0.34958     0.00000
     0.41000    -0.00904    -0.02049     0.03599     0.00000     0.00000     0.00000     0.34711     0.00000
     0.41500    -0.00891    -0.02020     0.03542     0.00000     0.00000     0.00000     0.34466     0.00000
     0.42000    -0.00877    -0.01991     0.03487     0.00000     0.00000     0.00000     0.34223     0.00000
     0.42500    -0.00864    -0.01963     0.03433     0.00000     0.00000     0.00000     0.33984     0.00000
     0.43000    -0.00851    -0.01935     0.03379     0.00000     0.00000     0.00000     0.33746     0.00000
     0.43500    -0.00838    -0.01908     0.03327     0.00000     0.00000     0.00000     0.33512     0.00000
     0.44000    -0.00826    -0.01881     0.03275     0.00000     0.00000     0.00000     0.33279     0.00000
     0.44500    -0.00813    -0.01854     0.03225     0.00000     0.00000     0.00000     0.33049     0.00000
     0.45000    -0.00801    -0.01828     0.03175     0.00000     0.00000     0.00000     0.32822     0.00000
     0.45500    -0.00789    -0.01802     0.03126     0.00000     0.00000     0.00000     0.32597     0.00000
     0.46000    -0.00777    -0.01777     0.03078     0.00000     0.00000     0.00000     0.32374     0.00000
     0.46500    -0.00766    -0.01752     0.03030     0.00000     0.00000     0.00000     0.32153     0.00000
     0.47000    -0.00754    -0.01727     0.02984     0.00000     0.00000     0.00000     0.31935     0.00000
     0.47500    -0.00743    -0.01703     0.02938     0.00000     0.00000     0.00000     0.31719     0.00000
     0.48000    -0.00732    -0.01679     0.02893     0.00000     0.00000     0.00000     0.31505     0.00000
     0.48500    -0.00722    -0.01656     0.02849     0.00000     0.00000     0.00000     0.31293     0.00000
     0.49000    -0.00711    -0.01632     0.02806     0.00000     0.00000     0.00000     0.31083     0.00000
     0.49500    -0.00700    -0.01610     0.02763     0.00000     0.00000     0.00000     0.30876     0.00000
     0.50000    -0.00690    -0.01587     0.02721     0.00000     0.00000     0.00000     0.30670     0.00000
     0.50500    -0.00680    -0.01565     0.02679     0.00000     0.00000     0.00000     0.30467     0.00000
     0.51000    -0.00670    -0.01544     0.02639     0.00000     0.00000     0.00000     0.30265     0.00000
     0.51500    -0.00660    -0.01522     0.02599     0.00000     0.00000     0.00000     0.30066     0.00000
     0.52000    -0.00651    -0.01501     0.02560     0.00000     0.00000     0.00000     0.29868     0.00000
     0.52500    -0.00641    -0.01480     0.02521     0.00000     0.00000     0.00000     0.29673     0.00000
     0.53000    -0.00632    -0.01460     0.02483     0.00000     0.00000     0.00000     0.29479     0.00000
     0.53500    -0.00623    -0.01440     0.02445     0.00000     0.00000     0.00000     0.29288     0.00000
     0.54000    -0.00614    -0.01420     0.02409     0.00000     0.00000     0.00000     0.29098     0.00000
     0.54500    -0.00605    -0.01401     0.02373     0.00000     0.00000     0.00000     0.28910     0.00000
     0.55000    -0.00596    -0.01381     0.02337     0.00000     0.00000     0.00000     0.28723     0.00000
     0.55500    -0.00587    -0.01362     0.02302     0.00000     0.00000     0.00000     0.28539     0.00000
     0.56000    -0.00579    -0.01344     0.02268     0.00000     0.00000     0.00000     0.28356     0.00000
     0.56500    -0.00570    -0.01325     0.02234     0.00000     0.00000     0.00000     0.28175     0.00000
     0.57000    -0.00562    -0.01307     0.02200     0.00000     0.00000     0.00000     0.27996     0.00000
     0.57500    -0.00554    -0.01290     0.02168     0.00000     0.00000     0.00000     0.27819     0.00000
     0.58000    -0.00546    -0.01272     0.02135     0.00000     0.00000     0.00000     0.27643     0.00000
     0.58500    -0.00538    -0.01255     0.02104     0.00000     0.00000     0.00000     0.27469     0.00000
     0.59000    -0.00531    -0.01238     0.02072     0.00000     0.00000     0.00000     0.27296     0.00000
     0.59500    -0.00523    -0.01221     0.02042     0.00000     0.00000     0.00000     0.27126     0.00000
     0.60000    -0.00516    -0.01204     0.02011     0.00000     0.00000     0.00000     0.26956     0.00000
     0.60500    -0.00508    -0.01188     0.01982     0.00000     0.00000     0.00000     0.26789     0.00000
     0.61000    -0.00501    -0.01172     0.01952     0.00000     0.00000     0.00000     0.26622     0.00000
     0.61500    -0.00494    -0.01156     0.01924     0.00000     0.00000     0.00000     0.26458     0.00000
     0.62000    -0.00487    -0.01141     0.01895     0.00000     0.00000     0.00000     0.26295     0.00000
     0.62500    -0.00480    -0.01125     0.01867     0.00000     0.00000     0.00000     0.26133     0.00000
     0.63000    -0.00473    -0.01110     0.01840     0.00000     0.00000     0.00000     0.25973     0.00000
     0.63500    -0.00466    -0.01095     0.01813     0.00000     0.00000     0.00000     0.25815     0.00000
     0.64000    -0.00460    -0.01081     0.01786     0.00000     0.00000     0.00000     0.25657     0.00000
     0.64500    -0.00453    -0.01066     0.01760     0.00000     0.00000     0.00000     0.25502     0.00000
     0.65000    -0.00447    -0.01052     0.01734     0.00000     0.00000     0.00000     0.25347     0.00000
     0.65500    -0.00441    -0.01038     0.01709     0.00000     0.00000     0.00000     0.25194     0.00000
     0.66000    -0.00435    -0.01024     0.01684     0.00000     0.00000     0.00000     0.25043     0.00000
     0.66500    -0.00428    -0.01010     0.01660     0.00000     0.00000     0.00000     0.24893     0.00000
     0.67000    -0.00422    -0.00997     0.01635     0.00000     0.00000     0.00000     0.24744     0.00000
     0.67500    -0.00416    -0.00984     0.01612     0.00000     0.00000     0.00000     0.24596     0.00000
     0.68000    -0.00411    -0.00971     0.01588     0.00000     0.00000     0.00000     0.24450     0.00000
     0.68500    -0.00405    -0.00958     0.01565     0.00000     0.00000     0.00000     0.24305     0.00000
     0.69000    -0.00399    -0.00945     0.01543     0.00000     0.00000     0.00000     0.24162     0.00000
     0.69500    -0.00394    -0.00933     0.01520     0.00000     0.00000     0.00000     0.24019     0.00000
     0.70000    -0.00388    -0.00920     0.01498     0.00000     0.00000     0.00000     0.23878     0.00000
     0.70500    -0.00383    -0.00908     0.01477     0.00000     0.00000     0.00000     0.23738     0.00000
     0.71000    -0.00377    -0.00896     0.01455     0.00000     0.00000     0.00000     0.23600     0.00000
     0.71500    -0.00372    -0.00884     0.01434     0.00000     0.00000     0.00000     0.23462     0.00000
     0.72000    -0.00367    -0.00873     0.01414     0.00000     0.00000     0.00000     0.23326     0.00000
     0.72500    -0.00362    -0.00861     0.01393     0.00000     0.00000     0.00000     0.23191     0.00000
     0.73000    -0.00357    -0.00850     0.01373     0.00000     0.00000     0.00000     0.23057     0.00000
     0.73500    -0.00352    -0.00839     0.01354     0.00000     0.00000     0.00000     0.22925     0.00000
     0.74000    -0.00347    -0.00828     0.01334     0.00000     0.00000     0.00000     0.22793     0.00000
     0.74500    -0.00342    -0.00817     0.01315     0.00000     0.00000     0.00000     0.22663     0.00000
     0.75000    -0.00338    -0.00806     0.01296     0.00000     0.00000     0.00000     0.22533     0.00000
     0.75500    -0.00333    -0.00796     0.01278     0.00000     0.00000     0.00000     0.22405     0.00000
     0.76000    -0.00328    -0.00785     0.01260     0.00000     0.00000     0.00000     0.22278     0.00000
     0.76500    -0.00324    -0.00775     0.01242     0.00000     0.00000     0.00000     0.22152     0.00000
     0.77000    -0.00320    -0.00765     0.01224     0.00000     0.00000     0.00000     0.22027     0.00000
     0.77500    -0.00315    -0.00755     0.01206     0.00000     0.00000     0.00000     0.21903     0.00000
     0.78000    -0.00311    -0.00745     0.01189     0.00000     0.00000     0.00000     0.21780     0.00000
     0.78500    -0.00307    -0.00735     0.01172     0.00000     0.00000     0.00000     0.21658     0.00000
     0.79000    -0.00302    -0.00726     0.01156     0.00000     0.00000     0.00000     0.21537     0.00000
     0.79500    -0.00298    -0.00716     0.01139     0.00000     0.00000     0.00000     0.21418     0.00000
     0.80000    -0.00294    -0.00707     0.01123     0.00000     0.00000     0.00000     0.21299     0.00000
     0.80500    -0.00290    -0.00698     0.01107     0.00000     0.00000     0.00000     0.21181     0.00000
     0.81000    -0.00286    -0.00689     0.01092     0.00000     0.00000     0.00000     0.21064     0.00000
     0.81500    -0.00282    -0.00680     0.01076     0.00000     0.00000     0.00000     0.20948     0.00000
     0.82000    -0.00279    -0.00671     0.01061     0.00000     0.00000     0.00000     0.20833     0.00000
     0.82500    -0.00275    -0.00663     0.01046     0.00000     0.00000     0.00000     0.20719     0.00000
     0.83000    -0.00271    -0.00654     0.01031     0.00000     0.00000     0.00000     0.20606     0.00000
     0.83500    -0.00267    -0.00646     0.01017     0.00000     0.00000     0.00000     0.20494     0.00000
     0.84000    -0.00264    -0.00637     0.01003     0.00000     0.00000     0.00000     0.20383     0.00000
     0.84500    -0.00260    -0.00629     0.00989     0.00000     0.00000     0.00000     0.20272     0.00000
     0.85000    -0.00257    -0.00621     0.00975     0.00000     0.00000     0.00000     0.20163     0.00000
     0.85500    -0.00253    -0.00613     0.00961     0.00000     0.00000     0.00000     0.20054     0.00000
     0.86000    -0.00250    -0.00605     0.00948     0.00000     0.00000     0.00000     0.19947     0.00000
     0.86500    -0.00246    -0.00598     0.00934     0.00000     0.00000     0.00000     0.19840     0.00000
     0.87000    -0.00243    -0.00590     0.00921     0.00000     0.00000     0.00000     0.19734     0.00000
     0.87500    -0.00240    -0.00582     0.00908     0.00000     0.00000     0.00000     0.19629     0.00000
     0.88000    -0.00237    -0.00575     0.00896     0.00000     0.00000     0.00000     0.19525     0.00000
     0.88500    -0.00233    -0.00568     0.00883     0.00000     0.00000     0.00000     0.19421     0.00000
     0.89000    -0.00230    -0.00560     0.00871     0.00000     0.00000     0.00000     0.19319     0.00000
     0.89500    -0.00227    -0.00553     0.00859     0.00000     0.00000     0.00000     0.19217     0.00000
     0.90000    -0.00224    -0.00546     0.00847     0.00000     0.00000     0.00000     0.19116     0.00000
     0.90500    -0.00221    -0.00539     0.00835     0.00000     0.00000     0.00000     0.19016     0.00000
     0.91000    -0.00218    -0.00532     0.00823     0.00000     0.00000     0.00000     0.18916     0.00000
     0.91500    -0.00215    -0.00526     0.00812     0.00000     0.00000     0.00000     0.18817     0.00000
     0.92000    -0.00212    -0.00519     0.00801     0.00000     0.00000     0.00000     0.18720     0.00000
     0.92500    -0.00210    -0.00512     0.00790     0.00000     0.00000     0.00000     0.18622     0.00000
     0.93000    -0.00207    -0.00506     0.00779     0.00000     0.00000     0.00000     0.18526     0.00000
     0.93500    -0.00204    -0.00499     0.00768     0.00000     0.00000     0.00000     0.18431     0.00000
     0.94000    -0.00201    -0.00493     0.00757     0.00000     0.00000     0.00000     0.18336     0.00000
     0.94500    -0.00199    -0.00487     0.00747     0.00000     0.00000     0.00000     0.18241     0.00000
     0.95000    -0.00196    -0.00481     0.00737     0.00000     0.00000     0.00000     0.18148     0.00000
     0.95500    -0.00193    -0.00475     0.00726     0.00000     0.00000     0.00000     0.18055     0.00000
     0.96000    -0.00191    -0.00469     0.00716     0.00000     0.00000     0.00000     0.17963     0.00000
     0.96500    -0.00188    -0.00463     0.00707     0.00000     0.00000     0.00000     0.17872     0.00000
     0.97000    -0.00186    -0.00457     0.00697     0.00000     0.00000     0.00000     0.17781     0.00000
     0.97500    -0.00183    -0.00451     0.00687     0.00000     0.00000     0.00000     0.17692     0.00000
     0.98000    -0.00181    -0.00446     0.00678     0.00000     0.00000     0.00000     0.17602     0.00000
     0.98500    -0.00179    -0.00440     0.00669     0.00000     0.00000     0.00000     0.17514     0.00000
     0.99000    -0.00176    -0.00434     0.00659     0.00000     0.00000     0.00000     0.17426     0.00000
     0.99500    -0.00174    -0.00429     0.00650     0.00000     0.00000     0.00000     0.17339     0.00000
     1.00000    -0.00172    -0.00424     0.00641     0.00000     0.00000     0.00000     0.17252     0.00000
     1.00500    -0.00169    -0.00418     0.00633     0.00000     0.00000     0.00000     0.17166     0.00000
     1.01000    -0.00167    -0.00413     0.00624     0.00000     0.00000     0.00000     0.17081     0.00000
     1.01500    -0.00165    -0.00408     0.00616     0.00000     0.00000     0.00000     0.16996     0.00000
     1.02000    -0.00163    -0.00403     0.00607     0.00000     0.00000     0.00000     0.16912     0.00000
     1.02500    -0.00161    -0.00398     0.00599     0.00000     0.00000     0.00000     0.16829     0.00000
     1.03000    -0.00159    -0.00393     0.00591     0.00000     0.00000     0.00000     0.16746     0.00000
     1.03500    -0.00157    -0.00388     0.00583     0.00000     0.00000     0.00000     0.16664     0.00000
     1.04000    -0.00154    -0.00383     0.00575     0.00000     0.00000     0.00000     0.16582     0.00000
     1.04500    -0.00152    -0.00378     0.00567     0.00000     0.00000     0.00000     0.16501     0.00000
     1.05000    -0.00150    -0.00374     0.00559     0.00000     0.00000     0.00000     0.16421     0.00000
     1.05500    -0.00149    -0.00369     0.00552     0.00000     0.00000     0.00000     0.16341     0.00000
     1.06000    -0.00147    -0.00364     0.00544     0.00000     0.00000     0.00000     0.16262     0.00000
     1.06500    -0.00145    -0.00360     0.00537     0.00000     0.00000     0.00000     0.16183     0.00000
     1.07000    -0.00143    -0.00355     0.00529     0.00000     0.00000     0.00000     0.16105     0.00000
     1.07500    -0.00141    -0.00351     0.00522     0.00000     0.00000     0.00000     0.16027     0.00000
     1.08000    -0.00139    -0.00347     0.00515     0.00000     0.00000     0.00000     0.15950     0.00000
     1.08500    -0.00137    -0.00342     0.00508     0.00000     0.00000     0.00000     0.15874     0.00000
     1.09000    -0.00136    -0.00338     0.00501     0.00000     0.00000     0.00000     0.15798     0.00000
     1.09500    -0.00134    -0.00334     0.00495     0.00000     0.00000     0.00000     0.15723     0.00000
     1.10000    -0.00132    -0.00330     0.00488     0.00000     0.00000     0.00000     0.15648     0.00000
     1.10500    -0.00130    -0.00326     0.00481     0.00000     0.00000     0.00000     0.15574     0.00000
     1.11000    -0.00129    -0.00322     0.00475     0.00000     0.00000     0.00000     0.15500     0.00000
     1.11500    -0.00127    -0.00318     0.00469     0.00000     0.00000     0.00000     0.15427     0.00000
     1.12000    -0.00125    -0.00314     0.00462     0.00000     0.00000     0.00000     0.15354     0.00000
     1.12500    -0.00124    -0.00310     0.00456     0.00000     0.00000     0.00000     0.15282     0.00000
     1.13000    -0.00122    -0.00306     0.00450     0.00000     0.00000     0.00000     0.15210     0.00000
     1.13500    -0.00121    -0.00302     0.00444     0.00000     0.00000     0.00000     0.15139     0.00000
     1.14000    -0.00119    -0.00299     0.00438     0.00000     0.00000     0.00000     0.15069     0.00000
     1.14500    -0.00117    -0.00295     0.00432     0.00000     0.00000     0.00000     0.14998     0.00000
     1.15000    -0.00116    -0.00291     0.00426     0.00000     0.00000     0.00000     0.14929     0.00000
     1.15500    -0.00114    -0.00288     0.00421     0.00000     0.00000     0.00000     0.14860     0.00000
     1.16000    -0.00113    -0.00284     0.00415     0.00000     0.00000     0.00000     0.14791     0.00000
     1.16500    -0.00112    -0.00281     0.00409     0.00000     0.00000     0.00000     0.14723     0.00000
     1.17000    -0.00110    -0.00277     0.00404     0.00000     0.00000     0.00000     0.14655     0.00000
     1.17500    -0.00109    -0.00274     0.00398     0.00000     0.00000     0.00000     0.14588     0.00000
     1.18000    -0.00107    -0.00271     0.00393     0.00000     0.00000     0.00000     0.14521     0.00000
     1.18500    -0.00106    -0.00267     0.00388     0.00000     0.00000     0.00000     0.14454     0.00000
     1.19000    -0.00105    -0.00264     0.00383     0.00000     0.00000     0.00000     0.14388     0.00000
     1.19500    -0.00103    -0.00261     0.00378     0.00000     0.00000     0.00000     0.14323     0.00000
     1.20000    -0.00102    -0.00258     0.00373     0.00000     0.00000     0.00000     0.14258     0.00000
     1.20500    -0.00101    -0.00254     0.00368     0.00000     0.00000     0.00000     0.14193     0.00000
     1.21000    -0.00099    -0.00251     0.00363     0.00000     0.00000     0.00000     0.14129     0.00000
     1.21500    -0.00098    -0.00248     0.00358     0.00000     0.00000     0.00000     0.14065     0.00000
     1.22000    -0.00097    -0.00245     0.00353     0.00000     0.00000     0.00000     0.14002     0.00000
     1.22500    -0.00096    -0.00242     0.00349     0.00000     0.00000     0.00000     0.13939     0.00000
     1.23000    -0.00094    -0.00239     0.00344     0.00000     0.00000     0.00000     0.13877     0.00000
     1.23500    -0.00093    -0.00236     0.00339     0.00000     0.00000     0.00000     0.13815     0.00000
     1.24000    -0.00092    -0.00234     0.00335     0.00000     0.00000     0.00000     0.13753     0.00000
     1.24500    -0.00091    -0.00231     0.00330     0.00000     0.00000     0.00000     0.13692     0.00000
     1.25000    -0.00090    -0.00228     0.00326     0.00000     0.00000     0.00000     0.13631     0.00000
     1.25500    -0.00089    -0.00225     0.00322     0.00000     0.00000     0.00000     0.13571     0.00000
     1.26000    -0.00087    -0.00222     0.00317     0.00000     0.00000     0.00000     0.13511     0.00000
     1.26500    -0.00086    -0.00220     0.00313     0.00000     0.00000     0.00000     0.13451     0.00000
     1.27000    -0.00085    -0.00217     0.00309     0.00000     0.00000     0.00000     0.13392     0.00000
     1.27500    -0.00084    -0.00214     0.00305     0.00000     0.00000     0.00000     0.13333     0.00000
     1.28000    -0.00083    -0.00212     0.00301     0.00000     0.00000     0.00000     0.13275     0.00000
     1.28500    -0.00082    -0.00209     0.00297     0.00000     0.00000     0.00000     0.13217     0.00000
     1.29000    -0.00081    -0.00207     0.00293     0.00000     0.00000     0.00000     0.13159     0.00000
     1.29500    -0.00080    -0.00204     0.00289     0.00000     0.00000     0.00000     0.13102     0.00000
     1.30000    -0.00079    -0.00202     0.00286     0.00000     0.00000     0.00000     0.13045     0.00000
     1.30500    -0.00078    -0.00199     0.00282     0.00000     0.00000     0.00000     0.12988     0.00000
     1.31000    -0.00077    -0.00197     0.00278     0.00000     0.00000     0.00000     0.12932     0.00000
     1.31500    -0.00076    -0.00195     0.00274     0.00000     0.00000     0.00000     0.12876     0.00000
     1.32000    -0.00075    -0.00192     0.00271     0.00000     0.00000     0.00000     0.12821     0.00000
     1.32500    -0.00074    -0.00190     0.00267     0.00000     0.00000     0.00000     0.12766     0.00000
     1.33000    -0.00073    -0.00188     0.00264     0.00000     0.00000     0.00000     0.12711     0.00000
     1.33500    -0.00072    -0.00185     0.00260     0.00000     0.00000     0.00000     0.12657     0.00000
     1.34000    -0.00071    -0.00183     0.00257     0.00000     0.00000     0.00000     0.12603     0.00000
     1.34500    -0.00070    -0.00181     0.00254     0.00000     0.00000     0.00000     0.12549     0.00000
     1.35000    -0.00070    -0.00179     0.00250     0.00000     0.00000     0.00000     0.12496     0.00000
     1.35500    -0.00069    -0.00177     0.00247     0.00000     0.00000     0.00000     0.12443     0.00000
     1.36000    -0.00068    -0.00175     0.00244     0.00000     0.00000     0.00000     0.12390     0.00000
     1.36500    -0.00067    -0.00172     0.00241     0.00000     0.00000     0.00000     0.12338     0.00000
     1.37000    -0.00066    -0.00170     0.00237     0.00000     0.00000     0.00000     0.12286     0.00000
     1.37500    -0.00065    -0.00168     0.00234     0.00000     0.00000     0.00000     0.12234     0.00000
     1.38000    -0.00064    -0.00166     0.00231     0.00000     0.00000     0.00000     0.12183     0.00000
     1.38500    -0.00064    -0.00164     0.00228     0.00000     0.00000     0.00000     0.12132     0.00000
     1.39000    -0.00063    -0.00162     0.00225     0.00000     0.00000     0.00000     0.12081     0.00000
     1.39500    -0.00062    -0.00160     0.00222     0.00000     0.00000     0.00000     0.12031     0.00000
     1.40000    -0.00061    -0.00158     0.00219     0.00000     0.00000     0.00000     0.11981     0.00000
     1.40500    -0.00061    -0.00157     0.00217     0.00000     0.00000     0.00000     0.11931     0.00000
     1.41000    -0.00060    -0.00155     0.00214     0.00000     0.00000     0.00000     0.11881     0.00000
     1.41500    -0.00059    -0.00153     0.00211     0.00000     0.00000     0.00000     0.11832     0.00000
     1.42000    -0.00058    -0.00151     0.00208     0.00000     0.00000     0.00000     0.11783     0.00000
     1.42500    -0.00058    -0.00149     0.00206     0.00000     0.00000     0.00000     0.11735     0.00000
     1.43000    -0.00057    -0.00147     0.00203     0.00000     0.00000     0.00000     0.11687     0.00000
     1.43500    -0.00056    -0.00146     0.00200     0.00000     0.00000     0.00000     0.11639     0.00000
     1.44000    -0.00055    -0.00144     0.00198     0.00000     0.00000     0.00000     0.11591     0.00000
     1.44500    -0.00055    -0.00142     0.00195     0.00000     0.00000     0.00000     0.11544     0.00000
     1.45000    -0.00054    -0.00141     0.00193     0.00000     0.00000     0.00000     0.11497     0.00000
     1.45500    -0.00053    -0.00139     0.00190     0.00000     0.00000     0.00000     0.11450     0.00000
     1.46000    -0.00053    -0.00137     0.00188     0.00000     0.00000     0.00000     0.11403     0.00000
     1.46500    -0.00052    -0.00136     0.00185     0.00000     0.00000     0.00000     0.11357     0.00000
     1.47000    -0.00051    -0.00134     0.00183     0.00000     0.00000     0.00000     0.11311     0.00000
     1.47500    -0.00051    -0.00132     0.00180     0.00000     0.00000     0.00000     0.11265     0.00000
     1.48000    -0.00050    -0.00131     0.00178     0.00000     0.00000     0.00000     0.11220     0.00000
     1.48500    -0.00050    -0.00129     0.00176     0.00000     0.00000     0.00000     0.11175     0.00000
     1.49000    -0.00049    -0.00128     0.00174     0.00000     0.00000     0.00000     0.11130     0.00000
     1.49500    -0.00048    -0.00126     0.00171     0.00000     0.00000     0.00000     0.11086     0.00000
     1.50000    -0.00048    -0.00125     0.00169     0.00000     0.00000     0.00000     0.11041     0.00000
     1.50500    -0.00047    -0.00123     0.00167     0.00000     0.00000     0.00000     0.10997     0.00000
     1.51000    -0.00047    -0.00122     0.00165     0.00000     0.00000     0.00000     0.10953     0.00000
     1.51500    -0.00046    -0.00120     0.00163     0.00000     0.00000     0.00000     0.10910     0.00000
     1.52000    -0.00045    -0.00119     0.00161     0.00000     0.00000     0.00000     0.10867     0.00000
     1.52500    -0.00045    -0.00118     0.00158     0.00000     0.00000     0.00000     0.10824     0.00000
     1.53000    -0.00044    -0.00116     0.00156     0.00000     0.00000     0.00000     0.10781     0.00000
     1.53500    -0.00044    -0.00115     0.00154     0.00000     0.00000     0.00000     0.10738     0.00000
     1.54000    -0.00043    -0.00113     0.00152     0.00000     0.00000     0.00000     0.10696     0.00000
     1.54500    -0.00043    -0.00112     0.00151     0.00000     0.00000     0.00000     0.10654     0.00000
     1.55000    -0.00042    -0.00111     0.00149     0.00000     0.00000     0.00000     0.10613     0.00000
     1.55500    -0.00042    -0.00109     0.00147     0.00000     0.00000     0.00000     0.10571     0.00000
     1.56000    -0.00041    -0.00108     0.00145     0.00000     0.00000     0.00000     0.10530     0.00000
     1.56500    -0.00041    -0.00107     0.00143     0.00000     0.00000     0.00000     0.10489     0.00000
     1.57000    -0.00040    -0.00106     0.00141     0.00000     0.00000     0.00000     0.10448     0.00000
     1.57500    -0.00040    -0.00104     0.00139     0.00000     0.00000     0.00000     0.10407     0.00000
     1.58000    -0.00039    -0.00103     0.00138     0.00000     0.00000     0.00000     0.10367     0.00000
     1.58500    -0.00039    -0.00102     0.00136     0.00000     0.00000     0.00000     0.10327     0.00000
     1.59000    -0.00038    -0.00101     0.00134     0.00000     0.00000     0.00000     0.10287     0.00000
     1.59500    -0.00038    -0.00100     0.00132     0.00000     0.00000     0.00000     0.10248     0.00000
     1.60000    -0.00037    -0.00098     0.00131     0.00000     0.00000     0.00000     0.10208     0.00000
     1.60500    -0.00037    -0.00097     0.00129     0.00000     0.00000     0.00000     0.10169     0.00000
     1.61000    -0.00036    -0.00096     0.00127     0.00000     0.00000     0.00000     0.10130     0.00000
     1.61500    -0.00036    -0.00095     0.00126     0.00000     0.00000     0.00000     0.10092     0.00000
     1.62000    -0.00035    -0.00094     0.00124     0.00000     0.00000     0.00000     0.10053     0.00000
     1.62500    -0.00035    -0.00093     0.00123     0.00000     0.00000     0.00000     0.10015     0.00000
     1.63000    -0.00035    -0.00092     0.00121     0.00000     0.00000     0.00000     0.09977     0.00000
     1.63500    -0.00034    -0.00091     0.00119     0.00000     0.00000     0.00000     0.09939     0.00000
     1.64000    -0.00034    -0.00090     0.00118     0.00000     0.00000     0.00000     0.09901     0.00000
     1.64500    -0.00033    -0.00088     0.00116     0.00000     0.00000     0.00000     0.09864     0.00000
     1.65000    -0.00033    -0.00087     0.00115     0.00000     0.00000     0.00000     0.09827     0.00000
     1.65500    -0.00033    -0.00086     0.00113     0.00000     0.00000     0.00000     0.09790     0.00000
     1.66000    -0.00032    -0.00085     0.00112     0.00000     0.00000     0.00000     0.09753     0.00000
     1.66500    -0.00032    -0.00084     0.00111     0.00000     0.00000     0.00000     0.09716     0.00000
     1.67000    -0.00031    -0.00083     0.00109     0.00000     0.00000     0.00000     0.09680     0.00000
     1.67500    -0.00031    -0.00082     0.00108     0.00000     0.00000     0.00000     0.09644     0.00000
     1.68000    -0.00031    -0.00081     0.00106     0.00000     0.00000     0.00000     0.09608     0.00000
     1.68500    -0.00030    -0.00081     0.00105     0.00000     0.00000     0.00000     0.09572     0.00000
     1.69000    -0.00030    -0.00080     0.00104     0.00000     0.00000     0.00000     0.09537     0.00000
     1.69500    -0.00030    -0.00079     0.00102     0.00000     0.00000     0.00000     0.09501     0.00000
     1.70000    -0.00029    -0.00078     0.00101     0.00000     0.00000     0.00000     0.09466     0.00000
     1.70500    -0.00029    -0.00077     0.00100     0.00000     0.00000     0.00000     0.09431     0.00000
     1.71000    -0.00028    -0.00076     0.00099     0.00000     0.00000     0.00000     0.09396     0.00000
     1.71500    -0.00028    -0.00075     0.00097     0.00000     0.00000     0.00000     0.09362     0.00000
     1.72000    -0.00028    -0.00074     0.00096     0.00000     0.00000     0.00000     0.09327     0.00000
     1.72500    -0.00027    -0.00073     0.00095     0.00000     0.00000     0.00000     0.09293     0.00000
     1.73000    -0.00027    -0.00072     0.00094     0.00000     0.00000     0.00000     0.09259     0.00000
     1.73500    -0.00027    -0.00072     0.00093     0.00000     0.00000     0.00000     0.09225     0.00000
     1.74000    -0.00026    -0.00071     0.00091     0.00000     0.00000     0.00000     0.09192     0.00000
     1.74500    -0.00026    -0.00070     0.00090     0.00000     0.00000     0.00000     0.09158     0.00000
     1.75000    -0.00026    -0.00069     0.00089     0.00000     0.00000     0.00000     0.09125     0.00000
     1.75500    -0.00026    -0.00068     0.00088     0.00000     0.00000     0.00000     0.09092     0.00000
     1.76000    -0.00025    -0.00068     0.00087     0.00000     0.00000     0.00000     0.09059     0.00000
     1.76500    -0.00025    -0.00067     0.00086     0.00000     0.00000     0.00000     0.09026     0.00000
     1.77000    -0.00025    -0.00066     0.00085     0.00000     0.00000     0.00000     0.08994     0.00000
     1.77500    -0.00024    -0.00065     0.00084     0.00000     0.00000     0.00000     0.08961     0.00000
     1.78000    -0.00024    -0.00064     0.00083     0.00000     0.00000     0.00000     0.08929     0.00000
     1.78500    -0.00024    -0.00064     0.00082     0.00000     0.00000     0.00000     0.08897     0.00000
     1.79000    -0.00023    -0.00063     0.00080     0.00000     0.00000     0.00000     0.08865     0.00000
     1.79500    -0.00023    -0.00062     0.00079     0.00000     0.00000     0.00000     0.08834     0.00000
     1.80000    -0.00023    -0.00062     0.00078     0.00000     0.00000     0.00000     0.08802     0.00000
     1.80500    -0.00023    -0.00061     0.00077     0.00000     0.00000     0.00000     0.08771     0.00000
     1.81000    -0.00022    -0.00060     0.00077     0.00000     0.00000     0.00000     0.08740     0.00000
     1.81500    -0.00022    -0.00059     0.00076     0.00000     0.00000     0.00000     0.08708     0.00000
     1.82000    -0.00022    -0.00059     0.00075     0.00000     0.00000     0.00000     0.08678     0.00000
     1.82500    -0.00022    -0.00058     0.00074     0.00000     0.00000     0.00000     0.08647     0.00000
     1.83000    -0.00021    -0.00057     0.00073     0.00000     0.00000     0.00000     0.08616     0.00000
     1.83500    -0.00021    -0.00057     0.00072     0.00000     0.00000     0.00000     0.08586     0.00000
     1.84000    -0.00021    -0.00056     0.00071     0.00000     0.00000     0.00000     0.08556     0.00000
     1.84500    -0.00021    -0.00055     0.00070     0.00000     0.00000     0.00000     0.08526     0.00000
     1.85000    -0.00020    -0.00055     0.00069     0.00000     0.00000     0.00000     0.08496     0.00000
     1.85500    -0.00020    -0.00054     0.00068     0.00000     0.00000     0.00000     0.08466     0.00000
     1.86000    -0.00020    -0.00054     0.00067     0.00000     0.00000     0.00000     0.08437     0.00000
     1.86500    -0.00020    -0.00053     0.00067     0.00000     0.00000     0.00000     0.08407     0.00000
     1.87000    -0.00019    -0.00052     0.00066     0.00000     0.00000     0.00000     0.08378     0.00000
     1.87500    -0.00019    -0.00052     0.00065     0.00000     0.00000     0.00000     0.08349     0.00000
     1.88000    -0.00019    -0.00051     0.00064     0.00000     0.00000     0.00000     0.08320     0.00000
     1.88500    -0.00019    -0.00051     0.00063     0.00000     0.00000     0.00000     0.08291     0.00000
     1.89000    -0.00018    -0.00050     0.00063     0.00000     0.00000     0.00000     0.08262     0.00000
     1.89500    -0.00018    -0.00049     0.00062     0.00000     0.00000     0.00000     0.08234     0.00000
     1.90000    -0.00018    -0.00049     0.00061     0.00000     0.00000     0.00000     0.08205     0.00000
     1.90500    -0.00018    -0.00048     0.00060     0.00000     0.00000     0.00000     0.08177     0.00000
     1.91000    -0.00018    -0.00048     0.00059     0.00000     0.00000     0.00000     0.08149     0.00000
     1.91500    -0.00017    -0.00047     0.00059     0.00000     0.00000     0.00000     0.08121     0.00000
     1.92000    -0.00017    -0.00047     0.00058     0.00000     0.00000     0.00000     0.08093     0.00000
     1.92500    -0.00017    -0.00046     0.00057     0.00000     0.00000     0.00000     0.08066     0.00000
     1.93000    -0.00017    -0.00046     0.00057     0.00000     0.00000     0.00000     0.08038     0.00000
     1.93500    -0.00017    -0.00045     0.00056     0.00000     0.00000     0.00000     0.08011     0.00000
     1.94000    -0.00016    -0.00044     0.00055     0.00000     0.00000     0.00000     0.07984     0.00000
     1.94500    -0.00016    -0.00044     0.00055     0.00000     0.00000     0.00000     0.07957     0.00000
     1.95000    -0.00016    -0.00043     0.00054     0.00000     0.00000     0.00000     0.07930     0.00000
     1.95500    -0.00016    -0.00043     0.00053     0.00000     0.00000     0.00000     0.07903     0.00000
     1.96000    -0.00016    -0.00042     0.00053     0.00000     0.00000     0.00000     0.07876     0.00000
     1.96500    -0.00015    -0.00042     0.00052     0.00000     0.00000     0.00000     0.07850     0.00000
     1.97000    -0.00015    -0.00042     0.00051     0.00000     0.00000     0.00000     0.07823     0.00000
     1.97500    -0.00015    -0.00041     0.00051     0.00000     0.00000     0.00000     0.07797     0.00000
     1.98000    -0.00015    -0.00041     0.00050     0.00000     0.00000     0.00000     0.07771     0.00000
     1.98500    -0.00015    -0.00040     0.00049     0.00000     0.00000     0.00000     0.07745     0.00000
     1.99000    -0.00014    -0.00040     0.00049     0.00000     0.00000     0.00000     0.07719     0.00000
     1.99500    -0.00014    -0.00039     0.00048     0.00000     0.00000     0.00000     0.07693     0.00000
     2.00000    -0.00014    -0.00039     0.00048     0.00000     0.00000     0.00000     0.07668     0.00000
     2.00500    -0.00014    -0.00038     0.00047     0.00000     0.00000     0.00000     0.07642     0.00000
     2.01000    -0.00014    -0.00038     0.00046     0.00000     0.00000     0.00000     0.07617     0.00000
     2.01500    -0.00014    -0.00037     0.00046     0.00000     0.00000     0.00000     0.07591     0.00000
     2.02000    -0.00013    -0.00037     0.00045     0.00000     0.00000     0.00000     0.07566     0.00000
     2.02500    -0.00013    -0.00037     0.00045     0.00000     0.00000     0.00000     0.07541     0.00000
     2.03000    -0.00013    -0.00036     0.00044     0.00000     0.00000     0.00000     0.07516     0.00000
     2.03500    -0.00013    -0.00036     0.00044     0.00000     0.00000     0.00000     0.07492     0.00000
     2.04000    -0.00013    -0.00035     0.00043     0.00000     0.00000     0.00000     0.07467     0.00000
     2.04500    -0.00013    -0.00035     0.00042     0.00000     0.00000     0.00000     0.07443     0.00000
     2.05000    -0.00013    -0.00035     0.00042     0.00000     0.00000     0.00000     0.07418     0.00000
     2.05500    -0.00012    -0.00034     0.00041     0.00000     0.00000     0.00000     0.07394     0.00000
     2.06000    -0.00012    -0.00034     0.00041     0.00000     0.00000     0.00000     0.07370     0.00000
     2.06500    -0.00012    -0.00033     0.00040     0.00000     0.00000     0.00000     0.07346     0.00000
     2.07000    -0.00012    -0.00033     0.00040     0.00000     0.00000     0.00000     0.07322     0.00000
     2.07500    -0.00012    -0.00033     0.00039     0.00000     0.00000     0.00000     0.07298     0.00000
     2.08000    -0.00012    -0.00032     0.00039     0.00000     0.00000     0.00000     0.07274     0.00000
     2.08500    -0.00012    -0.00032     0.00038     0.00000     0.00000     0.00000     0.07251     0.00000
     2.09000    -0.00011    -0.00032     0.00038     0.00000     0.00000     0.00000     0.07227     0.00000
     2.09500    -0.00011    -0.00031     0.00038     0.00000     0.00000     0.00000     0.07204     0.00000
     2.10000    -0.00011    -0.00031     0.00037     0.00000     0.00000     0.00000     0.07181     0.00000
     2.10500    -0.00011    -0.00030     0.00037     0.00000     0.00000     0.00000     0.07158     0.00000
     2.11000    -0.00011    -0.00030     0.00036     0.00000     0.00000     0.00000     0.07135     0.00000
     2.11500    -0.00011    -0.00030     0.00036     0.00000     0.00000     0.00000     0.07112     0.00000
     2.12000    -0.00011    -0.00029     0.00035     0.00000     0.00000     0.00000     0.07089     0.00000
     2.12500    -0.00011    -0.00029     0.00035     0.00000     0.00000     0.00000     0.07066     0.00000
     2.13000    -0.00010    -0.00029     0.00034     0.00000     0.00000     0.00000     0.07044     0.00000
     2.13500    -0.00010    -0.00028     0.00034     0.00000     0.00000     0.00000     0.07021     0.00000
     2.14000    -0.00010    -0.00028     0.00034     0.00000     0.00000     0.00000     0.06999     0.00000
     2.14500    -0.00010    -0.00028     0.00033     0.00000     0.00000     0.00000     0.06977     0.00000
     2.15000    -0.00010    -0.00027     0.00033     0.00000     0.00000     0.00000     0.06955     0.00000
     2.15500    -0.00010    -0.00027     0.00032     0.00000     0.00000     0.00000     0.06933     0.00000
     2.16000    -0.00010    -0.00027     0.00032     0.00000     0.00000     0.00000     0.06911     0.00000
     2.16500    -0.00010    -0.00027     0.00032     0.00000     0.00000     0.00000     0.06889     0.00000
     2.17000    -0.00009    -0.00026     0.00031     0.00000     0.00000     0.00000     0.06867     0.00000
     2.17500    -0.00009    -0.00026     0.00031     0.00000     0.00000     0.00000     0.06846     0.00000
     2.18000    -0.00009    -0.00026     0.00030     0.00000     0.00000     0.00000     0.06824     0.00000
     2.18500    -0.00009    -0.00025     0.00030     0.00000     0.00000     0.00000     0.06803     0.00000
     2.19000    -0.00009    -0.00025     0.00030     0.00000     0.00000     0.00000     0.06781     0.00000
     2.19500    -0.00009    -0.00025     0.00029     0.00000     0.00000     0.00000     0.06760     0.00000
     2.20000    -0.00009    -0.00025     0.00029     0.00000     0.00000     0.00000     0.06739     0.00000
     2.20500    -0.00009    -0.00024     0.00029     0.00000     0.00000     0.00000     0.06718     0.00000
     2.21000    -0.00009    -0.00024     0.00028     0.00000     0.00000     0.00000     0.06697     0.00000
     2.21500    -0.00008    -0.00024     0.00028     0.00000     0.00000     0.00000     0.06676     0.00000
     2.22000    -0.00008    -0.00023     0.00028     0.00000     0.00000     0.00000     0.06656     0.00000
     2.22500    -0.00008    -0.00023     0.00027     0.00000     0.00000     0.00000     0.06635     0.00000
     2.23000    -0.00008    -0.00023     0.00027     0.00000     0.00000     0.00000     0.06614     0.00000
     2.23500    -0.00008    -0.00023     0.00027     0.00000     0.00000     0.00000     0.06594     0.00000
     2.24000    -0.00008    -0.00022     0.00026     0.00000     0.00000     0.00000     0.06574     0.00000
     2.24500    -0.00008    -0.00022     0.00026     0.00000     0.00000     0.00000     0.06553     0.00000
     2.25000    -0.00008    -0.00022     0.00026     0.00000     0.00000     0.00000     0.06533     0.00000
     2.25500    -0.00008    -0.00022     0.00025     0.00000     0.00000     0.00000     0.06513     0.00000
     2.26000    -0.00008    -0.00021     0.00025     0.00000     0.00000     0.00000     0.06493     0.00000
     2.26500    -0.00008    -0.00021     0.00025     0.00000     0.00000     0.00000     0.06473     0.00000
     2.27000    -0.00007    -0.00021     0.00024     0.00000     0.00000     0.00000     0.06454     0.00000
     2.27500    -0.00007    -0.00021     0.00024     0.00000     0.00000     0.00000     0.06434     0.00000
     2.28000    -0.00007    -0.00020     0.00024     0.00000     0.00000     0.00000     0.06414     0.00000
     2.28500    -0.00007    -0.00020     0.00024     0.00000     0.00000     0.00000     0.06395     0.00000
     2.29000    -0.00007    -0.00020     0.00023     0.00000     0.00000     0.00000     0.06375     0.00000
     2.29500    -0.00007    -0.00020     0.00023     0.00000     0.00000     0.00000     0.06356     0.00000
     2.30000    -0.00007    -0.00020     0.00023     0.00000     0.00000     0.00000     0.06337     0.00000
     2.30500    -0.00007    -0.00019     0.00022     0.00000     0.00000     0.00000     0.06318     0.00000
     2.31000    -0.00007    -0.00019     0.00022     0.00000     0.00000     0.00000     0.06299     0.00000
     2.31500    -0.00007    -0.00019     0.00022     0.00000     0.00000     0.00000     0.06280     0.00000
     2.32000    -0.00007    -0.00019     0.00022     0.00000     0.00000     0.00000     0.06261     0.00000
     2.32500    -0.00007    -0.00018     0.00021     0.00000     0.00000     0.00000     0.06242     0.00000
     2.33000    -0.00006    -0.00018     0.00021     0.00000     0.00000     0.00000     0.06223     0.00000
     2.33500    -0.00006    -0.00018     0.00021     0.00000     0.00000     0.00000     0.06205     0.00000
     2.34000    -0.00006    -0.00018     0.00021     0.00000     0.00000     0.00000     0.06186     0.00000
     2.34500    -0.00006    -0.00018     0.00020     0.00000     0.00000     0.00000     0.06167     0.00000
     2.35000    -0.00006    -0.00017     0.00020     0.00000     0.00000     0.00000     0.06149     0.00000
     2.35500    -0.00006    -0.00017     0.00020     0.00000     0.00000     0.00000     0.06131     0.00000
     2.36000    -0.00006    -0.00017     0.00020     0.00000     0.00000     0.00000     0.06113     0.00000
     2.36500    -0.00006    -0.00017     0.00019     0.00000     0.00000     0.00000     0.06094     0.00000
     2.37000    -0.00006    -0.00017     0.00019     0.00000     0.00000     0.00000     0.06076     0.00000
     2.37500    -0.00006    -0.00016     0.00019     0.00000     0.00000     0.00000     0.06058     0.00000
     2.38000    -0.00006    -0.00016     0.00019     0.00000     0.00000     0.00000     0.06040     0.00000
     2.38500    -0.00006    -0.00016     0.00018     0.00000     0.00000     0.00000     0.06023     0.00000
     2.39000    -0.00006    -0.00016     0.00018     0.00000     0.00000     0.00000     0.06005     0.00000
     2.39500    -0.00006    -0.00016     0.00018     0.00000     0.00000     0.00000     0.05987     0.00000
     2.40000    -0.00006    -0.00016     0.00018     0.00000     0.00000     0.00000     0.05970     0.00000
     2.40500    -0.00005    -0.00015     0.00018     0.00000     0.00000     0.00000     0.05952     0.00000
     2.41000    -0.00005    -0.00015     0.00017     0.00000     0.00000     0.00000     0.05935     0.00000
     2.41500    -0.00005    -0.00015     0.00017     0.00000     0.00000     0.00000     0.05917     0.00000
     2.42000    -0.00005    -0.00015     0.00017     0.00000     0.00000     0.00000     0.05900     0.00000
     2.42500    -0.00005    -0.00015     0.00017     0.00000     0.00000     0.00000     0.05883     0.00000
     2.43000    -0.00005    -0.00015     0.00017     0.00000     0.00000     0.00000     0.05866     0.00000
     2.43500    -0.00005    -0.00014     0.00016     0.00000     0.00000     0.00000     0.05849     0.00000
     2.44000    -0.00005    -0.00014     0.00016     0.00000     0.00000     0.00000     0.05832     0.00000
     2.44500    -0.00005    -0.00014     0.00016     0.00000     0.00000     0.00000     0.05815     0.00000
     2.45000    -0.00005    -0.00014     0.00016     0.00000     0.00000     0.00000     0.05798     0.00000
     2.45500    -0.00005    -0.00014     0.00016     0.00000     0.00000     0.00000     0.05781     0.00000
     2.46000    -0.00005    -0.00014     0.00015     0.00000     0.00000     0.00000     0.05764     0.00000
     2.46500    -0.00005    -0.00013     0.00015     0.00000     0.00000     0.00000     0.05748     0.00000
     2.47000    -0.00005    -0.00013     0.00015     0.00000     0.00000     0.00000     0.05731     0.00000
     2.47500    -0.00005    -0.00013     0.00015     0.00000     0.00000     0.00000     0.05715     0.00000
     2.48000    -0.00005    -0.00013     0.00015     0.00000     0.00000     0.00000     0.05698     0.00000
     2.48500    -0.00005    -0.00013     0.00014     0.00000     0.00000     0.00000     0.05682     0.00000
     2.49000    -0.00004    -0.00013     0.00014     0.00000     0.00000     0.00000     0.05666     0.00000
     2.49500    -0.00004    -0.00013     0.00014     0.00000     0.00000     0.00000     0.05649     0.00000
     2.50000    -0.00004    -0.00012     0.00014     0.00000     0.00000     0.00000     0.05633     0.00000
     2.50500    -0.00004    -0.00012     0.00014     0.00000     0.00000     0.00000     0.05617     0.00000
     2.51000    -0.00004    -0.00012     0.00014     0.00000     0.00000     0.00000     0.05601     0.00000
     2.51500    -0.00004    -0.00012     0.00013     0.00000     0.00000     0.00000     0.05585     0.00000
     2.52000    -0.00004    -0.00012     0.00013     0.00000     0.00000     0.00000     0.05569     0.00000
     2.52500    -0.00004    -0.00012     0.00013     0.00000     0.00000     0.00000     0.05554     0.00000
     2.53000    -0.00004    -0.00012     0.00013     0.00000     0.00000     0.00000     0.05538     0.00000
     2.53500    -0.00004    -0.00011     0.00013     0.00000     0.00000     0.00000     0.05522     0.00000
     2.54000    -0.00004    -0.00011     0.00013     0.00000     0.00000     0.00000     0.05507     0.00000
     2.54500    -0.00004    -0.00011     0.00012     0.00000     0.00000     0.00000     0.05491     0.00000
     2.55000    -0.00004    -0.00011     0.00012     0.00000     0.00000     0.00000     0.05476     0.00000
     2.55500    -0.00004    -0.00011     0.00012     0.00000     0.00000     0.00000     0.05460     0.00000
     2.56000    -0.00004    -0.00011     0.00012     0.00000     0.00000     0.00000     0.05445     0.00000
     2.56500    -0.00004    -0.00011     0.00012     0.00000     0.00000     0.00000     0.05430     0.00000
     2.57000    -0.00004    -0.00011     0.00012     0.00000     0.00000     0.00000     0.05415     0.00000
     2.57500    -0.00004    -0.00011     0.00012     0.00000     0.00000     0.00000     0.05399     0.00000
     2.58000    -0.00004    -0.00010     0.00011     0.00000     0.00000     0.00000     0.05384     0.00000
     2.58500    -0.00004    -0.00010     0.00011     0.00000     0.00000     0.00000     0.05369     0.00000
     2.59000    -0.00004    -0.00010     0.00011     0.00000     0.00000     0.00000     0.05354     0.00000
     2.59500    -0.00003    -0.00010     0.00011     0.00000     0.00000     0.00000     0.05340     0.00000
     2.60000    -0.00003    -0.00010     0.00011     0.00000     0.00000     0.00000     0.05325     0.00000
     2.60500    -0.00003    -0.00010     0.00011     0.00000     0.00000     0.00000     0.05310     0.00000
     2.61000    -0.00003    -0.00010     0.00011     0.00000     0.00000     0.00000     0.05295     0.00000
     2.61500    -0.00003    -0.00010     0.00011     0.00000     0.00000     0.00000     0.05281     0.00000
     2.62000    -0.00003    -0.00009     0.00010     0.00000     0.00000     0.00000     0.05266     0.00000
     2.62500    -0.00003    -0.00009     0.00010     0.00000     0.00000     0.00000     0.05252     0.00000
     2.63000    -0.00003    -0.00009     0.00010     0.00000     0.00000     0.00000     0.05237     0.00000
     2.63500    -0.00003    -0.00009     0.00010     0.00000     0.00000     0.00000     0.05223     0.00000
     2.64000    -0.00003    -0.00009     0.00010     0.00000     0.00000     0.00000     0.05208     0.00000
     2.64500    -0.00003    -0.00009     0.00010     0.00000     0.00000     0.00000     0.05194     0.00000
     2.65000    -0.00003    -0.00009     0.00010     0.00000     0.00000     0.00000     0.05180     0.00000
     2.65500    -0.00003    -0.00009     0.00010     0.00000     0.00000     0.00000     0.05166     0.00000
     2.66000    -0.00003    -0.00009     0.00009     0.00000     0.00000     0.00000     0.05152     0.00000
     2.66500    -0.00003    -0.00009     0.00009     0.00000     0.00000     0.00000     0.05137     0.00000
     2.67000    -0.00003    -0.00008     0.00009     0.00000     0.00000     0.00000     0.05124     0.00000
     2.67500    -0.00003    -0.00008     0.00009     0.00000     0.00000     0.00000     0.05110     0.00000
     2.68000    -0.00003    -0.00008     0.00009     0.00000     0.00000     0.00000     0.05096     0.00000
     2.68500    -0.00003    -0.00008     0.00009     0.00000     0.00000     0.00000     0.05082     0.00000
     2.69000    -0.00003    -0.00008     0.00009     0.00000     0.00000     0.00000     0.05068     0.00000
     2.69500    -0.00003    -0.00008     0.00009     0.00000     0.00000     0.00000     0.05054     0.00000
     2.70000    -0.00003    -0.00008     0.00009     0.00000     0.00000     0.00000     0.05041     0.00000
     2.70500    -0.00003    -0.00008     0.00008     0.00000     0.00000     0.00000     0.05027     0.00000
     2.71000    -0.00003    -0.00008     0.00008     0.00000     0.00000     0.00000     0.05014     0.00000
     2.71500    -0.00003    -0.00008     0.00008     0.00000     0.00000     0.00000     0.05000     0.00000
     2.72000    -0.00003    -0.00008     0.00008     0.00000     0.00000     0.00000     0.04987     0.00000
     2.72500    -0.00003    -0.00008     0.00008     0.00000     0.00000     0.00000     0.04973     0.00000
     2.73000    -0.00003    -0.00007     0.00008     0.00000     0.00000     0.00000     0.04960     0.00000
     2.73500    -0.00003    -0.00007     0.00008     0.00000     0.00000     0.00000     0.04947     0.00000
     2.74000    -0.00003    -0.00007     0.00008     0.00000     0.00000     0.00000     0.04934     0.00000
     2.74500    -0.00002    -0.00007     0.00008     0.00000     0.00000     0.00000     0.04920     0.00000
     2.75000    -0.00002    -0.00007     0.00008     0.00000     0.00000     0.00000     0.04907     0.00000
     2.75500    -0.00002    -0.00007     0.00008     0.00000     0.00000     0.00000     0.04894     0.00000
     2.76000    -0.00002    -0.00007     0.00007     0.00000     0.00000     0.00000     0.04881     0.00000
     2.76500    -0.00002    -0.00007     0.00007     0.00000     0.00000     0.00000     0.04868     0.00000
     2.77000    -0.00002    -0.00007     0.00007     0.00000     0.00000     0.00000     0.04855     0.00000
     2.77500    -0.00002    -0.00007     0.00007     0.00000     0.00000     0.00000     0.04842     0.00000
     2.78000    -0.00002    -0.00007     0.00007     0.00000     0.00000     0.00000     0.04830     0.00000
     2.78500    -0.00002    -0.00007     0.00007     0.00000     0.00000     0.00000     0.04817     0.00000
     2.79000    -0.00002    -0.00007     0.00007     0.00000     0.00000     0.00000     0.04804     0.00000
     2.79500    -0.00002    -0.00006     0.00007     0.00000     0.00000     0.00000     0.04792     0.00000
     2.80000    -0.00002    -0.00006     0.00007     0.00000     0.00000     0.00000     0.04779     0.00000
     2.80500    -0.00002    -0.00006     0.00007     0.00000     0.00000     0.00000     0.04766     0.00000
     2.81000    -0.00002    -0.00006     0.00007     0.00000     0.00000     0.00000     0.04754     0.00000
     2.81500    -0.00002    -0.00006     0.00007     0.00000     0.00000     0.00000     0.04741     0.00000
     2.82000    -0.00002    -0.00006     0.00006     0.00000     0.00000     0.00000     0.04729     0.00000
     2.82500    -0.00002    -0.00006     0.00006     0.00000     0.00000     0.00000     0.04717     0.00000
     2.83000    -0.00002    -0.00006     0.00006     0.00000     0.00000     0.00000     0.04704     0.00000
     2.83500    -0.00002    -0.00006     0.00006     0.00000     0.00000     0.00000     0.04692     0.00000
     2.84000    -0.00002    -0.00006     0.00006     0.00000     0.00000     0.00000     0.04680     0.00000
     2.84500    -0.00002    -0.00006     0.00006     0.00000     0.00000     0.00000     0.04668     0.00000
     2.85000    -0.00002    -0.00006     0.00006     0.00000     0.00000     0.00000     0.04656     0.00000
     2.85500    -0.00002    -0.00006     0.00006     0.00000     0.00000     0.00000     0.04644     0.00000
     2.86000    -0.00002    -0.00006     0.00006     0.00000     0.00000     0.00000     0.04632     0.00000
     2.86500    -0.00002    -0.00006     0.00006     0.00000     0.00000     0.00000     0.04620     0.00000
     2.87000    -0.00002    -0.00005     0.00006     0.00000     0.00000     0.00000     0.04608     0.00000
     2.87500    -0.00002    -0.00005     0.00006     0.00000     0.00000     0.00000     0.04596     0.00000
     2.88000    -0.00002    -0.00005     0.00006     0.00000     0.00000     0.00000     0.04584     0.00000
     2.88500    -0.00002    -0.00005     0.00006     0.00000     0.00000     0.00000     0.04572     0.00000
     2.89000    -0.00002    -0.00005     0.00005     0.00000     0.00000     0.00000     0.04560     0.00000
     2.89500    -0.00002    -0.00005     0.00005     0.00000     0.00000     0.00000     0.04549     0.00000
     2.90000    -0.00002    -0.00005     0.00005     0.00000     0.00000     0.00000     0.04537     0.00000
     2.90500    -0.00002    -0.00005     0.00005     0.00000     0.00000     0.00000     0.04525     0.00000
     2.91000    -0.00002    -0.00005     0.00005     0.00000     0.00000     0.00000     0.04514     0.00000
     2.91500    -0.00002    -0.00005     0.00005     0.00000     0.00000     0.00000     0.04502     0.00000
     2.92000    -0.00002    -0.00005     0.00005     0.00000     0.00000     0.00000     0.04491     0.00000
     2.92500    -0.00002    -0.00005     0.00005     0.00000     0.00000     0.00000     0.04479     0.00000
     2.93000    -0.00002    -0.00005     0.00005     0.00000     0.00000     0.00000     0.04468     0.00000
     2.93500    -0.00002    -0.00005     0.00005     0.00000     0.00000     0.00000     0.04457     0.00000
     2.94000    -0.00002    -0.00005     0.00005     0.00000     0.00000     0.00000     0.04445     0.00000
     2.94500    -0.00002    -0.00005     0.00005     0.00000     0.00000     0.00000     0.04434     0.00000
     2.95000    -0.00002    -0.00005     0.00005     0.00000     0.00000     0.00000     0.04423     0.00000
     2.95500    -0.00002    -0.00005     0.00005     0.00000     0.00000     0.00000     0.04412     0.00000
     2.96000    -0.00002    -0.00004     0.00005     0.00000     0.00000     0.00000     0.04401     0.00000
     2.96500    -0.00001    -0.00004     0.00005     0.00000     0.00000     0.00000     0.04389     0.00000
     2.97000    -0.00001    -0.00004     0.00005     0.00000     0.00000     0.00000     0.04378     0.00000
     2.97500    -0.00001    -0.00004     0.00004     0.00000     0.00000     0.00000     0.04367     0.00000
     2.98000    -0.00001    -0.00004     0.00004     0.00000     0.00000     0.00000     0.04356     0.00000
     2.98500    -0.00001    -0.00004     0.00004     0.00000     0.00000     0.00000     0.04346     0.00000
     2.99000    -0.00001    -0.00004     0.00004     0.00000     0.00000     0.00000     0.04335     0.00000
     2.99500    -0.00001    -0.00004     0.00004     0.00000     0.00000     0.00000     0.04324     0.00000
     3.00000    -0.00001    -0.00004     0.00004     0.00000     0.00000     0.00000     0.04313     0.00000
     3.00500    -0.00001    -0.00004     0.00004     0.00000     0.00000     0.00000     0.04302     0.00000
     3.01000    -0.00001    -0.00004     0.00004     0.00000     0.00000     0.00000     0.04292     0.00000
     3.01500    -0.00001    -0.00004     0.00004     0.00000     0.00000     0.00000     0.04281     0.00000
     3.02000    -0.00001    -0.00004     0.00004     0.00000     0.00000     0.00000     0.04270     0.00000
     3.02500    -0.00001    -0.00004     0.00004     0.00000     0.00000     0.00000     0.04260     0.00000
     3.03000    -0.00001    -0.00004     0.00004     0.00000     0.00000     0.00000     0.04249     0.00000
     3.03500    -0.00001    -0.00004     0.00004     0.00000     0.00000     0.00000     0.04239     0.00000
     3.04000    -0.00001    -0.00004     0.00004     0.00000     0.00000     0.00000     0.04228     0.00000
     3.04500    -0.00001    -0.00004     0.00004     0.00000     0.00000     0.00000     0.04218     0.00000
     3.05000    -0.00001    -0.00004     0.00004     0.00000     0.00000     0.00000     0.04207     0.00000
     3.05500    -0.00001    -0.00004     0.00004     0.00000     0.00000     0.00000     0.04197     0.00000
     3.06000    -0.00001    -0.00004     0.00004     0.00000     0.00000     0.00000     0.04186     0.00000
     3.06500    -0.00001    -0.00004     0.00004     0.00000     0.00000     0.00000     0.04176     0.00000
     3.07000    -0.00001    -0.00003     0.00004     0.00000     0.00000     0.00000     0.04166     0.00000
     3.07500    -0.00001    -0.00003     0.00004     0.00000     0.00000     0.00000     0.04156     0.00000
     3.08000    -0.00001    -0.00003     0.00003     0.00000     0.00000     0.00000     0.04146     0.00000
     3.08500    -0.00001    -0.00003     0.00003     0.00000     0.00000     0.00000     0.04135     0.00000
     3.09000    -0.00001    -0.00003     0.00003     0.00000     0.00000     0.00000     0.04125     0.00000
     3.09500    -0.00001    -0.00003     0.00003     0.00000     0.00000     0.00000     0.04115     0.00000
     3.10000    -0.00001    -0.00003     0.00003     0.00000     0.00000     0.00000     0.04105     0.00000
     3.10500    -0.00001    -0.00003     0.00003     0.00000     0.00000     0.00000     0.04095     0.00000
     3.11000    -0.00001    -0.00003     0.00003     0.00000     0.00000     0.00000     0.04085     0.00000
     3.11500    -0.00001    -0.00003     0.00003     0.00000     0.00000     0.00000     0.04075     0.00000
     3.12000    -0.00001    -0.00003     0.00003     0.00000     0.00000     0.00000     0.04065     0.00000
     3.12500    -0.00001    -0.00003     0.00003     0.00000     0.00000     0.00000     0.04056     0.00000
     3.13000    -0.00001    -0.00003     0.00003     0.00000     0.00000     0.00000     0.04046     0.00000
     3.13500    -0.00001    -0.00003     0.00003     0.00000     0.00000     0.00000     0.04036     0.00000
     3.14000    -0.00001    -0.00003     0.00003     0.00000     0.00000     0.00000     0.04026     0.00000
     3.14500    -0.00001    -0.00003     0.00003     0.00000     0.00000     0.00000     0.04017     0.00000
     3.15000    -0.00001    -0.00003     0.00003     0.00000     0.00000     0.00000     0.04007     0.00000
     3.15500    -0.00001    -0.00003     0.00003     0.00000     0.00000     0.00000     0.03997     0.00000
     3.16000    -0.00001    -0.00003     0.00003     0.00000     0.00000     0.00000     0.03988     0.00000
     3.16500    -0.00001    -0.00003     0.00003     0.00000     0.00000     0.00000     0.03978     0.00000
     3.17000    -0.00001    -0.00003     0.00003     0.00000     0.00000     0.00000     0.03969     0.00000
     3.17500    -0.00001    -0.00003     0.00003     0.00000     0.00000     0.00000     0.03959     0.00000
     3.18000    -0.00001    -0.00003     0.00003     0.00000     0.00000     0.00000     0.03950     0.00000
     3.18500    -0.00001    -0.00003     0.00003     0.00000     0.00000     0.00000     0.03940     0.00000
     3.19000    -0.00001    -0.00003     0.00003     0.00000     0.00000     0.00000     0.03931     0.00000
     3.19500    -0.00001    -0.00003     0.00003     0.00000     0.00000     0.00000     0.03921     0.00000
     3.20000    -0.00001    -0.00003     0.00003     0.00000     0.00000     0.00000     0.03912     0.00000
     3.20500    -0.00001    -0.00003     0.00003     0.00000     0.00000     0.00000     0.03903     0.00000
     3.21000    -0.00001    -0.00003     0.00003     0.00000     0.00000     0.00000     0.03893     0.00000
     3.21500    -0.00001    -0.00003     0.00003     0.00000     0.00000     0.00000     0.03884     0.00000
     3.22000    -0.00001    -0.00003     0.00003     0.00000     0.00000     0.00000     0.03875     0.00000
     3.22500    -0.00001    -0.00002     0.00002     0.00000     0.00000     0.00000     0.03866     0.00000
     3.23000    -0.00001    -0.00002     0.00002     0.00000     0.00000     0.00000     0.03857     0.00000
     3.23500    -0.00001    -0.00002     0.00002     0.00000     0.00000     0.00000     0.03848     0.00000
     3.24000    -0.00001    -0.00002     0.00002     0.00000     0.00000     0.00000     0.03839     0.00000
     3.24500    -0.00001    -0.00002     0.00002     0.00000     0.00000     0.00000     0.03830     0.00000
     3.25000    -0.00001    -0.00002     0.00002     0.00000     0.00000     0.00000     0.03821     0.00000
     3.25500    -0.00001    -0.00002     0.00002     0.00000     0.00000     0.00000     0.03812     0.00000
     3.26000    -0.00001    -0.00002     0.00002     0.00000     0.00000     0.00000     0.03803     0.00000
     3.26500    -0.00001    -0.00002     0.00002     0.00000     0.00000     0.00000     0.03794     0.00000
     3.27000    -0.00001    -0.00002     0.00002     0.00000     0.00000     0.00000     0.03785     0.00000
     3.27500    -0.00001    -0.00002     0.00002     0.00000     0.00000     0.00000     0.03776     0.00000
     3.28000    -0.00001    -0.00002     0.00002     0.00000     0.00000     0.00000     0.03767     0.00000
     3.28500    -0.00001    -0.00002     0.00002     0.00000     0.00000     0.00000     0.03758     0.00000
     3.29000    -0.00001    -0.00002     0.00002     0.00000     0.00000     0.00000     0.03750     0.00000
     3.29500    -0.00001    -0.00002     0.00002     0.00000     0.00000     0.00000     0.03741     0.00000
     3.30000    -0.00001    -0.00002     0.00002     0.00000     0.00000     0.00000     0.03732     0.00000
     3.30500    -0.00001    -0.00002     0.00002     0.00000     0.00000     0.00000     0.03724     0.00000
     3.31000    -0.00001    -0.00002     0.00002     0.00000     0.00000     0.00000     0.03715     0.00000
     3.31500    -0.00001    -0.00002     0.00002     0.00000     0.00000     0.00000     0.03706     0.00000
     3.32000    -0.00001    -0.00002     0.00002     0.00000     0.00000     0.00000     0.03698     0.00000
     3.32500    -0.00001    -0.00002     0.00002     0.00000     0.00000     0.00000     0.03689     0.00000
     3.33000    -0.00001    -0.00002     0.00002     0.00000     0.00000     0.00000     0.03681     0.00000
     3.33500    -0.00001    -0.00002     0.00002     0.00000     0.00000     0.00000     0.03672     0.00000
     3.34000    -0.00001    -0.00002     0.00002     0.00000     0.00000     0.00000     0.03664     0.00000
     3.34500    -0.00001    -0.00002     0.00002     0.00000     0.00000     0.00000     0.03655     0.00000
     3.35000    -0.00001    -0.00002     0.00002     0.00000     0.00000     0.00000     0.03647     0.00000
     3.35500    -0.00001    -0.00002     0.00002     0.00000     0.00000     0.00000     0.03639     0.00000
     3.36000    -0.00001    -0.00002     0.00002     0.00000     0.00000     0.00000     0.03630     0.00000
     3.36500    -0.00001    -0.00002     0.00002     0.00000     0.00000     0.00000     0.03622     0.00000
     3.37000    -0.00001    -0.00002     0.00002     0.00000     0.00000     0.00000     0.03614     0.00000
     3.37500    -0.00001    -0.00002     0.00002     0.00000     0.00000     0.00000     0.03605     0.00000
     3.38000    -0.00001    -0.00002     0.00002     0.00000     0.00000     0.00000     0.03597     0.00000
     3.38500    -0.00001    -0.00002     0.00002     0.00000     0.00000     0.00000     0.03589     0.00000
     3.39000    -0.00001    -0.00002     0.00002     0.00000     0.00000     0.00000     0.03581     0.00000
     3.39500    -0.00001    -0.00002     0.00002     0.00000     0.00000     0.00000     0.03573     0.00000
     3.40000    -0.00001    -0.00002     0.00002     0.00000     0.00000     0.00000     0.03564     0.00000
     3.40500    -0.00001    -0.00002     0.00002     0.00000     0.00000     0.00000     0.03556     0.00000
     3.41000    -0.00001    -0.00002     0.00002     0.00000     0.00000     0.00000     0.03548     0.00000
     3.41500    -0.00001    -0.00002     0.00002     0.00000     0.00000     0.00000     0.03540     0.00000
     3.42000    -0.00001    -0.00002     0.00002     0.00000     0.00000     0.00000     0.03532     0.00000
     3.42500    -0.00001    -0.00002     0.00002     0.00000     0.00000     0.00000     0.03524     0.00000
     3.43000    -0.00001    -0.00002     0.00002     0.00000     0.00000     0.00000     0.03516     0.00000
     3.43500    -0.00001    -0.00002     0.00002     0.00000     0.00000     0.00000     0.03508     0.00000
     3.44000    -0.00001    -0.00002     0.00001     0.00000     0.00000     0.00000     0.03501     0.00000
     3.44500    -0.00001    -0.00002     0.00001     0.00000     0.00000     0.00000     0.03493     0.00000
     3.45000     0.00000    -0.00002     0.00001     0.00000     0.00000     0.00000     0.03485     0.00000
     3.45500     0.00000    -0.00002     0.00001     0.00000     0.00000     0.00000     0.03477     0.00000
     3.46000     0.00000    -0.00001     0.00001     0.00000     0.00000     0.00000     0.03469     0.00000
     3.46500     0.00000    -0.00001     0.00001     0.00000     0.00000     0.00000     0.03461     0.00000
     3.47000     0.00000    -0.00001     0.00001     0.00000     0.00000     0.00000     0.03454     0.00000
     3.47500     0.00000    -0.00001     0.00001     0.00000     0.00000     0.00000     0.03446     0.00000
     3.48000     0.00000    -0.00001     0.00001     0.00000     0.00000     0.00000     0.03438     0.00000
     3.48500     0.00000    -0.00001     0.00001     0.00000     0.00000     0.00000     0.03431     0.00000
     3.49000     0.00000    -0.00001     0.00001     0.00000     0.00000     0.00000     0.03423     0.00000
     3.49500     0.00000    -0.00001     0.00001     0.00000     0.00000     0.00000     0.03415     0.00000
     3.50000     0.00000    -0.00001     0.00001     0.00000     0.00000     0.00000     0.03408     0.00000
     3.50500     0.00000    -0.00001     0.00001     0.00000     0.00000     0.00000     0.03400     0.00000
     3.51000     0.00000    -0.00001     0.00001     0.00000     0.00000     0.00000     0.03393     0.00000
     3.51500     0.00000    -0.00001     0.00001     0.00000     0.00000     0.00000     0.03385     0.00000
     3.52000     0.00000    -0.00001     0.00001     0.00000     0.00000     0.00000     0.03378     0.00000
     3.52500     0.00000    -0.00001     0.00001     0.00000     0.00000     0.00000     0.03370     0.00000
     3.53000     0.00000    -0.00001     0.00001     0.00000     0.00000     0.00000     0.03363     0.00000
     3.53500     0.00000    -0.00001     0.00001     0.00000     0.00000     0.00000     0.03355     0.00000
     3.54000     0.00000    -0.00001     0.00001     0.00000     0.00000     0.00000     0.03348     0.00000
     3.54500     0.00000    -0.00001     0.00001     0.00000     0.00000     0.00000     0.03341     0.00000
     3.55000     0.00000    -0.00001     0.00001     0.00000     0.00000     0.00000     0.03333     0.00000
     3.55500     0.00000    -0.00001     0.00001     0.00000     0.00000     0.00000     0.03326     0.00000
     3.56000     0.00000    -0.00001     0.00001     0.00000     0.00000     0.00000     0.03319     0.00000
     3.56500     0.00000    -0.00001     0.00001     0.00000     0.00000     0.00000     0.03311     0.00000
     3.57000     0.00000    -0.00001     0.00001     0.00000     0.00000     0.00000     0.03304     0.00000
     3.57500     0.00000    -0.00001     0.00001     0.00000     0.00000     0.00000     0.03297     0.00000
     3.58000     0.00000    -0.00001     0.00001     0.00000     0.00000     0.00000     0.03290     0.00000
     3.58500     0.00000    -0.00001     0.00001     0.00000     0.00000     0.00000     0.03283     0.00000
     3.59000     0.00000    -0.00001     0.00001     0.00000     0.00000     0.00000     0.03275     0.00000
     3.59500     0.00000    -0.00001     0.00001     0.00000     0.00000     0.00000     0.03268     0.00000
     3.60000     0.00000    -0.00001     0.00001     0.00000     0.00000     0.00000     0.03261     0.00000
     3.60500     0.00000    -0.00001     0.00001     0.00000     0.00000     0.00000     0.03254     0.00000
     3.61000     0.00000    -0.00001     0.00001     0.00000     0.00000     0.00000     0.03247     0.00000
     3.61500     0.00000    -0.00001     0.00001     0.00000     0.00000     0.00000     0.03240     0.00000
     3.62000     0.00000    -0.00001     0.00001     0.00000     0.00000     0.00000     0.03233     0.00000
     3.62500     0.00000    -0.00001     0.00001     0.00000     0.00000     0.00000     0.03226     0.00000
     3.63000     0.00000    -0.00001     0.00001     0.00000     0.00000     0.00000     0.03219     0.00000
     3.63500     0.00000    -0.00001     0.00001     0.00000     0.00000     0.00000     0.03212     0.00000
     3.64000     0.00000    -0.00001     0.00001     0.00000     0.00000     0.00000     0.03205     0.00000
     3.64500     0.00000    -0.00001     0.00001     0.00000     0.00000     0.00000     0.03198     0.00000
     3.65000     0.00000    -0.00001     0.00001     0.00000     0.00000     0.00000     0.03191     0.00000
     3.65500     0.00000    -0.00001     0.00001     0.00000     0.00000     0.00000     0.03185     0.00000
     3.66000     0.00000    -0.00001     0.00001     0.00000     0.00000     0.00000     0.03178     0.00000
     3.66500     0.00000    -0.00001     0.00001     0.00000     0.00000     0.00000     0.03171     0.00000
     3.67000     0.00000    -0.00001     0.00001     0.00000     0.00000     0.00000     0.03164     0.00000
     3.67500     0.00000    -0.00001     0.00001     0.00000     0.00000     0.00000     0.03157     0.00000
     3.68000     0.00000    -0.00001     0.00001     0.00000     0.00000     0.00000     0.03151     0.00000
     3.68500     0.00000    -0.00001     0.00001     0.00000     0.00000     0.00000     0.03144     0.00000
     3.69000     0.00000    -0.00001     0.00001     0.00000     0.00000     0.00000     0.03137     0.00000
     3.69500     0.00000    -0.00001     0.00001     0.00000     0.00000     0.00000     0.03131     0.00000
     3.70000     0.00000    -0.00001     0.00001     0.00000     0.00000     0.00000     0.03124     0.00000
     3.70500     0.00000    -0.00001     0.00001     0.00000     0.00000     0.00000     0.03117     0.00000
     3.71000     0.00000    -0.00001     0.00001     0.00000     0.00000     0.00000     0.03111     0.00000
     3.71500     0.00000    -0.00001     0.00001     0.00000     0.00000     0.00000     0.03104     0.00000
     3.72000     0.00000    -0.00001     0.00001     0.00000     0.00000     0.00000     0.03098     0.00000
     3.72500     0.00000    -0.00001     0.00001     0.00000     0.00000     0.00000     0.03091     0.00000
     3.73000     0.00000    -0.00001     0.00001     0.00000     0.00000     0.00000     0.03084     0.00000
     3.73500     0.00000    -0.00001     0.00001     0.00000     0.00000     0.00000     0.03078     0.00000
     3.74000     0.00000    -0.00001     0.00001     0.00000     0.00000     0.00000     0.03071     0.00000
     3.74500     0.00000    -0.00001     0.00001     0.00000     0.00000     0.00000     0.03065     0.00000
     3.75000     0.00000    -0.00001     0.00001     0.00000     0.00000     0.00000     0.03059     0.00000
     3.75500     0.00000    -0.00001     0.00001     0.00000     0.00000     0.00000     0.03052     0.00000
     3.76000     0.00000    -0.00001     0.00001     0.00000     0.00000     0.00000     0.03046     0.00000
     3.76500     0.00000    -0.00001     0.00001     0.00000     0.00000     0.00000     0.03039     0.00000
     3.77000     0.00000    -0.00001     0.00001     0.00000     0.00000     0.00000     0.03033     0.00000
     3.77500     0.00000    -0.00001     0.00001     0.00000     0.00000     0.00000     0.03027     0.00000
     3.78000     0.00000    -0.00001     0.00001     0.00000     0.00000     0.00000     0.03020     0.00000
     3.78500     0.00000    -0.00001     0.00001     0.00000     0.00000     0.00000     0.03014     0.00000
     3.79000     0.00000    -0.00001     0.00001     0.00000     0.00000     0.00000     0.03008     0.00000
     3.79500     0.00000    -0.00001     0.00001     0.00000     0.00000     0.00000     0.03001     0.00000
     3.80000     0.00000    -0.00001     0.00001     0.00000     0.00000     0.00000     0.02995     0.00000
     3.80500     0.00000    -0.00001     0.00001     0.00000     0.00000     0.00000     0.02989     0.00000
     3.81000     0.00000    -0.00001     0.00001     0.00000     0.00000     0.00000     0.02983     0.00000
     3.81500     0.00000    -0.00001     0.00001     0.00000     0.00000     0.00000     0.02977     0.00000
     3.82000     0.00000    -0.00001     0.00001     0.00000     0.00000     0.00000     0.02970     0.00000
     3.82500     0.00000    -0.00001     0.00001     0.00000     0.00000     0.00000     0.02964     0.00000
     3.83000     0.00000    -0.00001     0.00001     0.00000     0.00000     0.00000     0.02958     0.00000
     3.83500     0.00000    -0.00001     0.00001     0.00000     0.00000     0.00000     0.02952     0.00000
     3.84000     0.00000    -0.00001     0.00001     0.00000     0.00000     0.00000     0.02946     0.00000
     3.84500     0.00000    -0.00001     0.00001     0.00000     0.00000     0.00000     0.02940     0.00000
     3.85000     0.00000    -0.00001     0.00001     0.00000     0.00000     0.00000     0.02934     0.00000
     3.85500     0.00000    -0.00001     0.00001     0.00000     0.00000     0.00000     0.02928     0.00000
     3.86000     0.00000    -0.00001     0.00001     0.00000     0.00000     0.00000     0.02922     0.00000
     3.86500     0.00000    -0.00001     0.00001     0.00000     0.00000     0.00000     0.02916     0.00000
     3.87000     0.00000    -0.00001     0.00001     0.00000     0.00000     0.00000     0.02910     0.00000
     3.87500     0.00000    -0.00001     0.00001     0.00000     0.00000     0.00000     0.02904     0.00000
     3.88000     0.00000    -0.00001     0.00001     0.00000     0.00000     0.00000     0.02898     0.00000
     3.88500     0.00000    -0.00001     0.00001     0.00000     0.00000     0.00000     0.02892     0.00000
     3.89000     0.00000    -0.00001     0.00001     0.00000     0.00000     0.00000     0.02886     0.00000
     3.89500     0.00000    -0.00001     0.00001     0.00000     0.00000     0.00000     0.02880     0.00000
     3.90000     0.00000    -0.00001     0.00001     0.00000     0.00000     0.00000     0.02874     0.00000
     3.90500     0.00000    -0.00001     0.00001     0.00000     0.00000     0.00000     0.02868     0.00000
     3.91000     0.00000    -0.00001     0.00001     0.00000     0.00000     0.00000     0.02862     0.00000
     3.91500     0.00000    -0.00001     0.00000     0.00000     0.00000     0.00000     0.02857     0.00000
     3.92000     0.00000    -0.00001     0.00000     0.00000     0.00000     0.00000     0.02851     0.00000
     3.92500     0.00000    -0.00001     0.00000     0.00000     0.00000     0.00000     0.02845     0.00000
     3.93000     0.00000    -0.00001     0.00000     0.00000     0.00000     0.00000     0.02839     0.00000
     3.93500     0.00000    -0.00001     0.00000     0.00000     0.00000     0.00000     0.02834     0.00000
     3.94000     0.00000    -0.00001     0.00000     0.00000     0.00000     0.00000     0.02828     0.00000
     3.94500     0.00000    -0.00001     0.00000     0.00000     0.00000     0.00000     0.02822     0.00000
     3.95000     0.00000    -0.00001     0.00000     0.00000     0.00000     0.00000     0.02816     0.00000
     3.95500     0.00000    -0.00001     0.00000     0.00000     0.00000     0.00000     0.02811     0.00000
     3.96000     0.00000    -0.00001     0.00000     0.00000     0.00000     0.00000     0.02805     0.00000
     3.96500     0.00000     0.00000     0.00000     0.00000     0.00000     0.00000     0.02799     0.00000
     3.97000     0.00000     0.00000     0.00000     0.00000     0.00000     0.00000     0.02794     0.00000
     3.97500     0.00000     0.00000     0.00000     0.00000     0.00000     0.00000     0.02788     0.00000
     3.98000     0.00000     0.00000     0.00000     0.00000     0.00000     0.00000     0.02783     0.00000
     3.98500     0.00000     0.00000     0.00000     0.00000     0.00000     0.00000     0.02777     0.00000
     3.99000     0.00000     0.00000     0.00000     0.00000     0.00000     0.00000     0.02771     0.00000
     3.99500     0.00000     0.00000     0.00000     0.00000     0.00000     0.00000     0.02766     0.00000
     4.00000     0.00000     0.00000     0.00000     0.00000     0.00000     0.00000     0.02760     0.00000
