 # D33_1700 FF
     0.00000    -0.86534    -0.36357     1.29056     0.00000     0.00000     0.00000     0.83961     0.00000
     0.00500    -0.86107    -0.36014     1.27998     0.00000     0.00000     0.00000     0.83127     0.00000
     0.01000    -0.85678    -0.35672     1.26943     0.00000     0.00000     0.00000     0.82306     0.00000
     0.01500    -0.85249    -0.35332     1.25892     0.00000     0.00000     0.00000     0.81498     0.00000
     0.02000    -0.84818    -0.34992     1.24845     0.00000     0.00000     0.00000     0.80700     0.00000
     0.02500    -0.84387    -0.34654     1.23802     0.00000     0.00000     0.00000     0.79915     0.00000
     0.03000    -0.83955    -0.34318     1.22764     0.00000     0.00000     0.00000     0.79141     0.00000
     0.03500    -0.83523    -0.33983     1.21730     0.00000     0.00000     0.00000     0.78378     0.00000
     0.04000    -0.83090    -0.33649     1.20701     0.00000     0.00000     0.00000     0.77626     0.00000
     0.04500    -0.82657    -0.33317     1.19677     0.00000     0.00000     0.00000     0.76885     0.00000
     0.05000    -0.82223    -0.32987     1.18657     0.00000     0.00000     0.00000     0.76155     0.00000
     0.05500    -0.81789    -0.32658     1.17642     0.00000     0.00000     0.00000     0.75435     0.00000
     0.06000    -0.81355    -0.32331     1.16633     0.00000     0.00000     0.00000     0.74725     0.00000
     0.06500    -0.80920    -0.32006     1.15629     0.00000     0.00000     0.00000     0.74025     0.00000
     0.07000    -0.80486    -0.31682     1.14630     0.00000     0.00000     0.00000     0.73335     0.00000
     0.07500    -0.80051    -0.31361     1.13636     0.00000     0.00000     0.00000     0.72654     0.00000
     0.08000    -0.79617    -0.31041     1.12648     0.00000     0.00000     0.00000     0.71983     0.00000
     0.08500    -0.79183    -0.30724     1.11666     0.00000     0.00000     0.00000     0.71321     0.00000
     0.09000    -0.78748    -0.30408     1.10689     0.00000     0.00000     0.00000     0.70668     0.00000
     0.09500    -0.78315    -0.30095     1.09718     0.00000     0.00000     0.00000     0.70024     0.00000
     0.10000    -0.77881    -0.29783     1.08753     0.00000     0.00000     0.00000     0.69389     0.00000
     0.10500    -0.77448    -0.29473     1.07793     0.00000     0.00000     0.00000     0.68763     0.00000
     0.11000    -0.77015    -0.29166     1.06840     0.00000     0.00000     0.00000     0.68144     0.00000
     0.11500    -0.76582    -0.28861     1.05893     0.00000     0.00000     0.00000     0.67535     0.00000
     0.12000    -0.76150    -0.28557     1.04951     0.00000     0.00000     0.00000     0.66933     0.00000
     0.12500    -0.75719    -0.28256     1.04016     0.00000     0.00000     0.00000     0.66339     0.00000
     0.13000    -0.75288    -0.27957     1.03086     0.00000     0.00000     0.00000     0.65754     0.00000
     0.13500    -0.74857    -0.27661     1.02163     0.00000     0.00000     0.00000     0.65176     0.00000
     0.14000    -0.74428    -0.27366     1.01246     0.00000     0.00000     0.00000     0.64605     0.00000
     0.14500    -0.73999    -0.27074     1.00335     0.00000     0.00000     0.00000     0.64042     0.00000
     0.15000    -0.73570    -0.26784     0.99430     0.00000     0.00000     0.00000     0.63486     0.00000
     0.15500    -0.73143    -0.26496     0.98532     0.00000     0.00000     0.00000     0.62938     0.00000
     0.16000    -0.72716    -0.26211     0.97640     0.00000     0.00000     0.00000     0.62397     0.00000
     0.16500    -0.72291    -0.25927     0.96754     0.00000     0.00000     0.00000     0.61862     0.00000
     0.17000    -0.71866    -0.25646     0.95874     0.00000     0.00000     0.00000     0.61335     0.00000
     0.17500    -0.71442    -0.25367     0.95001     0.00000     0.00000     0.00000     0.60814     0.00000
     0.18000    -0.71019    -0.25091     0.94134     0.00000     0.00000     0.00000     0.60299     0.00000
     0.18500    -0.70597    -0.24817     0.93274     0.00000     0.00000     0.00000     0.59792     0.00000
     0.19000    -0.70176    -0.24545     0.92419     0.00000     0.00000     0.00000     0.59290     0.00000
     0.19500    -0.69756    -0.24275     0.91571     0.00000     0.00000     0.00000     0.58795     0.00000
     0.20000    -0.69337    -0.24007     0.90730     0.00000     0.00000     0.00000     0.58306     0.00000
     0.20500    -0.68920    -0.23742     0.89894     0.00000     0.00000     0.00000     0.57823     0.00000
     0.21000    -0.68503    -0.23479     0.89066     0.00000     0.00000     0.00000     0.57346     0.00000
     0.21500    -0.68088    -0.23219     0.88243     0.00000     0.00000     0.00000     0.56875     0.00000
     0.22000    -0.67673    -0.22960     0.87427     0.00000     0.00000     0.00000     0.56410     0.00000
     0.22500    -0.67260    -0.22704     0.86617     0.00000     0.00000     0.00000     0.55951     0.00000
     0.23000    -0.66849    -0.22451     0.85813     0.00000     0.00000     0.00000     0.55497     0.00000
     0.23500    -0.66438    -0.22199     0.85015     0.00000     0.00000     0.00000     0.55048     0.00000
     0.24000    -0.66029    -0.21950     0.84224     0.00000     0.00000     0.00000     0.54605     0.00000
     0.24500    -0.65621    -0.21703     0.83439     0.00000     0.00000     0.00000     0.54167     0.00000
     0.25000    -0.65215    -0.21458     0.82661     0.00000     0.00000     0.00000     0.53735     0.00000
     0.25500    -0.64809    -0.21216     0.81888     0.00000     0.00000     0.00000     0.53308     0.00000
     0.26000    -0.64406    -0.20975     0.81122     0.00000     0.00000     0.00000     0.52885     0.00000
     0.26500    -0.64003    -0.20737     0.80362     0.00000     0.00000     0.00000     0.52468     0.00000
     0.27000    -0.63602    -0.20501     0.79608     0.00000     0.00000     0.00000     0.52056     0.00000
     0.27500    -0.63202    -0.20268     0.78861     0.00000     0.00000     0.00000     0.51648     0.00000
     0.28000    -0.62804    -0.20036     0.78119     0.00000     0.00000     0.00000     0.51246     0.00000
     0.28500    -0.62408    -0.19807     0.77384     0.00000     0.00000     0.00000     0.50848     0.00000
     0.29000    -0.62012    -0.19580     0.76654     0.00000     0.00000     0.00000     0.50454     0.00000
     0.29500    -0.61619    -0.19355     0.75931     0.00000     0.00000     0.00000     0.50065     0.00000
     0.30000    -0.61226    -0.19133     0.75214     0.00000     0.00000     0.00000     0.49681     0.00000
     0.30500    -0.60836    -0.18912     0.74502     0.00000     0.00000     0.00000     0.49301     0.00000
     0.31000    -0.60447    -0.18694     0.73797     0.00000     0.00000     0.00000     0.48925     0.00000
     0.31500    -0.60059    -0.18477     0.73098     0.00000     0.00000     0.00000     0.48554     0.00000
     0.32000    -0.59673    -0.18263     0.72404     0.00000     0.00000     0.00000     0.48187     0.00000
     0.32500    -0.59288    -0.18051     0.71717     0.00000     0.00000     0.00000     0.47824     0.00000
     0.33000    -0.58905    -0.17841     0.71035     0.00000     0.00000     0.00000     0.47465     0.00000
     0.33500    -0.58524    -0.17633     0.70359     0.00000     0.00000     0.00000     0.47110     0.00000
     0.34000    -0.58144    -0.17427     0.69689     0.00000     0.00000     0.00000     0.46759     0.00000
     0.34500    -0.57766    -0.17224     0.69025     0.00000     0.00000     0.00000     0.46412     0.00000
     0.35000    -0.57390    -0.17022     0.68366     0.00000     0.00000     0.00000     0.46069     0.00000
     0.35500    -0.57015    -0.16822     0.67713     0.00000     0.00000     0.00000     0.45730     0.00000
     0.36000    -0.56642    -0.16625     0.67066     0.00000     0.00000     0.00000     0.45394     0.00000
     0.36500    -0.56270    -0.16429     0.66424     0.00000     0.00000     0.00000     0.45062     0.00000
     0.37000    -0.55900    -0.16235     0.65789     0.00000     0.00000     0.00000     0.44734     0.00000
     0.37500    -0.55532    -0.16043     0.65158     0.00000     0.00000     0.00000     0.44409     0.00000
     0.38000    -0.55165    -0.15854     0.64533     0.00000     0.00000     0.00000     0.44088     0.00000
     0.38500    -0.54800    -0.15666     0.63914     0.00000     0.00000     0.00000     0.43770     0.00000
     0.39000    -0.54437    -0.15480     0.63300     0.00000     0.00000     0.00000     0.43456     0.00000
     0.39500    -0.54076    -0.15296     0.62692     0.00000     0.00000     0.00000     0.43145     0.00000
     0.40000    -0.53716    -0.15114     0.62089     0.00000     0.00000     0.00000     0.42837     0.00000
     0.40500    -0.53357    -0.14934     0.61491     0.00000     0.00000     0.00000     0.42533     0.00000
     0.41000    -0.53001    -0.14756     0.60899     0.00000     0.00000     0.00000     0.42232     0.00000
     0.41500    -0.52646    -0.14579     0.60312     0.00000     0.00000     0.00000     0.41934     0.00000
     0.42000    -0.52293    -0.14405     0.59730     0.00000     0.00000     0.00000     0.41639     0.00000
     0.42500    -0.51942    -0.14232     0.59153     0.00000     0.00000     0.00000     0.41347     0.00000
     0.43000    -0.51592    -0.14061     0.58582     0.00000     0.00000     0.00000     0.41059     0.00000
     0.43500    -0.51244    -0.13892     0.58016     0.00000     0.00000     0.00000     0.40773     0.00000
     0.44000    -0.50898    -0.13725     0.57455     0.00000     0.00000     0.00000     0.40490     0.00000
     0.44500    -0.50554    -0.13560     0.56899     0.00000     0.00000     0.00000     0.40211     0.00000
     0.45000    -0.50211    -0.13396     0.56348     0.00000     0.00000     0.00000     0.39934     0.00000
     0.45500    -0.49870    -0.13234     0.55802     0.00000     0.00000     0.00000     0.39660     0.00000
     0.46000    -0.49530    -0.13074     0.55261     0.00000     0.00000     0.00000     0.39389     0.00000
     0.46500    -0.49193    -0.12915     0.54725     0.00000     0.00000     0.00000     0.39120     0.00000
     0.47000    -0.48857    -0.12759     0.54194     0.00000     0.00000     0.00000     0.38855     0.00000
     0.47500    -0.48523    -0.12603     0.53667     0.00000     0.00000     0.00000     0.38592     0.00000
     0.48000    -0.48191    -0.12450     0.53146     0.00000     0.00000     0.00000     0.38331     0.00000
     0.48500    -0.47860    -0.12298     0.52629     0.00000     0.00000     0.00000     0.38074     0.00000
     0.49000    -0.47531    -0.12148     0.52117     0.00000     0.00000     0.00000     0.37818     0.00000
     0.49500    -0.47204    -0.12000     0.51610     0.00000     0.00000     0.00000     0.37566     0.00000
     0.50000    -0.46879    -0.11853     0.51108     0.00000     0.00000     0.00000     0.37316     0.00000
     0.50500    -0.46555    -0.11708     0.50610     0.00000     0.00000     0.00000     0.37068     0.00000
     0.51000    -0.46233    -0.11564     0.50116     0.00000     0.00000     0.00000     0.36823     0.00000
     0.51500    -0.45913    -0.11422     0.49628     0.00000     0.00000     0.00000     0.36581     0.00000
     0.52000    -0.45594    -0.11282     0.49144     0.00000     0.00000     0.00000     0.36340     0.00000
     0.52500    -0.45278    -0.11143     0.48664     0.00000     0.00000     0.00000     0.36102     0.00000
     0.53000    -0.44963    -0.11005     0.48189     0.00000     0.00000     0.00000     0.35867     0.00000
     0.53500    -0.44649    -0.10869     0.47718     0.00000     0.00000     0.00000     0.35634     0.00000
     0.54000    -0.44338    -0.10735     0.47252     0.00000     0.00000     0.00000     0.35403     0.00000
     0.54500    -0.44028    -0.10602     0.46790     0.00000     0.00000     0.00000     0.35174     0.00000
     0.55000    -0.43720    -0.10471     0.46332     0.00000     0.00000     0.00000     0.34947     0.00000
     0.55500    -0.43413    -0.10341     0.45879     0.00000     0.00000     0.00000     0.34723     0.00000
     0.56000    -0.43109    -0.10212     0.45429     0.00000     0.00000     0.00000     0.34501     0.00000
     0.56500    -0.42806    -0.10085     0.44984     0.00000     0.00000     0.00000     0.34281     0.00000
     0.57000    -0.42505    -0.09960     0.44544     0.00000     0.00000     0.00000     0.34063     0.00000
     0.57500    -0.42205    -0.09836     0.44107     0.00000     0.00000     0.00000     0.33847     0.00000
     0.58000    -0.41907    -0.09713     0.43675     0.00000     0.00000     0.00000     0.33633     0.00000
     0.58500    -0.41611    -0.09591     0.43246     0.00000     0.00000     0.00000     0.33421     0.00000
     0.59000    -0.41317    -0.09471     0.42822     0.00000     0.00000     0.00000     0.33211     0.00000
     0.59500    -0.41024    -0.09353     0.42402     0.00000     0.00000     0.00000     0.33003     0.00000
     0.60000    -0.40733    -0.09235     0.41985     0.00000     0.00000     0.00000     0.32797     0.00000
     0.60500    -0.40443    -0.09119     0.41573     0.00000     0.00000     0.00000     0.32593     0.00000
     0.61000    -0.40156    -0.09005     0.41164     0.00000     0.00000     0.00000     0.32391     0.00000
     0.61500    -0.39870    -0.08891     0.40760     0.00000     0.00000     0.00000     0.32191     0.00000
     0.62000    -0.39586    -0.08779     0.40359     0.00000     0.00000     0.00000     0.31992     0.00000
     0.62500    -0.39303    -0.08669     0.39962     0.00000     0.00000     0.00000     0.31796     0.00000
     0.63000    -0.39022    -0.08559     0.39569     0.00000     0.00000     0.00000     0.31601     0.00000
     0.63500    -0.38743    -0.08451     0.39180     0.00000     0.00000     0.00000     0.31408     0.00000
     0.64000    -0.38465    -0.08344     0.38794     0.00000     0.00000     0.00000     0.31217     0.00000
     0.64500    -0.38189    -0.08238     0.38412     0.00000     0.00000     0.00000     0.31027     0.00000
     0.65000    -0.37915    -0.08133     0.38033     0.00000     0.00000     0.00000     0.30840     0.00000
     0.65500    -0.37642    -0.08030     0.37659     0.00000     0.00000     0.00000     0.30654     0.00000
     0.66000    -0.37371    -0.07928     0.37288     0.00000     0.00000     0.00000     0.30469     0.00000
     0.66500    -0.37102    -0.07827     0.36920     0.00000     0.00000     0.00000     0.30286     0.00000
     0.67000    -0.36834    -0.07727     0.36556     0.00000     0.00000     0.00000     0.30105     0.00000
     0.67500    -0.36568    -0.07629     0.36195     0.00000     0.00000     0.00000     0.29926     0.00000
     0.68000    -0.36303    -0.07531     0.35838     0.00000     0.00000     0.00000     0.29748     0.00000
     0.68500    -0.36040    -0.07435     0.35484     0.00000     0.00000     0.00000     0.29572     0.00000
     0.69000    -0.35779    -0.07339     0.35134     0.00000     0.00000     0.00000     0.29397     0.00000
     0.69500    -0.35520    -0.07245     0.34787     0.00000     0.00000     0.00000     0.29224     0.00000
     0.70000    -0.35261    -0.07152     0.34444     0.00000     0.00000     0.00000     0.29052     0.00000
     0.70500    -0.35005    -0.07060     0.34103     0.00000     0.00000     0.00000     0.28882     0.00000
     0.71000    -0.34750    -0.06969     0.33766     0.00000     0.00000     0.00000     0.28713     0.00000
     0.71500    -0.34497    -0.06880     0.33433     0.00000     0.00000     0.00000     0.28546     0.00000
     0.72000    -0.34245    -0.06791     0.33102     0.00000     0.00000     0.00000     0.28380     0.00000
     0.72500    -0.33995    -0.06703     0.32775     0.00000     0.00000     0.00000     0.28216     0.00000
     0.73000    -0.33746    -0.06617     0.32451     0.00000     0.00000     0.00000     0.28053     0.00000
     0.73500    -0.33499    -0.06531     0.32130     0.00000     0.00000     0.00000     0.27892     0.00000
     0.74000    -0.33254    -0.06446     0.31812     0.00000     0.00000     0.00000     0.27732     0.00000
     0.74500    -0.33010    -0.06363     0.31497     0.00000     0.00000     0.00000     0.27573     0.00000
     0.75000    -0.32768    -0.06280     0.31185     0.00000     0.00000     0.00000     0.27416     0.00000
     0.75500    -0.32527    -0.06198     0.30877     0.00000     0.00000     0.00000     0.27260     0.00000
     0.76000    -0.32288    -0.06118     0.30571     0.00000     0.00000     0.00000     0.27105     0.00000
     0.76500    -0.32050    -0.06038     0.30268     0.00000     0.00000     0.00000     0.26952     0.00000
     0.77000    -0.31813    -0.05959     0.29968     0.00000     0.00000     0.00000     0.26800     0.00000
     0.77500    -0.31579    -0.05881     0.29671     0.00000     0.00000     0.00000     0.26649     0.00000
     0.78000    -0.31346    -0.05804     0.29377     0.00000     0.00000     0.00000     0.26499     0.00000
     0.78500    -0.31114    -0.05728     0.29086     0.00000     0.00000     0.00000     0.26351     0.00000
     0.79000    -0.30884    -0.05653     0.28798     0.00000     0.00000     0.00000     0.26204     0.00000
     0.79500    -0.30655    -0.05579     0.28513     0.00000     0.00000     0.00000     0.26058     0.00000
     0.80000    -0.30428    -0.05506     0.28230     0.00000     0.00000     0.00000     0.25914     0.00000
     0.80500    -0.30202    -0.05433     0.27950     0.00000     0.00000     0.00000     0.25770     0.00000
     0.81000    -0.29977    -0.05362     0.27673     0.00000     0.00000     0.00000     0.25628     0.00000
     0.81500    -0.29755    -0.05291     0.27398     0.00000     0.00000     0.00000     0.25487     0.00000
     0.82000    -0.29533    -0.05221     0.27126     0.00000     0.00000     0.00000     0.25347     0.00000
     0.82500    -0.29313    -0.05152     0.26857     0.00000     0.00000     0.00000     0.25209     0.00000
     0.83000    -0.29095    -0.05084     0.26591     0.00000     0.00000     0.00000     0.25071     0.00000
     0.83500    -0.28878    -0.05017     0.26327     0.00000     0.00000     0.00000     0.24935     0.00000
     0.84000    -0.28662    -0.04950     0.26065     0.00000     0.00000     0.00000     0.24799     0.00000
     0.84500    -0.28448    -0.04884     0.25806     0.00000     0.00000     0.00000     0.24665     0.00000
     0.85000    -0.28235    -0.04820     0.25550     0.00000     0.00000     0.00000     0.24532     0.00000
     0.85500    -0.28024    -0.04755     0.25296     0.00000     0.00000     0.00000     0.24400     0.00000
     0.86000    -0.27814    -0.04692     0.25045     0.00000     0.00000     0.00000     0.24269     0.00000
     0.86500    -0.27605    -0.04629     0.24796     0.00000     0.00000     0.00000     0.24139     0.00000
     0.87000    -0.27398    -0.04568     0.24550     0.00000     0.00000     0.00000     0.24010     0.00000
     0.87500    -0.27192    -0.04507     0.24306     0.00000     0.00000     0.00000     0.23882     0.00000
     0.88000    -0.26988    -0.04446     0.24065     0.00000     0.00000     0.00000     0.23755     0.00000
     0.88500    -0.26785    -0.04387     0.23825     0.00000     0.00000     0.00000     0.23629     0.00000
     0.89000    -0.26583    -0.04328     0.23589     0.00000     0.00000     0.00000     0.23505     0.00000
     0.89500    -0.26382    -0.04270     0.23354     0.00000     0.00000     0.00000     0.23381     0.00000
     0.90000    -0.26183    -0.04212     0.23122     0.00000     0.00000     0.00000     0.23258     0.00000
     0.90500    -0.25986    -0.04155     0.22892     0.00000     0.00000     0.00000     0.23136     0.00000
     0.91000    -0.25789    -0.04099     0.22664     0.00000     0.00000     0.00000     0.23015     0.00000
     0.91500    -0.25594    -0.04044     0.22439     0.00000     0.00000     0.00000     0.22895     0.00000
     0.92000    -0.25401    -0.03989     0.22216     0.00000     0.00000     0.00000     0.22776     0.00000
     0.92500    -0.25208    -0.03935     0.21995     0.00000     0.00000     0.00000     0.22658     0.00000
     0.93000    -0.25017    -0.03882     0.21776     0.00000     0.00000     0.00000     0.22540     0.00000
     0.93500    -0.24828    -0.03829     0.21559     0.00000     0.00000     0.00000     0.22424     0.00000
     0.94000    -0.24639    -0.03777     0.21345     0.00000     0.00000     0.00000     0.22309     0.00000
     0.94500    -0.24452    -0.03726     0.21132     0.00000     0.00000     0.00000     0.22194     0.00000
     0.95000    -0.24266    -0.03675     0.20922     0.00000     0.00000     0.00000     0.22080     0.00000
     0.95500    -0.24082    -0.03625     0.20714     0.00000     0.00000     0.00000     0.21968     0.00000
     0.96000    -0.23898    -0.03576     0.20508     0.00000     0.00000     0.00000     0.21856     0.00000
     0.96500    -0.23716    -0.03527     0.20304     0.00000     0.00000     0.00000     0.21745     0.00000
     0.97000    -0.23535    -0.03479     0.20102     0.00000     0.00000     0.00000     0.21634     0.00000
     0.97500    -0.23356    -0.03431     0.19901     0.00000     0.00000     0.00000     0.21525     0.00000
     0.98000    -0.23177    -0.03384     0.19703     0.00000     0.00000     0.00000     0.21416     0.00000
     0.98500    -0.23000    -0.03337     0.19507     0.00000     0.00000     0.00000     0.21309     0.00000
     0.99000    -0.22824    -0.03291     0.19313     0.00000     0.00000     0.00000     0.21202     0.00000
     0.99500    -0.22650    -0.03246     0.19121     0.00000     0.00000     0.00000     0.21096     0.00000
     1.00000    -0.22476    -0.03201     0.18930     0.00000     0.00000     0.00000     0.20990     0.00000
     1.00500    -0.22304    -0.03157     0.18742     0.00000     0.00000     0.00000     0.20886     0.00000
     1.01000    -0.22133    -0.03113     0.18555     0.00000     0.00000     0.00000     0.20782     0.00000
     1.01500    -0.21963    -0.03070     0.18370     0.00000     0.00000     0.00000     0.20679     0.00000
     1.02000    -0.21795    -0.03028     0.18187     0.00000     0.00000     0.00000     0.20577     0.00000
     1.02500    -0.21627    -0.02986     0.18006     0.00000     0.00000     0.00000     0.20475     0.00000
     1.03000    -0.21461    -0.02944     0.17827     0.00000     0.00000     0.00000     0.20374     0.00000
     1.03500    -0.21296    -0.02903     0.17649     0.00000     0.00000     0.00000     0.20274     0.00000
     1.04000    -0.21132    -0.02863     0.17473     0.00000     0.00000     0.00000     0.20175     0.00000
     1.04500    -0.20969    -0.02823     0.17299     0.00000     0.00000     0.00000     0.20077     0.00000
     1.05000    -0.20807    -0.02783     0.17127     0.00000     0.00000     0.00000     0.19979     0.00000
     1.05500    -0.20647    -0.02744     0.16956     0.00000     0.00000     0.00000     0.19882     0.00000
     1.06000    -0.20487    -0.02706     0.16787     0.00000     0.00000     0.00000     0.19785     0.00000
     1.06500    -0.20329    -0.02668     0.16620     0.00000     0.00000     0.00000     0.19690     0.00000
     1.07000    -0.20172    -0.02630     0.16454     0.00000     0.00000     0.00000     0.19595     0.00000
     1.07500    -0.20016    -0.02593     0.16290     0.00000     0.00000     0.00000     0.19500     0.00000
     1.08000    -0.19861    -0.02557     0.16128     0.00000     0.00000     0.00000     0.19407     0.00000
     1.08500    -0.19707    -0.02521     0.15967     0.00000     0.00000     0.00000     0.19314     0.00000
     1.09000    -0.19555    -0.02485     0.15808     0.00000     0.00000     0.00000     0.19221     0.00000
     1.09500    -0.19403    -0.02450     0.15650     0.00000     0.00000     0.00000     0.19130     0.00000
     1.10000    -0.19252    -0.02415     0.15494     0.00000     0.00000     0.00000     0.19039     0.00000
     1.10500    -0.19103    -0.02381     0.15340     0.00000     0.00000     0.00000     0.18948     0.00000
     1.11000    -0.18955    -0.02347     0.15187     0.00000     0.00000     0.00000     0.18859     0.00000
     1.11500    -0.18807    -0.02314     0.15036     0.00000     0.00000     0.00000     0.18770     0.00000
     1.12000    -0.18661    -0.02281     0.14886     0.00000     0.00000     0.00000     0.18681     0.00000
     1.12500    -0.18516    -0.02248     0.14737     0.00000     0.00000     0.00000     0.18593     0.00000
     1.13000    -0.18372    -0.02216     0.14590     0.00000     0.00000     0.00000     0.18506     0.00000
     1.13500    -0.18228    -0.02184     0.14445     0.00000     0.00000     0.00000     0.18420     0.00000
     1.14000    -0.18086    -0.02153     0.14301     0.00000     0.00000     0.00000     0.18334     0.00000
     1.14500    -0.17945    -0.02122     0.14158     0.00000     0.00000     0.00000     0.18248     0.00000
     1.15000    -0.17805    -0.02092     0.14017     0.00000     0.00000     0.00000     0.18164     0.00000
     1.15500    -0.17666    -0.02062     0.13877     0.00000     0.00000     0.00000     0.18079     0.00000
     1.16000    -0.17528    -0.02032     0.13739     0.00000     0.00000     0.00000     0.17996     0.00000
     1.16500    -0.17391    -0.02003     0.13602     0.00000     0.00000     0.00000     0.17913     0.00000
     1.17000    -0.17255    -0.01974     0.13466     0.00000     0.00000     0.00000     0.17830     0.00000
     1.17500    -0.17120    -0.01945     0.13332     0.00000     0.00000     0.00000     0.17748     0.00000
     1.18000    -0.16986    -0.01917     0.13199     0.00000     0.00000     0.00000     0.17667     0.00000
     1.18500    -0.16853    -0.01889     0.13068     0.00000     0.00000     0.00000     0.17586     0.00000
     1.19000    -0.16721    -0.01861     0.12937     0.00000     0.00000     0.00000     0.17506     0.00000
     1.19500    -0.16589    -0.01834     0.12808     0.00000     0.00000     0.00000     0.17426     0.00000
     1.20000    -0.16459    -0.01807     0.12681     0.00000     0.00000     0.00000     0.17347     0.00000
     1.20500    -0.16330    -0.01781     0.12554     0.00000     0.00000     0.00000     0.17269     0.00000
     1.21000    -0.16202    -0.01755     0.12429     0.00000     0.00000     0.00000     0.17191     0.00000
     1.21500    -0.16074    -0.01729     0.12305     0.00000     0.00000     0.00000     0.17113     0.00000
     1.22000    -0.15948    -0.01704     0.12182     0.00000     0.00000     0.00000     0.17036     0.00000
     1.22500    -0.15822    -0.01679     0.12061     0.00000     0.00000     0.00000     0.16960     0.00000
     1.23000    -0.15698    -0.01654     0.11941     0.00000     0.00000     0.00000     0.16884     0.00000
     1.23500    -0.15574    -0.01629     0.11822     0.00000     0.00000     0.00000     0.16808     0.00000
     1.24000    -0.15451    -0.01605     0.11704     0.00000     0.00000     0.00000     0.16733     0.00000
     1.24500    -0.15329    -0.01582     0.11587     0.00000     0.00000     0.00000     0.16659     0.00000
     1.25000    -0.15208    -0.01558     0.11471     0.00000     0.00000     0.00000     0.16585     0.00000
     1.25500    -0.15088    -0.01535     0.11357     0.00000     0.00000     0.00000     0.16511     0.00000
     1.26000    -0.14969    -0.01512     0.11244     0.00000     0.00000     0.00000     0.16438     0.00000
     1.26500    -0.14851    -0.01489     0.11132     0.00000     0.00000     0.00000     0.16366     0.00000
     1.27000    -0.14733    -0.01467     0.11021     0.00000     0.00000     0.00000     0.16294     0.00000
     1.27500    -0.14617    -0.01445     0.10911     0.00000     0.00000     0.00000     0.16222     0.00000
     1.28000    -0.14501    -0.01424     0.10802     0.00000     0.00000     0.00000     0.16151     0.00000
     1.28500    -0.14386    -0.01402     0.10694     0.00000     0.00000     0.00000     0.16081     0.00000
     1.29000    -0.14272    -0.01381     0.10588     0.00000     0.00000     0.00000     0.16011     0.00000
     1.29500    -0.14159    -0.01360     0.10482     0.00000     0.00000     0.00000     0.15941     0.00000
     1.30000    -0.14047    -0.01340     0.10377     0.00000     0.00000     0.00000     0.15872     0.00000
     1.30500    -0.13935    -0.01319     0.10274     0.00000     0.00000     0.00000     0.15803     0.00000
     1.31000    -0.13825    -0.01299     0.10172     0.00000     0.00000     0.00000     0.15734     0.00000
     1.31500    -0.13715    -0.01280     0.10070     0.00000     0.00000     0.00000     0.15667     0.00000
     1.32000    -0.13606    -0.01260     0.09970     0.00000     0.00000     0.00000     0.15599     0.00000
     1.32500    -0.13498    -0.01241     0.09870     0.00000     0.00000     0.00000     0.15532     0.00000
     1.33000    -0.13390    -0.01222     0.09772     0.00000     0.00000     0.00000     0.15466     0.00000
     1.33500    -0.13284    -0.01203     0.09675     0.00000     0.00000     0.00000     0.15399     0.00000
     1.34000    -0.13178    -0.01185     0.09578     0.00000     0.00000     0.00000     0.15334     0.00000
     1.34500    -0.13073    -0.01167     0.09483     0.00000     0.00000     0.00000     0.15268     0.00000
     1.35000    -0.12969    -0.01149     0.09388     0.00000     0.00000     0.00000     0.15203     0.00000
     1.35500    -0.12866    -0.01131     0.09294     0.00000     0.00000     0.00000     0.15139     0.00000
     1.36000    -0.12763    -0.01113     0.09202     0.00000     0.00000     0.00000     0.15075     0.00000
     1.36500    -0.12661    -0.01096     0.09110     0.00000     0.00000     0.00000     0.15011     0.00000
     1.37000    -0.12560    -0.01079     0.09019     0.00000     0.00000     0.00000     0.14948     0.00000
     1.37500    -0.12460    -0.01062     0.08929     0.00000     0.00000     0.00000     0.14885     0.00000
     1.38000    -0.12360    -0.01046     0.08840     0.00000     0.00000     0.00000     0.14823     0.00000
     1.38500    -0.12261    -0.01029     0.08752     0.00000     0.00000     0.00000     0.14760     0.00000
     1.39000    -0.12163    -0.01013     0.08665     0.00000     0.00000     0.00000     0.14699     0.00000
     1.39500    -0.12066    -0.00997     0.08579     0.00000     0.00000     0.00000     0.14637     0.00000
     1.40000    -0.11969    -0.00982     0.08493     0.00000     0.00000     0.00000     0.14577     0.00000
     1.40500    -0.11874    -0.00966     0.08408     0.00000     0.00000     0.00000     0.14516     0.00000
     1.41000    -0.11778    -0.00951     0.08325     0.00000     0.00000     0.00000     0.14456     0.00000
     1.41500    -0.11684    -0.00936     0.08242     0.00000     0.00000     0.00000     0.14396     0.00000
     1.42000    -0.11590    -0.00921     0.08160     0.00000     0.00000     0.00000     0.14337     0.00000
     1.42500    -0.11497    -0.00906     0.08078     0.00000     0.00000     0.00000     0.14278     0.00000
     1.43000    -0.11405    -0.00892     0.07998     0.00000     0.00000     0.00000     0.14219     0.00000
     1.43500    -0.11313    -0.00878     0.07918     0.00000     0.00000     0.00000     0.14161     0.00000
     1.44000    -0.11223    -0.00864     0.07839     0.00000     0.00000     0.00000     0.14103     0.00000
     1.44500    -0.11132    -0.00850     0.07761     0.00000     0.00000     0.00000     0.14045     0.00000
     1.45000    -0.11043    -0.00836     0.07684     0.00000     0.00000     0.00000     0.13988     0.00000
     1.45500    -0.10954    -0.00823     0.07607     0.00000     0.00000     0.00000     0.13931     0.00000
     1.46000    -0.10866    -0.00809     0.07531     0.00000     0.00000     0.00000     0.13874     0.00000
     1.46500    -0.10779    -0.00796     0.07456     0.00000     0.00000     0.00000     0.13818     0.00000
     1.47000    -0.10692    -0.00783     0.07382     0.00000     0.00000     0.00000     0.13762     0.00000
     1.47500    -0.10606    -0.00770     0.07308     0.00000     0.00000     0.00000     0.13706     0.00000
     1.48000    -0.10520    -0.00758     0.07236     0.00000     0.00000     0.00000     0.13651     0.00000
     1.48500    -0.10435    -0.00745     0.07164     0.00000     0.00000     0.00000     0.13596     0.00000
     1.49000    -0.10351    -0.00733     0.07092     0.00000     0.00000     0.00000     0.13542     0.00000
     1.49500    -0.10268    -0.00721     0.07022     0.00000     0.00000     0.00000     0.13488     0.00000
     1.50000    -0.10185    -0.00709     0.06952     0.00000     0.00000     0.00000     0.13434     0.00000
     1.50500    -0.10103    -0.00698     0.06882     0.00000     0.00000     0.00000     0.13380     0.00000
     1.51000    -0.10021    -0.00686     0.06814     0.00000     0.00000     0.00000     0.13327     0.00000
     1.51500    -0.09940    -0.00675     0.06746     0.00000     0.00000     0.00000     0.13274     0.00000
     1.52000    -0.09860    -0.00663     0.06679     0.00000     0.00000     0.00000     0.13221     0.00000
     1.52500    -0.09780    -0.00652     0.06612     0.00000     0.00000     0.00000     0.13169     0.00000
     1.53000    -0.09701    -0.00641     0.06546     0.00000     0.00000     0.00000     0.13117     0.00000
     1.53500    -0.09622    -0.00630     0.06481     0.00000     0.00000     0.00000     0.13065     0.00000
     1.54000    -0.09544    -0.00620     0.06417     0.00000     0.00000     0.00000     0.13014     0.00000
     1.54500    -0.09467    -0.00609     0.06353     0.00000     0.00000     0.00000     0.12963     0.00000
     1.55000    -0.09390    -0.00599     0.06289     0.00000     0.00000     0.00000     0.12912     0.00000
     1.55500    -0.09314    -0.00589     0.06227     0.00000     0.00000     0.00000     0.12862     0.00000
     1.56000    -0.09239    -0.00579     0.06165     0.00000     0.00000     0.00000     0.12811     0.00000
     1.56500    -0.09164    -0.00569     0.06103     0.00000     0.00000     0.00000     0.12762     0.00000
     1.57000    -0.09089    -0.00559     0.06043     0.00000     0.00000     0.00000     0.12712     0.00000
     1.57500    -0.09016    -0.00549     0.05983     0.00000     0.00000     0.00000     0.12663     0.00000
     1.58000    -0.08942    -0.00540     0.05923     0.00000     0.00000     0.00000     0.12614     0.00000
     1.58500    -0.08870    -0.00531     0.05864     0.00000     0.00000     0.00000     0.12565     0.00000
     1.59000    -0.08798    -0.00521     0.05806     0.00000     0.00000     0.00000     0.12516     0.00000
     1.59500    -0.08726    -0.00512     0.05748     0.00000     0.00000     0.00000     0.12468     0.00000
     1.60000    -0.08655    -0.00503     0.05691     0.00000     0.00000     0.00000     0.12420     0.00000
     1.60500    -0.08585    -0.00495     0.05634     0.00000     0.00000     0.00000     0.12373     0.00000
     1.61000    -0.08515    -0.00486     0.05578     0.00000     0.00000     0.00000     0.12325     0.00000
     1.61500    -0.08446    -0.00477     0.05522     0.00000     0.00000     0.00000     0.12278     0.00000
     1.62000    -0.08377    -0.00469     0.05468     0.00000     0.00000     0.00000     0.12231     0.00000
     1.62500    -0.08309    -0.00460     0.05413     0.00000     0.00000     0.00000     0.12185     0.00000
     1.63000    -0.08241    -0.00452     0.05359     0.00000     0.00000     0.00000     0.12139     0.00000
     1.63500    -0.08174    -0.00444     0.05306     0.00000     0.00000     0.00000     0.12092     0.00000
     1.64000    -0.08107    -0.00436     0.05253     0.00000     0.00000     0.00000     0.12047     0.00000
     1.64500    -0.08041    -0.00428     0.05201     0.00000     0.00000     0.00000     0.12001     0.00000
     1.65000    -0.07975    -0.00421     0.05149     0.00000     0.00000     0.00000     0.11956     0.00000
     1.65500    -0.07910    -0.00413     0.05098     0.00000     0.00000     0.00000     0.11911     0.00000
     1.66000    -0.07846    -0.00405     0.05047     0.00000     0.00000     0.00000     0.11866     0.00000
     1.66500    -0.07781    -0.00398     0.04997     0.00000     0.00000     0.00000     0.11822     0.00000
     1.67000    -0.07718    -0.00391     0.04947     0.00000     0.00000     0.00000     0.11778     0.00000
     1.67500    -0.07655    -0.00383     0.04898     0.00000     0.00000     0.00000     0.11734     0.00000
     1.68000    -0.07592    -0.00376     0.04849     0.00000     0.00000     0.00000     0.11690     0.00000
     1.68500    -0.07530    -0.00369     0.04801     0.00000     0.00000     0.00000     0.11646     0.00000
     1.69000    -0.07468    -0.00362     0.04753     0.00000     0.00000     0.00000     0.11603     0.00000
     1.69500    -0.07407    -0.00356     0.04706     0.00000     0.00000     0.00000     0.11560     0.00000
     1.70000    -0.07347    -0.00349     0.04659     0.00000     0.00000     0.00000     0.11517     0.00000
     1.70500    -0.07286    -0.00342     0.04613     0.00000     0.00000     0.00000     0.11475     0.00000
     1.71000    -0.07227    -0.00336     0.04567     0.00000     0.00000     0.00000     0.11432     0.00000
     1.71500    -0.07168    -0.00329     0.04522     0.00000     0.00000     0.00000     0.11390     0.00000
     1.72000    -0.07109    -0.00323     0.04477     0.00000     0.00000     0.00000     0.11349     0.00000
     1.72500    -0.07050    -0.00317     0.04432     0.00000     0.00000     0.00000     0.11307     0.00000
     1.73000    -0.06993    -0.00311     0.04388     0.00000     0.00000     0.00000     0.11266     0.00000
     1.73500    -0.06935    -0.00305     0.04345     0.00000     0.00000     0.00000     0.11224     0.00000
     1.74000    -0.06878    -0.00299     0.04302     0.00000     0.00000     0.00000     0.11183     0.00000
     1.74500    -0.06822    -0.00293     0.04259     0.00000     0.00000     0.00000     0.11143     0.00000
     1.75000    -0.06766    -0.00287     0.04216     0.00000     0.00000     0.00000     0.11102     0.00000
     1.75500    -0.06710    -0.00282     0.04175     0.00000     0.00000     0.00000     0.11062     0.00000
     1.76000    -0.06655    -0.00276     0.04133     0.00000     0.00000     0.00000     0.11022     0.00000
     1.76500    -0.06600    -0.00270     0.04092     0.00000     0.00000     0.00000     0.10982     0.00000
     1.77000    -0.06546    -0.00265     0.04051     0.00000     0.00000     0.00000     0.10943     0.00000
     1.77500    -0.06492    -0.00260     0.04011     0.00000     0.00000     0.00000     0.10903     0.00000
     1.78000    -0.06439    -0.00254     0.03971     0.00000     0.00000     0.00000     0.10864     0.00000
     1.78500    -0.06386    -0.00249     0.03932     0.00000     0.00000     0.00000     0.10825     0.00000
     1.79000    -0.06333    -0.00244     0.03893     0.00000     0.00000     0.00000     0.10786     0.00000
     1.79500    -0.06281    -0.00239     0.03854     0.00000     0.00000     0.00000     0.10748     0.00000
     1.80000    -0.06229    -0.00234     0.03816     0.00000     0.00000     0.00000     0.10709     0.00000
     1.80500    -0.06178    -0.00229     0.03778     0.00000     0.00000     0.00000     0.10671     0.00000
     1.81000    -0.06127    -0.00224     0.03740     0.00000     0.00000     0.00000     0.10633     0.00000
     1.81500    -0.06076    -0.00220     0.03703     0.00000     0.00000     0.00000     0.10595     0.00000
     1.82000    -0.06026    -0.00215     0.03667     0.00000     0.00000     0.00000     0.10558     0.00000
     1.82500    -0.05977    -0.00210     0.03630     0.00000     0.00000     0.00000     0.10521     0.00000
     1.83000    -0.05927    -0.00206     0.03594     0.00000     0.00000     0.00000     0.10483     0.00000
     1.83500    -0.05878    -0.00202     0.03558     0.00000     0.00000     0.00000     0.10446     0.00000
     1.84000    -0.05830    -0.00197     0.03523     0.00000     0.00000     0.00000     0.10410     0.00000
     1.84500    -0.05782    -0.00193     0.03488     0.00000     0.00000     0.00000     0.10373     0.00000
     1.85000    -0.05734    -0.00189     0.03453     0.00000     0.00000     0.00000     0.10337     0.00000
     1.85500    -0.05687    -0.00184     0.03419     0.00000     0.00000     0.00000     0.10301     0.00000
     1.86000    -0.05640    -0.00180     0.03385     0.00000     0.00000     0.00000     0.10265     0.00000
     1.86500    -0.05593    -0.00176     0.03352     0.00000     0.00000     0.00000     0.10229     0.00000
     1.87000    -0.05547    -0.00172     0.03318     0.00000     0.00000     0.00000     0.10193     0.00000
     1.87500    -0.05501    -0.00168     0.03285     0.00000     0.00000     0.00000     0.10158     0.00000
     1.88000    -0.05455    -0.00164     0.03253     0.00000     0.00000     0.00000     0.10123     0.00000
     1.88500    -0.05410    -0.00161     0.03221     0.00000     0.00000     0.00000     0.10088     0.00000
     1.89000    -0.05365    -0.00157     0.03189     0.00000     0.00000     0.00000     0.10053     0.00000
     1.89500    -0.05321    -0.00153     0.03157     0.00000     0.00000     0.00000     0.10018     0.00000
     1.90000    -0.05277    -0.00150     0.03126     0.00000     0.00000     0.00000     0.09983     0.00000
     1.90500    -0.05233    -0.00146     0.03095     0.00000     0.00000     0.00000     0.09949     0.00000
     1.91000    -0.05190    -0.00143     0.03064     0.00000     0.00000     0.00000     0.09915     0.00000
     1.91500    -0.05147    -0.00139     0.03034     0.00000     0.00000     0.00000     0.09881     0.00000
     1.92000    -0.05104    -0.00136     0.03004     0.00000     0.00000     0.00000     0.09847     0.00000
     1.92500    -0.05062    -0.00132     0.02974     0.00000     0.00000     0.00000     0.09814     0.00000
     1.93000    -0.05019    -0.00129     0.02944     0.00000     0.00000     0.00000     0.09780     0.00000
     1.93500    -0.04978    -0.00126     0.02915     0.00000     0.00000     0.00000     0.09747     0.00000
     1.94000    -0.04936    -0.00123     0.02886     0.00000     0.00000     0.00000     0.09714     0.00000
     1.94500    -0.04895    -0.00119     0.02858     0.00000     0.00000     0.00000     0.09681     0.00000
     1.95000    -0.04855    -0.00116     0.02829     0.00000     0.00000     0.00000     0.09648     0.00000
     1.95500    -0.04814    -0.00113     0.02801     0.00000     0.00000     0.00000     0.09615     0.00000
     1.96000    -0.04774    -0.00110     0.02773     0.00000     0.00000     0.00000     0.09583     0.00000
     1.96500    -0.04735    -0.00107     0.02746     0.00000     0.00000     0.00000     0.09551     0.00000
     1.97000    -0.04695    -0.00105     0.02719     0.00000     0.00000     0.00000     0.09518     0.00000
     1.97500    -0.04656    -0.00102     0.02692     0.00000     0.00000     0.00000     0.09486     0.00000
     1.98000    -0.04618    -0.00099     0.02665     0.00000     0.00000     0.00000     0.09455     0.00000
     1.98500    -0.04579    -0.00096     0.02639     0.00000     0.00000     0.00000     0.09423     0.00000
     1.99000    -0.04541    -0.00093     0.02613     0.00000     0.00000     0.00000     0.09391     0.00000
     1.99500    -0.04503    -0.00091     0.02587     0.00000     0.00000     0.00000     0.09360     0.00000
     2.00000    -0.04466    -0.00088     0.02561     0.00000     0.00000     0.00000     0.09329     0.00000
     2.00500    -0.04429    -0.00086     0.02536     0.00000     0.00000     0.00000     0.09298     0.00000
     2.01000    -0.04392    -0.00083     0.02511     0.00000     0.00000     0.00000     0.09267     0.00000
     2.01500    -0.04355    -0.00081     0.02486     0.00000     0.00000     0.00000     0.09236     0.00000
     2.02000    -0.04319    -0.00078     0.02461     0.00000     0.00000     0.00000     0.09206     0.00000
     2.02500    -0.04283    -0.00076     0.02437     0.00000     0.00000     0.00000     0.09175     0.00000
     2.03000    -0.04247    -0.00073     0.02413     0.00000     0.00000     0.00000     0.09145     0.00000
     2.03500    -0.04212    -0.00071     0.02389     0.00000     0.00000     0.00000     0.09115     0.00000
     2.04000    -0.04176    -0.00069     0.02365     0.00000     0.00000     0.00000     0.09085     0.00000
     2.04500    -0.04142    -0.00067     0.02342     0.00000     0.00000     0.00000     0.09055     0.00000
     2.05000    -0.04107    -0.00064     0.02318     0.00000     0.00000     0.00000     0.09026     0.00000
     2.05500    -0.04073    -0.00062     0.02296     0.00000     0.00000     0.00000     0.08996     0.00000
     2.06000    -0.04039    -0.00060     0.02273     0.00000     0.00000     0.00000     0.08967     0.00000
     2.06500    -0.04005    -0.00058     0.02250     0.00000     0.00000     0.00000     0.08937     0.00000
     2.07000    -0.03971    -0.00056     0.02228     0.00000     0.00000     0.00000     0.08908     0.00000
     2.07500    -0.03938    -0.00054     0.02206     0.00000     0.00000     0.00000     0.08879     0.00000
     2.08000    -0.03905    -0.00052     0.02184     0.00000     0.00000     0.00000     0.08851     0.00000
     2.08500    -0.03873    -0.00050     0.02163     0.00000     0.00000     0.00000     0.08822     0.00000
     2.09000    -0.03840    -0.00048     0.02141     0.00000     0.00000     0.00000     0.08793     0.00000
     2.09500    -0.03808    -0.00046     0.02120     0.00000     0.00000     0.00000     0.08765     0.00000
     2.10000    -0.03776    -0.00044     0.02099     0.00000     0.00000     0.00000     0.08737     0.00000
     2.10500    -0.03745    -0.00042     0.02078     0.00000     0.00000     0.00000     0.08709     0.00000
     2.11000    -0.03713    -0.00041     0.02058     0.00000     0.00000     0.00000     0.08681     0.00000
     2.11500    -0.03682    -0.00039     0.02037     0.00000     0.00000     0.00000     0.08653     0.00000
     2.12000    -0.03651    -0.00037     0.02017     0.00000     0.00000     0.00000     0.08625     0.00000
     2.12500    -0.03621    -0.00035     0.01997     0.00000     0.00000     0.00000     0.08598     0.00000
     2.13000    -0.03590    -0.00034     0.01977     0.00000     0.00000     0.00000     0.08570     0.00000
     2.13500    -0.03560    -0.00032     0.01958     0.00000     0.00000     0.00000     0.08543     0.00000
     2.14000    -0.03530    -0.00031     0.01939     0.00000     0.00000     0.00000     0.08516     0.00000
     2.14500    -0.03501    -0.00029     0.01919     0.00000     0.00000     0.00000     0.08489     0.00000
     2.15000    -0.03471    -0.00027     0.01900     0.00000     0.00000     0.00000     0.08462     0.00000
     2.15500    -0.03442    -0.00026     0.01882     0.00000     0.00000     0.00000     0.08435     0.00000
     2.16000    -0.03413    -0.00024     0.01863     0.00000     0.00000     0.00000     0.08408     0.00000
     2.16500    -0.03385    -0.00023     0.01845     0.00000     0.00000     0.00000     0.08382     0.00000
     2.17000    -0.03356    -0.00022     0.01826     0.00000     0.00000     0.00000     0.08355     0.00000
     2.17500    -0.03328    -0.00020     0.01808     0.00000     0.00000     0.00000     0.08329     0.00000
     2.18000    -0.03300    -0.00019     0.01790     0.00000     0.00000     0.00000     0.08303     0.00000
     2.18500    -0.03273    -0.00017     0.01773     0.00000     0.00000     0.00000     0.08277     0.00000
     2.19000    -0.03245    -0.00016     0.01755     0.00000     0.00000     0.00000     0.08251     0.00000
     2.19500    -0.03218    -0.00015     0.01738     0.00000     0.00000     0.00000     0.08225     0.00000
     2.20000    -0.03191    -0.00013     0.01721     0.00000     0.00000     0.00000     0.08199     0.00000
     2.20500    -0.03164    -0.00012     0.01704     0.00000     0.00000     0.00000     0.08174     0.00000
     2.21000    -0.03137    -0.00011     0.01687     0.00000     0.00000     0.00000     0.08148     0.00000
     2.21500    -0.03111    -0.00010     0.01670     0.00000     0.00000     0.00000     0.08123     0.00000
     2.22000    -0.03085    -0.00009     0.01654     0.00000     0.00000     0.00000     0.08098     0.00000
     2.22500    -0.03059    -0.00007     0.01637     0.00000     0.00000     0.00000     0.08073     0.00000
     2.23000    -0.03033    -0.00006     0.01621     0.00000     0.00000     0.00000     0.08048     0.00000
     2.23500    -0.03008    -0.00005     0.01605     0.00000     0.00000     0.00000     0.08023     0.00000
     2.24000    -0.02982    -0.00004     0.01589     0.00000     0.00000     0.00000     0.07998     0.00000
     2.24500    -0.02957    -0.00003     0.01574     0.00000     0.00000     0.00000     0.07973     0.00000
     2.25000    -0.02932    -0.00002     0.01558     0.00000     0.00000     0.00000     0.07949     0.00000
     2.25500    -0.02907    -0.00001     0.01543     0.00000     0.00000     0.00000     0.07925     0.00000
     2.26000    -0.02883     0.00000     0.01528     0.00000     0.00000     0.00000     0.07900     0.00000
     2.26500    -0.02859     0.00001     0.01512     0.00000     0.00000     0.00000     0.07876     0.00000
     2.27000    -0.02835     0.00002     0.01498     0.00000     0.00000     0.00000     0.07852     0.00000
     2.27500    -0.02811     0.00003     0.01483     0.00000     0.00000     0.00000     0.07828     0.00000
     2.28000    -0.02787     0.00004     0.01468     0.00000     0.00000     0.00000     0.07804     0.00000
     2.28500    -0.02763     0.00005     0.01454     0.00000     0.00000     0.00000     0.07780     0.00000
     2.29000    -0.02740     0.00006     0.01439     0.00000     0.00000     0.00000     0.07757     0.00000
     2.29500    -0.02717     0.00007     0.01425     0.00000     0.00000     0.00000     0.07733     0.00000
     2.30000    -0.02694     0.00007     0.01411     0.00000     0.00000     0.00000     0.07710     0.00000
     2.30500    -0.02671     0.00008     0.01397     0.00000     0.00000     0.00000     0.07687     0.00000
     2.31000    -0.02649     0.00009     0.01383     0.00000     0.00000     0.00000     0.07663     0.00000
     2.31500    -0.02626     0.00010     0.01370     0.00000     0.00000     0.00000     0.07640     0.00000
     2.32000    -0.02604     0.00011     0.01356     0.00000     0.00000     0.00000     0.07617     0.00000
     2.32500    -0.02582     0.00011     0.01343     0.00000     0.00000     0.00000     0.07594     0.00000
     2.33000    -0.02560     0.00012     0.01330     0.00000     0.00000     0.00000     0.07572     0.00000
     2.33500    -0.02539     0.00013     0.01316     0.00000     0.00000     0.00000     0.07549     0.00000
     2.34000    -0.02517     0.00014     0.01304     0.00000     0.00000     0.00000     0.07526     0.00000
     2.34500    -0.02496     0.00014     0.01291     0.00000     0.00000     0.00000     0.07504     0.00000
     2.35000    -0.02475     0.00015     0.01278     0.00000     0.00000     0.00000     0.07481     0.00000
     2.35500    -0.02454     0.00016     0.01265     0.00000     0.00000     0.00000     0.07459     0.00000
     2.36000    -0.02433     0.00016     0.01253     0.00000     0.00000     0.00000     0.07437     0.00000
     2.36500    -0.02413     0.00017     0.01241     0.00000     0.00000     0.00000     0.07415     0.00000
     2.37000    -0.02392     0.00018     0.01228     0.00000     0.00000     0.00000     0.07393     0.00000
     2.37500    -0.02372     0.00018     0.01216     0.00000     0.00000     0.00000     0.07371     0.00000
     2.38000    -0.02352     0.00019     0.01204     0.00000     0.00000     0.00000     0.07349     0.00000
     2.38500    -0.02332     0.00020     0.01192     0.00000     0.00000     0.00000     0.07328     0.00000
     2.39000    -0.02312     0.00020     0.01181     0.00000     0.00000     0.00000     0.07306     0.00000
     2.39500    -0.02293     0.00021     0.01169     0.00000     0.00000     0.00000     0.07284     0.00000
     2.40000    -0.02273     0.00021     0.01157     0.00000     0.00000     0.00000     0.07263     0.00000
     2.40500    -0.02254     0.00022     0.01146     0.00000     0.00000     0.00000     0.07242     0.00000
     2.41000    -0.02235     0.00022     0.01135     0.00000     0.00000     0.00000     0.07221     0.00000
     2.41500    -0.02216     0.00023     0.01124     0.00000     0.00000     0.00000     0.07199     0.00000
     2.42000    -0.02197     0.00023     0.01113     0.00000     0.00000     0.00000     0.07178     0.00000
     2.42500    -0.02179     0.00024     0.01102     0.00000     0.00000     0.00000     0.07157     0.00000
     2.43000    -0.02160     0.00024     0.01091     0.00000     0.00000     0.00000     0.07137     0.00000
     2.43500    -0.02142     0.00025     0.01080     0.00000     0.00000     0.00000     0.07116     0.00000
     2.44000    -0.02124     0.00025     0.01069     0.00000     0.00000     0.00000     0.07095     0.00000
     2.44500    -0.02106     0.00026     0.01059     0.00000     0.00000     0.00000     0.07075     0.00000
     2.45000    -0.02088     0.00026     0.01048     0.00000     0.00000     0.00000     0.07054     0.00000
     2.45500    -0.02070     0.00026     0.01038     0.00000     0.00000     0.00000     0.07034     0.00000
     2.46000    -0.02052     0.00027     0.01028     0.00000     0.00000     0.00000     0.07013     0.00000
     2.46500    -0.02035     0.00027     0.01018     0.00000     0.00000     0.00000     0.06993     0.00000
     2.47000    -0.02018     0.00028     0.01008     0.00000     0.00000     0.00000     0.06973     0.00000
     2.47500    -0.02001     0.00028     0.00998     0.00000     0.00000     0.00000     0.06953     0.00000
     2.48000    -0.01984     0.00028     0.00988     0.00000     0.00000     0.00000     0.06933     0.00000
     2.48500    -0.01967     0.00029     0.00978     0.00000     0.00000     0.00000     0.06913     0.00000
     2.49000    -0.01950     0.00029     0.00969     0.00000     0.00000     0.00000     0.06893     0.00000
     2.49500    -0.01933     0.00029     0.00959     0.00000     0.00000     0.00000     0.06874     0.00000
     2.50000    -0.01917     0.00030     0.00950     0.00000     0.00000     0.00000     0.06854     0.00000
     2.50500    -0.01901     0.00030     0.00940     0.00000     0.00000     0.00000     0.06834     0.00000
     2.51000    -0.01885     0.00030     0.00931     0.00000     0.00000     0.00000     0.06815     0.00000
     2.51500    -0.01868     0.00031     0.00922     0.00000     0.00000     0.00000     0.06796     0.00000
     2.52000    -0.01853     0.00031     0.00913     0.00000     0.00000     0.00000     0.06776     0.00000
     2.52500    -0.01837     0.00031     0.00904     0.00000     0.00000     0.00000     0.06757     0.00000
     2.53000    -0.01821     0.00031     0.00895     0.00000     0.00000     0.00000     0.06738     0.00000
     2.53500    -0.01806     0.00032     0.00886     0.00000     0.00000     0.00000     0.06719     0.00000
     2.54000    -0.01790     0.00032     0.00878     0.00000     0.00000     0.00000     0.06700     0.00000
     2.54500    -0.01775     0.00032     0.00869     0.00000     0.00000     0.00000     0.06681     0.00000
     2.55000    -0.01760     0.00032     0.00860     0.00000     0.00000     0.00000     0.06662     0.00000
     2.55500    -0.01745     0.00033     0.00852     0.00000     0.00000     0.00000     0.06644     0.00000
     2.56000    -0.01730     0.00033     0.00844     0.00000     0.00000     0.00000     0.06625     0.00000
     2.56500    -0.01715     0.00033     0.00835     0.00000     0.00000     0.00000     0.06606     0.00000
     2.57000    -0.01701     0.00033     0.00827     0.00000     0.00000     0.00000     0.06588     0.00000
     2.57500    -0.01686     0.00033     0.00819     0.00000     0.00000     0.00000     0.06569     0.00000
     2.58000    -0.01672     0.00034     0.00811     0.00000     0.00000     0.00000     0.06551     0.00000
     2.58500    -0.01658     0.00034     0.00803     0.00000     0.00000     0.00000     0.06533     0.00000
     2.59000    -0.01644     0.00034     0.00795     0.00000     0.00000     0.00000     0.06515     0.00000
     2.59500    -0.01630     0.00034     0.00787     0.00000     0.00000     0.00000     0.06496     0.00000
     2.60000    -0.01616     0.00034     0.00779     0.00000     0.00000     0.00000     0.06478     0.00000
     2.60500    -0.01602     0.00034     0.00772     0.00000     0.00000     0.00000     0.06460     0.00000
     2.61000    -0.01588     0.00035     0.00764     0.00000     0.00000     0.00000     0.06443     0.00000
     2.61500    -0.01575     0.00035     0.00757     0.00000     0.00000     0.00000     0.06425     0.00000
     2.62000    -0.01561     0.00035     0.00749     0.00000     0.00000     0.00000     0.06407     0.00000
     2.62500    -0.01548     0.00035     0.00742     0.00000     0.00000     0.00000     0.06389     0.00000
     2.63000    -0.01535     0.00035     0.00735     0.00000     0.00000     0.00000     0.06372     0.00000
     2.63500    -0.01522     0.00035     0.00727     0.00000     0.00000     0.00000     0.06354     0.00000
     2.64000    -0.01509     0.00035     0.00720     0.00000     0.00000     0.00000     0.06337     0.00000
     2.64500    -0.01496     0.00035     0.00713     0.00000     0.00000     0.00000     0.06319     0.00000
     2.65000    -0.01483     0.00035     0.00706     0.00000     0.00000     0.00000     0.06302     0.00000
     2.65500    -0.01470     0.00036     0.00699     0.00000     0.00000     0.00000     0.06285     0.00000
     2.66000    -0.01458     0.00036     0.00692     0.00000     0.00000     0.00000     0.06268     0.00000
     2.66500    -0.01445     0.00036     0.00686     0.00000     0.00000     0.00000     0.06251     0.00000
     2.67000    -0.01433     0.00036     0.00679     0.00000     0.00000     0.00000     0.06234     0.00000
     2.67500    -0.01421     0.00036     0.00672     0.00000     0.00000     0.00000     0.06217     0.00000
     2.68000    -0.01408     0.00036     0.00666     0.00000     0.00000     0.00000     0.06200     0.00000
     2.68500    -0.01396     0.00036     0.00659     0.00000     0.00000     0.00000     0.06183     0.00000
     2.69000    -0.01384     0.00036     0.00653     0.00000     0.00000     0.00000     0.06166     0.00000
     2.69500    -0.01373     0.00036     0.00646     0.00000     0.00000     0.00000     0.06150     0.00000
     2.70000    -0.01361     0.00036     0.00640     0.00000     0.00000     0.00000     0.06133     0.00000
     2.70500    -0.01349     0.00036     0.00634     0.00000     0.00000     0.00000     0.06116     0.00000
     2.71000    -0.01338     0.00036     0.00627     0.00000     0.00000     0.00000     0.06100     0.00000
     2.71500    -0.01326     0.00036     0.00621     0.00000     0.00000     0.00000     0.06084     0.00000
     2.72000    -0.01315     0.00036     0.00615     0.00000     0.00000     0.00000     0.06067     0.00000
     2.72500    -0.01304     0.00036     0.00609     0.00000     0.00000     0.00000     0.06051     0.00000
     2.73000    -0.01293     0.00036     0.00603     0.00000     0.00000     0.00000     0.06035     0.00000
     2.73500    -0.01281     0.00036     0.00597     0.00000     0.00000     0.00000     0.06019     0.00000
     2.74000    -0.01270     0.00036     0.00591     0.00000     0.00000     0.00000     0.06003     0.00000
     2.74500    -0.01260     0.00036     0.00586     0.00000     0.00000     0.00000     0.05986     0.00000
     2.75000    -0.01249     0.00036     0.00580     0.00000     0.00000     0.00000     0.05971     0.00000
     2.75500    -0.01238     0.00036     0.00574     0.00000     0.00000     0.00000     0.05955     0.00000
     2.76000    -0.01227     0.00036     0.00569     0.00000     0.00000     0.00000     0.05939     0.00000
     2.76500    -0.01217     0.00036     0.00563     0.00000     0.00000     0.00000     0.05923     0.00000
     2.77000    -0.01207     0.00036     0.00557     0.00000     0.00000     0.00000     0.05907     0.00000
     2.77500    -0.01196     0.00036     0.00552     0.00000     0.00000     0.00000     0.05892     0.00000
     2.78000    -0.01186     0.00036     0.00547     0.00000     0.00000     0.00000     0.05876     0.00000
     2.78500    -0.01176     0.00036     0.00541     0.00000     0.00000     0.00000     0.05861     0.00000
     2.79000    -0.01166     0.00036     0.00536     0.00000     0.00000     0.00000     0.05845     0.00000
     2.79500    -0.01156     0.00036     0.00531     0.00000     0.00000     0.00000     0.05830     0.00000
     2.80000    -0.01146     0.00036     0.00526     0.00000     0.00000     0.00000     0.05814     0.00000
     2.80500    -0.01136     0.00036     0.00520     0.00000     0.00000     0.00000     0.05799     0.00000
     2.81000    -0.01126     0.00036     0.00515     0.00000     0.00000     0.00000     0.05784     0.00000
     2.81500    -0.01117     0.00036     0.00510     0.00000     0.00000     0.00000     0.05769     0.00000
     2.82000    -0.01107     0.00036     0.00505     0.00000     0.00000     0.00000     0.05754     0.00000
     2.82500    -0.01097     0.00036     0.00500     0.00000     0.00000     0.00000     0.05739     0.00000
     2.83000    -0.01088     0.00036     0.00495     0.00000     0.00000     0.00000     0.05724     0.00000
     2.83500    -0.01079     0.00036     0.00491     0.00000     0.00000     0.00000     0.05709     0.00000
     2.84000    -0.01069     0.00036     0.00486     0.00000     0.00000     0.00000     0.05694     0.00000
     2.84500    -0.01060     0.00036     0.00481     0.00000     0.00000     0.00000     0.05679     0.00000
     2.85000    -0.01051     0.00036     0.00476     0.00000     0.00000     0.00000     0.05664     0.00000
     2.85500    -0.01042     0.00036     0.00472     0.00000     0.00000     0.00000     0.05650     0.00000
     2.86000    -0.01033     0.00036     0.00467     0.00000     0.00000     0.00000     0.05635     0.00000
     2.86500    -0.01024     0.00036     0.00462     0.00000     0.00000     0.00000     0.05621     0.00000
     2.87000    -0.01015     0.00035     0.00458     0.00000     0.00000     0.00000     0.05606     0.00000
     2.87500    -0.01007     0.00035     0.00453     0.00000     0.00000     0.00000     0.05592     0.00000
     2.88000    -0.00998     0.00035     0.00449     0.00000     0.00000     0.00000     0.05577     0.00000
     2.88500    -0.00990     0.00035     0.00445     0.00000     0.00000     0.00000     0.05563     0.00000
     2.89000    -0.00981     0.00035     0.00440     0.00000     0.00000     0.00000     0.05549     0.00000
     2.89500    -0.00973     0.00035     0.00436     0.00000     0.00000     0.00000     0.05534     0.00000
     2.90000    -0.00964     0.00035     0.00432     0.00000     0.00000     0.00000     0.05520     0.00000
     2.90500    -0.00956     0.00035     0.00427     0.00000     0.00000     0.00000     0.05506     0.00000
     2.91000    -0.00948     0.00035     0.00423     0.00000     0.00000     0.00000     0.05492     0.00000
     2.91500    -0.00940     0.00035     0.00419     0.00000     0.00000     0.00000     0.05478     0.00000
     2.92000    -0.00931     0.00035     0.00415     0.00000     0.00000     0.00000     0.05464     0.00000
     2.92500    -0.00923     0.00035     0.00411     0.00000     0.00000     0.00000     0.05450     0.00000
     2.93000    -0.00916     0.00035     0.00407     0.00000     0.00000     0.00000     0.05436     0.00000
     2.93500    -0.00908     0.00034     0.00403     0.00000     0.00000     0.00000     0.05422     0.00000
     2.94000    -0.00900     0.00034     0.00399     0.00000     0.00000     0.00000     0.05409     0.00000
     2.94500    -0.00892     0.00034     0.00395     0.00000     0.00000     0.00000     0.05395     0.00000
     2.95000    -0.00884     0.00034     0.00391     0.00000     0.00000     0.00000     0.05381     0.00000
     2.95500    -0.00877     0.00034     0.00387     0.00000     0.00000     0.00000     0.05368     0.00000
     2.96000    -0.00869     0.00034     0.00384     0.00000     0.00000     0.00000     0.05354     0.00000
     2.96500    -0.00862     0.00034     0.00380     0.00000     0.00000     0.00000     0.05341     0.00000
     2.97000    -0.00854     0.00034     0.00376     0.00000     0.00000     0.00000     0.05327     0.00000
     2.97500    -0.00847     0.00034     0.00373     0.00000     0.00000     0.00000     0.05314     0.00000
     2.98000    -0.00840     0.00034     0.00369     0.00000     0.00000     0.00000     0.05300     0.00000
     2.98500    -0.00832     0.00033     0.00365     0.00000     0.00000     0.00000     0.05287     0.00000
     2.99000    -0.00825     0.00033     0.00362     0.00000     0.00000     0.00000     0.05274     0.00000
     2.99500    -0.00818     0.00033     0.00358     0.00000     0.00000     0.00000     0.05261     0.00000
     3.00000    -0.00811     0.00033     0.00355     0.00000     0.00000     0.00000     0.05248     0.00000
     3.00500    -0.00804     0.00033     0.00351     0.00000     0.00000     0.00000     0.05234     0.00000
     3.01000    -0.00797     0.00033     0.00348     0.00000     0.00000     0.00000     0.05221     0.00000
     3.01500    -0.00790     0.00033     0.00344     0.00000     0.00000     0.00000     0.05208     0.00000
     3.02000    -0.00783     0.00033     0.00341     0.00000     0.00000     0.00000     0.05195     0.00000
     3.02500    -0.00777     0.00032     0.00338     0.00000     0.00000     0.00000     0.05183     0.00000
     3.03000    -0.00770     0.00032     0.00334     0.00000     0.00000     0.00000     0.05170     0.00000
     3.03500    -0.00763     0.00032     0.00331     0.00000     0.00000     0.00000     0.05157     0.00000
     3.04000    -0.00757     0.00032     0.00328     0.00000     0.00000     0.00000     0.05144     0.00000
     3.04500    -0.00750     0.00032     0.00325     0.00000     0.00000     0.00000     0.05131     0.00000
     3.05000    -0.00744     0.00032     0.00322     0.00000     0.00000     0.00000     0.05119     0.00000
     3.05500    -0.00737     0.00032     0.00318     0.00000     0.00000     0.00000     0.05106     0.00000
     3.06000    -0.00731     0.00032     0.00315     0.00000     0.00000     0.00000     0.05094     0.00000
     3.06500    -0.00725     0.00032     0.00312     0.00000     0.00000     0.00000     0.05081     0.00000
     3.07000    -0.00718     0.00031     0.00309     0.00000     0.00000     0.00000     0.05069     0.00000
     3.07500    -0.00712     0.00031     0.00306     0.00000     0.00000     0.00000     0.05056     0.00000
     3.08000    -0.00706     0.00031     0.00303     0.00000     0.00000     0.00000     0.05044     0.00000
     3.08500    -0.00700     0.00031     0.00300     0.00000     0.00000     0.00000     0.05031     0.00000
     3.09000    -0.00694     0.00031     0.00297     0.00000     0.00000     0.00000     0.05019     0.00000
     3.09500    -0.00688     0.00031     0.00294     0.00000     0.00000     0.00000     0.05007     0.00000
     3.10000    -0.00682     0.00031     0.00292     0.00000     0.00000     0.00000     0.04995     0.00000
     3.10500    -0.00676     0.00031     0.00289     0.00000     0.00000     0.00000     0.04983     0.00000
     3.11000    -0.00670     0.00030     0.00286     0.00000     0.00000     0.00000     0.04970     0.00000
     3.11500    -0.00664     0.00030     0.00283     0.00000     0.00000     0.00000     0.04958     0.00000
     3.12000    -0.00659     0.00030     0.00280     0.00000     0.00000     0.00000     0.04946     0.00000
     3.12500    -0.00653     0.00030     0.00278     0.00000     0.00000     0.00000     0.04934     0.00000
     3.13000    -0.00647     0.00030     0.00275     0.00000     0.00000     0.00000     0.04922     0.00000
     3.13500    -0.00642     0.00030     0.00272     0.00000     0.00000     0.00000     0.04910     0.00000
     3.14000    -0.00636     0.00030     0.00270     0.00000     0.00000     0.00000     0.04899     0.00000
     3.14500    -0.00631     0.00029     0.00267     0.00000     0.00000     0.00000     0.04887     0.00000
     3.15000    -0.00625     0.00029     0.00264     0.00000     0.00000     0.00000     0.04875     0.00000
     3.15500    -0.00620     0.00029     0.00262     0.00000     0.00000     0.00000     0.04863     0.00000
     3.16000    -0.00614     0.00029     0.00259     0.00000     0.00000     0.00000     0.04852     0.00000
     3.16500    -0.00609     0.00029     0.00257     0.00000     0.00000     0.00000     0.04840     0.00000
     3.17000    -0.00604     0.00029     0.00254     0.00000     0.00000     0.00000     0.04828     0.00000
     3.17500    -0.00599     0.00029     0.00252     0.00000     0.00000     0.00000     0.04817     0.00000
     3.18000    -0.00593     0.00029     0.00249     0.00000     0.00000     0.00000     0.04805     0.00000
     3.18500    -0.00588     0.00028     0.00247     0.00000     0.00000     0.00000     0.04794     0.00000
     3.19000    -0.00583     0.00028     0.00244     0.00000     0.00000     0.00000     0.04782     0.00000
     3.19500    -0.00578     0.00028     0.00242     0.00000     0.00000     0.00000     0.04771     0.00000
     3.20000    -0.00573     0.00028     0.00240     0.00000     0.00000     0.00000     0.04760     0.00000
     3.20500    -0.00568     0.00028     0.00237     0.00000     0.00000     0.00000     0.04748     0.00000
     3.21000    -0.00563     0.00028     0.00235     0.00000     0.00000     0.00000     0.04737     0.00000
     3.21500    -0.00558     0.00028     0.00233     0.00000     0.00000     0.00000     0.04726     0.00000
     3.22000    -0.00554     0.00027     0.00231     0.00000     0.00000     0.00000     0.04715     0.00000
     3.22500    -0.00549     0.00027     0.00228     0.00000     0.00000     0.00000     0.04704     0.00000
     3.23000    -0.00544     0.00027     0.00226     0.00000     0.00000     0.00000     0.04692     0.00000
     3.23500    -0.00539     0.00027     0.00224     0.00000     0.00000     0.00000     0.04681     0.00000
     3.24000    -0.00535     0.00027     0.00222     0.00000     0.00000     0.00000     0.04670     0.00000
     3.24500    -0.00530     0.00027     0.00220     0.00000     0.00000     0.00000     0.04659     0.00000
     3.25000    -0.00525     0.00027     0.00217     0.00000     0.00000     0.00000     0.04648     0.00000
     3.25500    -0.00521     0.00026     0.00215     0.00000     0.00000     0.00000     0.04637     0.00000
     3.26000    -0.00516     0.00026     0.00213     0.00000     0.00000     0.00000     0.04627     0.00000
     3.26500    -0.00512     0.00026     0.00211     0.00000     0.00000     0.00000     0.04616     0.00000
     3.27000    -0.00507     0.00026     0.00209     0.00000     0.00000     0.00000     0.04605     0.00000
     3.27500    -0.00503     0.00026     0.00207     0.00000     0.00000     0.00000     0.04594     0.00000
     3.28000    -0.00499     0.00026     0.00205     0.00000     0.00000     0.00000     0.04583     0.00000
     3.28500    -0.00494     0.00026     0.00203     0.00000     0.00000     0.00000     0.04573     0.00000
     3.29000    -0.00490     0.00026     0.00201     0.00000     0.00000     0.00000     0.04562     0.00000
     3.29500    -0.00486     0.00025     0.00199     0.00000     0.00000     0.00000     0.04551     0.00000
     3.30000    -0.00482     0.00025     0.00197     0.00000     0.00000     0.00000     0.04541     0.00000
     3.30500    -0.00477     0.00025     0.00195     0.00000     0.00000     0.00000     0.04530     0.00000
     3.31000    -0.00473     0.00025     0.00193     0.00000     0.00000     0.00000     0.04520     0.00000
     3.31500    -0.00469     0.00025     0.00191     0.00000     0.00000     0.00000     0.04509     0.00000
     3.32000    -0.00465     0.00025     0.00190     0.00000     0.00000     0.00000     0.04499     0.00000
     3.32500    -0.00461     0.00025     0.00188     0.00000     0.00000     0.00000     0.04489     0.00000
     3.33000    -0.00457     0.00024     0.00186     0.00000     0.00000     0.00000     0.04478     0.00000
     3.33500    -0.00453     0.00024     0.00184     0.00000     0.00000     0.00000     0.04468     0.00000
     3.34000    -0.00449     0.00024     0.00182     0.00000     0.00000     0.00000     0.04458     0.00000
     3.34500    -0.00445     0.00024     0.00181     0.00000     0.00000     0.00000     0.04447     0.00000
     3.35000    -0.00441     0.00024     0.00179     0.00000     0.00000     0.00000     0.04437     0.00000
     3.35500    -0.00438     0.00024     0.00177     0.00000     0.00000     0.00000     0.04427     0.00000
     3.36000    -0.00434     0.00024     0.00175     0.00000     0.00000     0.00000     0.04417     0.00000
     3.36500    -0.00430     0.00024     0.00174     0.00000     0.00000     0.00000     0.04407     0.00000
     3.37000    -0.00426     0.00023     0.00172     0.00000     0.00000     0.00000     0.04397     0.00000
     3.37500    -0.00423     0.00023     0.00170     0.00000     0.00000     0.00000     0.04387     0.00000
     3.38000    -0.00419     0.00023     0.00169     0.00000     0.00000     0.00000     0.04377     0.00000
     3.38500    -0.00415     0.00023     0.00167     0.00000     0.00000     0.00000     0.04367     0.00000
     3.39000    -0.00412     0.00023     0.00165     0.00000     0.00000     0.00000     0.04357     0.00000
     3.39500    -0.00408     0.00023     0.00164     0.00000     0.00000     0.00000     0.04347     0.00000
     3.40000    -0.00405     0.00023     0.00162     0.00000     0.00000     0.00000     0.04337     0.00000
     3.40500    -0.00401     0.00022     0.00161     0.00000     0.00000     0.00000     0.04327     0.00000
     3.41000    -0.00398     0.00022     0.00159     0.00000     0.00000     0.00000     0.04317     0.00000
     3.41500    -0.00394     0.00022     0.00157     0.00000     0.00000     0.00000     0.04307     0.00000
     3.42000    -0.00391     0.00022     0.00156     0.00000     0.00000     0.00000     0.04298     0.00000
     3.42500    -0.00387     0.00022     0.00154     0.00000     0.00000     0.00000     0.04288     0.00000
     3.43000    -0.00384     0.00022     0.00153     0.00000     0.00000     0.00000     0.04278     0.00000
     3.43500    -0.00381     0.00022     0.00151     0.00000     0.00000     0.00000     0.04269     0.00000
     3.44000    -0.00377     0.00022     0.00150     0.00000     0.00000     0.00000     0.04259     0.00000
     3.44500    -0.00374     0.00021     0.00149     0.00000     0.00000     0.00000     0.04249     0.00000
     3.45000    -0.00371     0.00021     0.00147     0.00000     0.00000     0.00000     0.04240     0.00000
     3.45500    -0.00367     0.00021     0.00146     0.00000     0.00000     0.00000     0.04230     0.00000
     3.46000    -0.00364     0.00021     0.00144     0.00000     0.00000     0.00000     0.04221     0.00000
     3.46500    -0.00361     0.00021     0.00143     0.00000     0.00000     0.00000     0.04211     0.00000
     3.47000    -0.00358     0.00021     0.00141     0.00000     0.00000     0.00000     0.04202     0.00000
     3.47500    -0.00355     0.00021     0.00140     0.00000     0.00000     0.00000     0.04193     0.00000
     3.48000    -0.00352     0.00021     0.00139     0.00000     0.00000     0.00000     0.04183     0.00000
     3.48500    -0.00349     0.00020     0.00137     0.00000     0.00000     0.00000     0.04174     0.00000
     3.49000    -0.00346     0.00020     0.00136     0.00000     0.00000     0.00000     0.04165     0.00000
     3.49500    -0.00343     0.00020     0.00135     0.00000     0.00000     0.00000     0.04155     0.00000
     3.50000    -0.00340     0.00020     0.00133     0.00000     0.00000     0.00000     0.04146     0.00000
     3.50500    -0.00337     0.00020     0.00132     0.00000     0.00000     0.00000     0.04137     0.00000
     3.51000    -0.00334     0.00020     0.00131     0.00000     0.00000     0.00000     0.04128     0.00000
     3.51500    -0.00331     0.00020     0.00130     0.00000     0.00000     0.00000     0.04119     0.00000
     3.52000    -0.00328     0.00020     0.00128     0.00000     0.00000     0.00000     0.04110     0.00000
     3.52500    -0.00325     0.00019     0.00127     0.00000     0.00000     0.00000     0.04101     0.00000
     3.53000    -0.00322     0.00019     0.00126     0.00000     0.00000     0.00000     0.04091     0.00000
     3.53500    -0.00319     0.00019     0.00125     0.00000     0.00000     0.00000     0.04082     0.00000
     3.54000    -0.00317     0.00019     0.00123     0.00000     0.00000     0.00000     0.04073     0.00000
     3.54500    -0.00314     0.00019     0.00122     0.00000     0.00000     0.00000     0.04065     0.00000
     3.55000    -0.00311     0.00019     0.00121     0.00000     0.00000     0.00000     0.04056     0.00000
     3.55500    -0.00308     0.00019     0.00120     0.00000     0.00000     0.00000     0.04047     0.00000
     3.56000    -0.00306     0.00019     0.00119     0.00000     0.00000     0.00000     0.04038     0.00000
     3.56500    -0.00303     0.00019     0.00118     0.00000     0.00000     0.00000     0.04029     0.00000
     3.57000    -0.00300     0.00018     0.00116     0.00000     0.00000     0.00000     0.04020     0.00000
     3.57500    -0.00298     0.00018     0.00115     0.00000     0.00000     0.00000     0.04011     0.00000
     3.58000    -0.00295     0.00018     0.00114     0.00000     0.00000     0.00000     0.04003     0.00000
     3.58500    -0.00293     0.00018     0.00113     0.00000     0.00000     0.00000     0.03994     0.00000
     3.59000    -0.00290     0.00018     0.00112     0.00000     0.00000     0.00000     0.03985     0.00000
     3.59500    -0.00288     0.00018     0.00111     0.00000     0.00000     0.00000     0.03977     0.00000
     3.60000    -0.00285     0.00018     0.00110     0.00000     0.00000     0.00000     0.03968     0.00000
     3.60500    -0.00283     0.00018     0.00109     0.00000     0.00000     0.00000     0.03959     0.00000
     3.61000    -0.00280     0.00017     0.00108     0.00000     0.00000     0.00000     0.03951     0.00000
     3.61500    -0.00278     0.00017     0.00107     0.00000     0.00000     0.00000     0.03942     0.00000
     3.62000    -0.00275     0.00017     0.00106     0.00000     0.00000     0.00000     0.03934     0.00000
     3.62500    -0.00273     0.00017     0.00105     0.00000     0.00000     0.00000     0.03925     0.00000
     3.63000    -0.00271     0.00017     0.00104     0.00000     0.00000     0.00000     0.03917     0.00000
     3.63500    -0.00268     0.00017     0.00103     0.00000     0.00000     0.00000     0.03908     0.00000
     3.64000    -0.00266     0.00017     0.00102     0.00000     0.00000     0.00000     0.03900     0.00000
     3.64500    -0.00263     0.00017     0.00101     0.00000     0.00000     0.00000     0.03891     0.00000
     3.65000    -0.00261     0.00017     0.00100     0.00000     0.00000     0.00000     0.03883     0.00000
     3.65500    -0.00259     0.00017     0.00099     0.00000     0.00000     0.00000     0.03875     0.00000
     3.66000    -0.00257     0.00016     0.00098     0.00000     0.00000     0.00000     0.03866     0.00000
     3.66500    -0.00254     0.00016     0.00097     0.00000     0.00000     0.00000     0.03858     0.00000
     3.67000    -0.00252     0.00016     0.00096     0.00000     0.00000     0.00000     0.03850     0.00000
     3.67500    -0.00250     0.00016     0.00095     0.00000     0.00000     0.00000     0.03842     0.00000
     3.68000    -0.00248     0.00016     0.00094     0.00000     0.00000     0.00000     0.03833     0.00000
     3.68500    -0.00246     0.00016     0.00093     0.00000     0.00000     0.00000     0.03825     0.00000
     3.69000    -0.00244     0.00016     0.00092     0.00000     0.00000     0.00000     0.03817     0.00000
     3.69500    -0.00241     0.00016     0.00091     0.00000     0.00000     0.00000     0.03809     0.00000
     3.70000    -0.00239     0.00016     0.00090     0.00000     0.00000     0.00000     0.03801     0.00000
     3.70500    -0.00237     0.00015     0.00090     0.00000     0.00000     0.00000     0.03793     0.00000
     3.71000    -0.00235     0.00015     0.00089     0.00000     0.00000     0.00000     0.03785     0.00000
     3.71500    -0.00233     0.00015     0.00088     0.00000     0.00000     0.00000     0.03777     0.00000
     3.72000    -0.00231     0.00015     0.00087     0.00000     0.00000     0.00000     0.03769     0.00000
     3.72500    -0.00229     0.00015     0.00086     0.00000     0.00000     0.00000     0.03761     0.00000
     3.73000    -0.00227     0.00015     0.00085     0.00000     0.00000     0.00000     0.03753     0.00000
     3.73500    -0.00225     0.00015     0.00084     0.00000     0.00000     0.00000     0.03745     0.00000
     3.74000    -0.00223     0.00015     0.00084     0.00000     0.00000     0.00000     0.03737     0.00000
     3.74500    -0.00221     0.00015     0.00083     0.00000     0.00000     0.00000     0.03729     0.00000
     3.75000    -0.00219     0.00015     0.00082     0.00000     0.00000     0.00000     0.03721     0.00000
     3.75500    -0.00217     0.00014     0.00081     0.00000     0.00000     0.00000     0.03713     0.00000
     3.76000    -0.00215     0.00014     0.00080     0.00000     0.00000     0.00000     0.03706     0.00000
     3.76500    -0.00213     0.00014     0.00080     0.00000     0.00000     0.00000     0.03698     0.00000
     3.77000    -0.00212     0.00014     0.00079     0.00000     0.00000     0.00000     0.03690     0.00000
     3.77500    -0.00210     0.00014     0.00078     0.00000     0.00000     0.00000     0.03682     0.00000
     3.78000    -0.00208     0.00014     0.00077     0.00000     0.00000     0.00000     0.03675     0.00000
     3.78500    -0.00206     0.00014     0.00077     0.00000     0.00000     0.00000     0.03667     0.00000
     3.79000    -0.00204     0.00014     0.00076     0.00000     0.00000     0.00000     0.03659     0.00000
     3.79500    -0.00203     0.00014     0.00075     0.00000     0.00000     0.00000     0.03652     0.00000
     3.80000    -0.00201     0.00014     0.00074     0.00000     0.00000     0.00000     0.03644     0.00000
     3.80500    -0.00199     0.00013     0.00074     0.00000     0.00000     0.00000     0.03637     0.00000
     3.81000    -0.00197     0.00013     0.00073     0.00000     0.00000     0.00000     0.03629     0.00000
     3.81500    -0.00196     0.00013     0.00072     0.00000     0.00000     0.00000     0.03621     0.00000
     3.82000    -0.00194     0.00013     0.00072     0.00000     0.00000     0.00000     0.03614     0.00000
     3.82500    -0.00192     0.00013     0.00071     0.00000     0.00000     0.00000     0.03606     0.00000
     3.83000    -0.00190     0.00013     0.00070     0.00000     0.00000     0.00000     0.03599     0.00000
     3.83500    -0.00189     0.00013     0.00070     0.00000     0.00000     0.00000     0.03592     0.00000
     3.84000    -0.00187     0.00013     0.00069     0.00000     0.00000     0.00000     0.03584     0.00000
     3.84500    -0.00185     0.00013     0.00068     0.00000     0.00000     0.00000     0.03577     0.00000
     3.85000    -0.00184     0.00013     0.00068     0.00000     0.00000     0.00000     0.03569     0.00000
     3.85500    -0.00182     0.00013     0.00067     0.00000     0.00000     0.00000     0.03562     0.00000
     3.86000    -0.00181     0.00012     0.00066     0.00000     0.00000     0.00000     0.03555     0.00000
     3.86500    -0.00179     0.00012     0.00066     0.00000     0.00000     0.00000     0.03547     0.00000
     3.87000    -0.00177     0.00012     0.00065     0.00000     0.00000     0.00000     0.03540     0.00000
     3.87500    -0.00176     0.00012     0.00064     0.00000     0.00000     0.00000     0.03533     0.00000
     3.88000    -0.00174     0.00012     0.00064     0.00000     0.00000     0.00000     0.03526     0.00000
     3.88500    -0.00173     0.00012     0.00063     0.00000     0.00000     0.00000     0.03518     0.00000
     3.89000    -0.00171     0.00012     0.00063     0.00000     0.00000     0.00000     0.03511     0.00000
     3.89500    -0.00170     0.00012     0.00062     0.00000     0.00000     0.00000     0.03504     0.00000
     3.90000    -0.00168     0.00012     0.00061     0.00000     0.00000     0.00000     0.03497     0.00000
     3.90500    -0.00167     0.00012     0.00061     0.00000     0.00000     0.00000     0.03490     0.00000
     3.91000    -0.00165     0.00012     0.00060     0.00000     0.00000     0.00000     0.03483     0.00000
     3.91500    -0.00164     0.00012     0.00060     0.00000     0.00000     0.00000     0.03476     0.00000
     3.92000    -0.00163     0.00011     0.00059     0.00000     0.00000     0.00000     0.03469     0.00000
     3.92500    -0.00161     0.00011     0.00058     0.00000     0.00000     0.00000     0.03461     0.00000
     3.93000    -0.00160     0.00011     0.00058     0.00000     0.00000     0.00000     0.03454     0.00000
     3.93500    -0.00158     0.00011     0.00057     0.00000     0.00000     0.00000     0.03447     0.00000
     3.94000    -0.00157     0.00011     0.00057     0.00000     0.00000     0.00000     0.03441     0.00000
     3.94500    -0.00156     0.00011     0.00056     0.00000     0.00000     0.00000     0.03434     0.00000
     3.95000    -0.00154     0.00011     0.00056     0.00000     0.00000     0.00000     0.03427     0.00000
     3.95500    -0.00153     0.00011     0.00055     0.00000     0.00000     0.00000     0.03420     0.00000
     3.96000    -0.00151     0.00011     0.00055     0.00000     0.00000     0.00000     0.03413     0.00000
     3.96500    -0.00150     0.00011     0.00054     0.00000     0.00000     0.00000     0.03406     0.00000
     3.97000    -0.00149     0.00011     0.00054     0.00000     0.00000     0.00000     0.03399     0.00000
     3.97500    -0.00148     0.00011     0.00053     0.00000     0.00000     0.00000     0.03392     0.00000
     3.98000    -0.00146     0.00011     0.00053     0.00000     0.00000     0.00000     0.03385     0.00000
     3.98500    -0.00145     0.00010     0.00052     0.00000     0.00000     0.00000     0.03379     0.00000
     3.99000    -0.00144     0.00010     0.00052     0.00000     0.00000     0.00000     0.03372     0.00000
     3.99500    -0.00142     0.00010     0.00051     0.00000     0.00000     0.00000     0.03365     0.00000
     4.00000    -0.00141     0.00010     0.00051     0.00000     0.00000     0.00000     0.03358     0.00000
