 # F37_1950 FF
     0.00000     0.67223    -0.13089    -0.32871     0.00000     0.00000     0.00000     0.23543    10.87714
     0.00500     0.66351    -0.12988    -0.32296     0.00000     0.00000     0.00000     0.23310     8.52971
     0.01000     0.65491    -0.12886    -0.31732     0.00000     0.00000     0.00000     0.23079     6.99156
     0.01500     0.64643    -0.12784    -0.31179     0.00000     0.00000     0.00000     0.22853     5.90609
     0.02000     0.63806    -0.12683    -0.30636     0.00000     0.00000     0.00000     0.22629     5.09939
     0.02500     0.62981    -0.12581    -0.30104     0.00000     0.00000     0.00000     0.22409     4.47650
     0.03000     0.62168    -0.12480    -0.29583     0.00000     0.00000     0.00000     0.22192     3.98119
     0.03500     0.61366    -0.12378    -0.29071     0.00000     0.00000     0.00000     0.21978     3.57804
     0.04000     0.60574    -0.12277    -0.28569     0.00000     0.00000     0.00000     0.21767     3.24362
     0.04500     0.59794    -0.12176    -0.28077     0.00000     0.00000     0.00000     0.21559     2.96184
     0.05000     0.59025    -0.12075    -0.27594     0.00000     0.00000     0.00000     0.21354     2.72125
     0.05500     0.58266    -0.11974    -0.27120     0.00000     0.00000     0.00000     0.21153     2.51350
     0.06000     0.57517    -0.11874    -0.26655     0.00000     0.00000     0.00000     0.20953     2.33234
     0.06500     0.56779    -0.11774    -0.26199     0.00000     0.00000     0.00000     0.20757     2.17304
     0.07000     0.56051    -0.11674    -0.25751     0.00000     0.00000     0.00000     0.20564     2.03189
     0.07500     0.55332    -0.11575    -0.25312     0.00000     0.00000     0.00000     0.20373     1.90601
     0.08000     0.54624    -0.11475    -0.24881     0.00000     0.00000     0.00000     0.20185     1.79307
     0.08500     0.53925    -0.11376    -0.24458     0.00000     0.00000     0.00000     0.19999     1.69121
     0.09000     0.53236    -0.11278    -0.24043     0.00000     0.00000     0.00000     0.19816     1.59889
     0.09500     0.52556    -0.11180    -0.23636     0.00000     0.00000     0.00000     0.19635     1.51486
     0.10000     0.51885    -0.11082    -0.23237     0.00000     0.00000     0.00000     0.19457     1.43807
     0.10500     0.51224    -0.10985    -0.22844     0.00000     0.00000     0.00000     0.19282     1.36764
     0.11000     0.50571    -0.10888    -0.22459     0.00000     0.00000     0.00000     0.19108     1.30283
     0.11500     0.49927    -0.10791    -0.22082     0.00000     0.00000     0.00000     0.18937     1.24301
     0.12000     0.49292    -0.10695    -0.21711     0.00000     0.00000     0.00000     0.18769     1.18764
     0.12500     0.48665    -0.10600    -0.21347     0.00000     0.00000     0.00000     0.18602     1.13625
     0.13000     0.48047    -0.10504    -0.20989     0.00000     0.00000     0.00000     0.18438     1.08843
     0.13500     0.47438    -0.10410    -0.20639     0.00000     0.00000     0.00000     0.18276     1.04385
     0.14000     0.46836    -0.10316    -0.20294     0.00000     0.00000     0.00000     0.18116     1.00218
     0.14500     0.46242    -0.10222    -0.19956     0.00000     0.00000     0.00000     0.17958     0.96317
     0.15000     0.45657    -0.10129    -0.19624     0.00000     0.00000     0.00000     0.17802     0.92657
     0.15500     0.45079    -0.10036    -0.19298     0.00000     0.00000     0.00000     0.17648     0.89217
     0.16000     0.44509    -0.09944    -0.18978     0.00000     0.00000     0.00000     0.17497     0.85980
     0.16500     0.43947    -0.09853    -0.18664     0.00000     0.00000     0.00000     0.17347     0.82928
     0.17000     0.43392    -0.09762    -0.18355     0.00000     0.00000     0.00000     0.17199     0.80046
     0.17500     0.42845    -0.09671    -0.18052     0.00000     0.00000     0.00000     0.17053     0.77321
     0.18000     0.42305    -0.09581    -0.17755     0.00000     0.00000     0.00000     0.16908     0.74741
     0.18500     0.41772    -0.09492    -0.17463     0.00000     0.00000     0.00000     0.16766     0.72296
     0.19000     0.41246    -0.09403    -0.17176     0.00000     0.00000     0.00000     0.16625     0.69975
     0.19500     0.40727    -0.09315    -0.16894     0.00000     0.00000     0.00000     0.16487     0.67769
     0.20000     0.40215    -0.09227    -0.16617     0.00000     0.00000     0.00000     0.16350     0.65672
     0.20500     0.39710    -0.09140    -0.16345     0.00000     0.00000     0.00000     0.16214     0.63675
     0.21000     0.39211    -0.09054    -0.16078     0.00000     0.00000     0.00000     0.16080     0.61771
     0.21500     0.38719    -0.08968    -0.15816     0.00000     0.00000     0.00000     0.15948     0.59955
     0.22000     0.38234    -0.08883    -0.15558     0.00000     0.00000     0.00000     0.15818     0.58220
     0.22500     0.37755    -0.08798    -0.15305     0.00000     0.00000     0.00000     0.15689     0.56563
     0.23000     0.37282    -0.08714    -0.15056     0.00000     0.00000     0.00000     0.15562     0.54978
     0.23500     0.36816    -0.08630    -0.14812     0.00000     0.00000     0.00000     0.15436     0.53460
     0.24000     0.36355    -0.08547    -0.14572     0.00000     0.00000     0.00000     0.15312     0.52006
     0.24500     0.35901    -0.08465    -0.14337     0.00000     0.00000     0.00000     0.15189     0.50613
     0.25000     0.35453    -0.08383    -0.14105     0.00000     0.00000     0.00000     0.15068     0.49275
     0.25500     0.35010    -0.08302    -0.13877     0.00000     0.00000     0.00000     0.14948     0.47992
     0.26000     0.34574    -0.08222    -0.13654     0.00000     0.00000     0.00000     0.14829     0.46758
     0.26500     0.34143    -0.08142    -0.13434     0.00000     0.00000     0.00000     0.14712     0.45573
     0.27000     0.33717    -0.08063    -0.13218     0.00000     0.00000     0.00000     0.14597     0.44433
     0.27500     0.33298    -0.07984    -0.13006     0.00000     0.00000     0.00000     0.14483     0.43335
     0.28000     0.32884    -0.07906    -0.12798     0.00000     0.00000     0.00000     0.14370     0.42278
     0.28500     0.32475    -0.07829    -0.12593     0.00000     0.00000     0.00000     0.14258     0.41260
     0.29000     0.32071    -0.07752    -0.12392     0.00000     0.00000     0.00000     0.14148     0.40278
     0.29500     0.31673    -0.07676    -0.12194     0.00000     0.00000     0.00000     0.14039     0.39332
     0.30000     0.31280    -0.07600    -0.12000     0.00000     0.00000     0.00000     0.13931     0.38418
     0.30500     0.30892    -0.07525    -0.11809     0.00000     0.00000     0.00000     0.13824     0.37536
     0.31000     0.30509    -0.07451    -0.11621     0.00000     0.00000     0.00000     0.13719     0.36684
     0.31500     0.30131    -0.07377    -0.11436     0.00000     0.00000     0.00000     0.13615     0.35861
     0.32000     0.29758    -0.07304    -0.11255     0.00000     0.00000     0.00000     0.13512     0.35065
     0.32500     0.29390    -0.07231    -0.11077     0.00000     0.00000     0.00000     0.13410     0.34295
     0.33000     0.29027    -0.07159    -0.10902     0.00000     0.00000     0.00000     0.13310     0.33550
     0.33500     0.28668    -0.07088    -0.10729     0.00000     0.00000     0.00000     0.13210     0.32829
     0.34000     0.28314    -0.07017    -0.10560     0.00000     0.00000     0.00000     0.13112     0.32130
     0.34500     0.27964    -0.06947    -0.10394     0.00000     0.00000     0.00000     0.13014     0.31454
     0.35000     0.27619    -0.06877    -0.10230     0.00000     0.00000     0.00000     0.12918     0.30798
     0.35500     0.27279    -0.06809    -0.10069     0.00000     0.00000     0.00000     0.12823     0.30163
     0.36000     0.26943    -0.06740    -0.09911     0.00000     0.00000     0.00000     0.12729     0.29546
     0.36500     0.26611    -0.06672    -0.09756     0.00000     0.00000     0.00000     0.12636     0.28949
     0.37000     0.26283    -0.06605    -0.09603     0.00000     0.00000     0.00000     0.12544     0.28368
     0.37500     0.25960    -0.06539    -0.09452     0.00000     0.00000     0.00000     0.12453     0.27805
     0.38000     0.25641    -0.06472    -0.09305     0.00000     0.00000     0.00000     0.12363     0.27258
     0.38500     0.25326    -0.06407    -0.09159     0.00000     0.00000     0.00000     0.12273     0.26727
     0.39000     0.25015    -0.06342    -0.09017     0.00000     0.00000     0.00000     0.12185     0.26210
     0.39500     0.24708    -0.06278    -0.08876     0.00000     0.00000     0.00000     0.12098     0.25709
     0.40000     0.24404    -0.06214    -0.08738     0.00000     0.00000     0.00000     0.12012     0.25221
     0.40500     0.24105    -0.06151    -0.08602     0.00000     0.00000     0.00000     0.11927     0.24746
     0.41000     0.23810    -0.06088    -0.08469     0.00000     0.00000     0.00000     0.11842     0.24285
     0.41500     0.23518    -0.06026    -0.08338     0.00000     0.00000     0.00000     0.11759     0.23836
     0.42000     0.23230    -0.05965    -0.08208     0.00000     0.00000     0.00000     0.11676     0.23399
     0.42500     0.22946    -0.05904    -0.08081     0.00000     0.00000     0.00000     0.11594     0.22973
     0.43000     0.22665    -0.05844    -0.07957     0.00000     0.00000     0.00000     0.11513     0.22559
     0.43500     0.22388    -0.05784    -0.07834     0.00000     0.00000     0.00000     0.11433     0.22155
     0.44000     0.22115    -0.05725    -0.07713     0.00000     0.00000     0.00000     0.11354     0.21762
     0.44500     0.21844    -0.05666    -0.07594     0.00000     0.00000     0.00000     0.11275     0.21379
     0.45000     0.21578    -0.05608    -0.07477     0.00000     0.00000     0.00000     0.11198     0.21005
     0.45500     0.21315    -0.05550    -0.07362     0.00000     0.00000     0.00000     0.11121     0.20641
     0.46000     0.21055    -0.05493    -0.07249     0.00000     0.00000     0.00000     0.11045     0.20286
     0.46500     0.20798    -0.05436    -0.07138     0.00000     0.00000     0.00000     0.10970     0.19939
     0.47000     0.20545    -0.05380    -0.07029     0.00000     0.00000     0.00000     0.10895     0.19602
     0.47500     0.20295    -0.05325    -0.06921     0.00000     0.00000     0.00000     0.10821     0.19272
     0.48000     0.20048    -0.05270    -0.06816     0.00000     0.00000     0.00000     0.10748     0.18950
     0.48500     0.19804    -0.05215    -0.06712     0.00000     0.00000     0.00000     0.10676     0.18636
     0.49000     0.19563    -0.05161    -0.06609     0.00000     0.00000     0.00000     0.10605     0.18329
     0.49500     0.19325    -0.05108    -0.06508     0.00000     0.00000     0.00000     0.10534     0.18030
     0.50000     0.19090    -0.05055    -0.06409     0.00000     0.00000     0.00000     0.10464     0.17737
     0.50500     0.18859    -0.05003    -0.06312     0.00000     0.00000     0.00000     0.10394     0.17451
     0.51000     0.18630    -0.04951    -0.06216     0.00000     0.00000     0.00000     0.10326     0.17172
     0.51500     0.18404    -0.04899    -0.06122     0.00000     0.00000     0.00000     0.10258     0.16899
     0.52000     0.18181    -0.04848    -0.06029     0.00000     0.00000     0.00000     0.10190     0.16633
     0.52500     0.17960    -0.04798    -0.05938     0.00000     0.00000     0.00000     0.10123     0.16372
     0.53000     0.17743    -0.04748    -0.05848     0.00000     0.00000     0.00000     0.10057     0.16117
     0.53500     0.17528    -0.04698    -0.05759     0.00000     0.00000     0.00000     0.09992     0.15868
     0.54000     0.17316    -0.04649    -0.05672     0.00000     0.00000     0.00000     0.09927     0.15624
     0.54500     0.17106    -0.04601    -0.05587     0.00000     0.00000     0.00000     0.09863     0.15385
     0.55000     0.16899    -0.04553    -0.05503     0.00000     0.00000     0.00000     0.09800     0.15152
     0.55500     0.16695    -0.04505    -0.05420     0.00000     0.00000     0.00000     0.09737     0.14923
     0.56000     0.16493    -0.04458    -0.05338     0.00000     0.00000     0.00000     0.09674     0.14700
     0.56500     0.16294    -0.04411    -0.05258     0.00000     0.00000     0.00000     0.09613     0.14481
     0.57000     0.16098    -0.04365    -0.05179     0.00000     0.00000     0.00000     0.09551     0.14267
     0.57500     0.15903    -0.04319    -0.05101     0.00000     0.00000     0.00000     0.09491     0.14057
     0.58000     0.15712    -0.04274    -0.05025     0.00000     0.00000     0.00000     0.09431     0.13852
     0.58500     0.15522    -0.04229    -0.04950     0.00000     0.00000     0.00000     0.09371     0.13650
     0.59000     0.15335    -0.04185    -0.04876     0.00000     0.00000     0.00000     0.09313     0.13453
     0.59500     0.15150    -0.04141    -0.04803     0.00000     0.00000     0.00000     0.09254     0.13260
     0.60000     0.14968    -0.04097    -0.04731     0.00000     0.00000     0.00000     0.09197     0.13071
     0.60500     0.14788    -0.04054    -0.04661     0.00000     0.00000     0.00000     0.09139     0.12886
     0.61000     0.14610    -0.04011    -0.04591     0.00000     0.00000     0.00000     0.09083     0.12704
     0.61500     0.14434    -0.03969    -0.04523     0.00000     0.00000     0.00000     0.09027     0.12526
     0.62000     0.14261    -0.03927    -0.04456     0.00000     0.00000     0.00000     0.08971     0.12351
     0.62500     0.14090    -0.03886    -0.04389     0.00000     0.00000     0.00000     0.08916     0.12180
     0.63000     0.13920    -0.03845    -0.04324     0.00000     0.00000     0.00000     0.08861     0.12012
     0.63500     0.13753    -0.03804    -0.04260     0.00000     0.00000     0.00000     0.08807     0.11848
     0.64000     0.13588    -0.03764    -0.04197     0.00000     0.00000     0.00000     0.08753     0.11686
     0.64500     0.13425    -0.03724    -0.04135     0.00000     0.00000     0.00000     0.08700     0.11528
     0.65000     0.13264    -0.03685    -0.04074     0.00000     0.00000     0.00000     0.08648     0.11372
     0.65500     0.13105    -0.03646    -0.04013     0.00000     0.00000     0.00000     0.08596     0.11220
     0.66000     0.12948    -0.03607    -0.03954     0.00000     0.00000     0.00000     0.08544     0.11070
     0.66500     0.12793    -0.03569    -0.03896     0.00000     0.00000     0.00000     0.08493     0.10923
     0.67000     0.12640    -0.03531    -0.03838     0.00000     0.00000     0.00000     0.08442     0.10779
     0.67500     0.12489    -0.03494    -0.03782     0.00000     0.00000     0.00000     0.08391     0.10638
     0.68000     0.12339    -0.03457    -0.03726     0.00000     0.00000     0.00000     0.08342     0.10499
     0.68500     0.12192    -0.03420    -0.03671     0.00000     0.00000     0.00000     0.08292     0.10363
     0.69000     0.12046    -0.03384    -0.03617     0.00000     0.00000     0.00000     0.08243     0.10229
     0.69500     0.11902    -0.03348    -0.03564     0.00000     0.00000     0.00000     0.08195     0.10097
     0.70000     0.11760    -0.03312    -0.03512     0.00000     0.00000     0.00000     0.08146     0.09968
     0.70500     0.11620    -0.03277    -0.03460     0.00000     0.00000     0.00000     0.08099     0.09841
     0.71000     0.11481    -0.03242    -0.03410     0.00000     0.00000     0.00000     0.08051     0.09717
     0.71500     0.11344    -0.03208    -0.03360     0.00000     0.00000     0.00000     0.08005     0.09595
     0.72000     0.11209    -0.03173    -0.03311     0.00000     0.00000     0.00000     0.07958     0.09474
     0.72500     0.11075    -0.03140    -0.03262     0.00000     0.00000     0.00000     0.07912     0.09356
     0.73000     0.10943    -0.03106    -0.03215     0.00000     0.00000     0.00000     0.07866     0.09240
     0.73500     0.10813    -0.03073    -0.03168     0.00000     0.00000     0.00000     0.07821     0.09126
     0.74000     0.10684    -0.03040    -0.03122     0.00000     0.00000     0.00000     0.07776     0.09014
     0.74500     0.10557    -0.03008    -0.03076     0.00000     0.00000     0.00000     0.07732     0.08904
     0.75000     0.10431    -0.02976    -0.03032     0.00000     0.00000     0.00000     0.07688     0.08795
     0.75500     0.10307    -0.02944    -0.02987     0.00000     0.00000     0.00000     0.07644     0.08689
     0.76000     0.10184    -0.02912    -0.02944     0.00000     0.00000     0.00000     0.07600     0.08584
     0.76500     0.10063    -0.02881    -0.02901     0.00000     0.00000     0.00000     0.07557     0.08481
     0.77000     0.09944    -0.02851    -0.02859     0.00000     0.00000     0.00000     0.07515     0.08380
     0.77500     0.09826    -0.02820    -0.02818     0.00000     0.00000     0.00000     0.07473     0.08280
     0.78000     0.09709    -0.02790    -0.02777     0.00000     0.00000     0.00000     0.07431     0.08182
     0.78500     0.09594    -0.02760    -0.02737     0.00000     0.00000     0.00000     0.07389     0.08086
     0.79000     0.09480    -0.02731    -0.02697     0.00000     0.00000     0.00000     0.07348     0.07991
     0.79500     0.09368    -0.02701    -0.02658     0.00000     0.00000     0.00000     0.07307     0.07898
     0.80000     0.09256    -0.02672    -0.02620     0.00000     0.00000     0.00000     0.07266     0.07806
     0.80500     0.09147    -0.02644    -0.02582     0.00000     0.00000     0.00000     0.07226     0.07716
     0.81000     0.09038    -0.02615    -0.02545     0.00000     0.00000     0.00000     0.07186     0.07627
     0.81500     0.08931    -0.02587    -0.02508     0.00000     0.00000     0.00000     0.07147     0.07539
     0.82000     0.08825    -0.02560    -0.02472     0.00000     0.00000     0.00000     0.07108     0.07453
     0.82500     0.08721    -0.02532    -0.02437     0.00000     0.00000     0.00000     0.07069     0.07369
     0.83000     0.08618    -0.02505    -0.02402     0.00000     0.00000     0.00000     0.07030     0.07285
     0.83500     0.08516    -0.02478    -0.02367     0.00000     0.00000     0.00000     0.06992     0.07203
     0.84000     0.08415    -0.02451    -0.02333     0.00000     0.00000     0.00000     0.06954     0.07122
     0.84500     0.08316    -0.02425    -0.02300     0.00000     0.00000     0.00000     0.06916     0.07043
     0.85000     0.08217    -0.02399    -0.02267     0.00000     0.00000     0.00000     0.06879     0.06964
     0.85500     0.08120    -0.02373    -0.02234     0.00000     0.00000     0.00000     0.06842     0.06887
     0.86000     0.08024    -0.02348    -0.02202     0.00000     0.00000     0.00000     0.06805     0.06811
     0.86500     0.07930    -0.02323    -0.02171     0.00000     0.00000     0.00000     0.06769     0.06737
     0.87000     0.07836    -0.02298    -0.02140     0.00000     0.00000     0.00000     0.06733     0.06663
     0.87500     0.07744    -0.02273    -0.02109     0.00000     0.00000     0.00000     0.06697     0.06590
     0.88000     0.07652    -0.02248    -0.02079     0.00000     0.00000     0.00000     0.06661     0.06519
     0.88500     0.07562    -0.02224    -0.02050     0.00000     0.00000     0.00000     0.06626     0.06449
     0.89000     0.07473    -0.02200    -0.02020     0.00000     0.00000     0.00000     0.06591     0.06379
     0.89500     0.07385    -0.02177    -0.01992     0.00000     0.00000     0.00000     0.06556     0.06311
     0.90000     0.07298    -0.02153    -0.01963     0.00000     0.00000     0.00000     0.06522     0.06244
     0.90500     0.07212    -0.02130    -0.01935     0.00000     0.00000     0.00000     0.06488     0.06177
     0.91000     0.07127    -0.02107    -0.01908     0.00000     0.00000     0.00000     0.06454     0.06112
     0.91500     0.07043    -0.02084    -0.01881     0.00000     0.00000     0.00000     0.06420     0.06047
     0.92000     0.06960    -0.02062    -0.01854     0.00000     0.00000     0.00000     0.06387     0.05984
     0.92500     0.06878    -0.02040    -0.01828     0.00000     0.00000     0.00000     0.06353     0.05921
     0.93000     0.06797    -0.02018    -0.01802     0.00000     0.00000     0.00000     0.06321     0.05860
     0.93500     0.06718    -0.01996    -0.01776     0.00000     0.00000     0.00000     0.06288     0.05799
     0.94000     0.06639    -0.01974    -0.01751     0.00000     0.00000     0.00000     0.06256     0.05739
     0.94500     0.06561    -0.01953    -0.01727     0.00000     0.00000     0.00000     0.06223     0.05680
     0.95000     0.06484    -0.01932    -0.01702     0.00000     0.00000     0.00000     0.06192     0.05622
     0.95500     0.06407    -0.01911    -0.01678     0.00000     0.00000     0.00000     0.06160     0.05564
     0.96000     0.06332    -0.01890    -0.01654     0.00000     0.00000     0.00000     0.06129     0.05508
     0.96500     0.06258    -0.01870    -0.01631     0.00000     0.00000     0.00000     0.06097     0.05452
     0.97000     0.06184    -0.01850    -0.01608     0.00000     0.00000     0.00000     0.06066     0.05397
     0.97500     0.06112    -0.01830    -0.01585     0.00000     0.00000     0.00000     0.06036     0.05342
     0.98000     0.06040    -0.01810    -0.01563     0.00000     0.00000     0.00000     0.06005     0.05289
     0.98500     0.05969    -0.01790    -0.01541     0.00000     0.00000     0.00000     0.05975     0.05236
     0.99000     0.05900    -0.01771    -0.01519     0.00000     0.00000     0.00000     0.05945     0.05184
     0.99500     0.05830    -0.01752    -0.01498     0.00000     0.00000     0.00000     0.05915     0.05133
     1.00000     0.05762    -0.01733    -0.01477     0.00000     0.00000     0.00000     0.05886     0.05082
     1.00500     0.05695    -0.01714    -0.01456     0.00000     0.00000     0.00000     0.05857     0.05032
     1.01000     0.05628    -0.01696    -0.01436     0.00000     0.00000     0.00000     0.05827     0.04982
     1.01500     0.05562    -0.01677    -0.01416     0.00000     0.00000     0.00000     0.05799     0.04934
     1.02000     0.05497    -0.01659    -0.01396     0.00000     0.00000     0.00000     0.05770     0.04886
     1.02500     0.05433    -0.01641    -0.01376     0.00000     0.00000     0.00000     0.05741     0.04838
     1.03000     0.05369    -0.01624    -0.01357     0.00000     0.00000     0.00000     0.05713     0.04792
     1.03500     0.05307    -0.01606    -0.01338     0.00000     0.00000     0.00000     0.05685     0.04746
     1.04000     0.05245    -0.01589    -0.01320     0.00000     0.00000     0.00000     0.05657     0.04700
     1.04500     0.05183    -0.01571    -0.01301     0.00000     0.00000     0.00000     0.05630     0.04655
     1.05000     0.05123    -0.01554    -0.01283     0.00000     0.00000     0.00000     0.05602     0.04611
     1.05500     0.05063    -0.01538    -0.01265     0.00000     0.00000     0.00000     0.05575     0.04567
     1.06000     0.05004    -0.01521    -0.01247     0.00000     0.00000     0.00000     0.05548     0.04524
     1.06500     0.04945    -0.01504    -0.01230     0.00000     0.00000     0.00000     0.05521     0.04481
     1.07000     0.04888    -0.01488    -0.01213     0.00000     0.00000     0.00000     0.05494     0.04439
     1.07500     0.04831    -0.01472    -0.01196     0.00000     0.00000     0.00000     0.05468     0.04397
     1.08000     0.04774    -0.01456    -0.01180     0.00000     0.00000     0.00000     0.05442     0.04356
     1.08500     0.04719    -0.01440    -0.01163     0.00000     0.00000     0.00000     0.05416     0.04316
     1.09000     0.04664    -0.01425    -0.01147     0.00000     0.00000     0.00000     0.05390     0.04276
     1.09500     0.04609    -0.01409    -0.01131     0.00000     0.00000     0.00000     0.05364     0.04236
     1.10000     0.04556    -0.01394    -0.01115     0.00000     0.00000     0.00000     0.05339     0.04197
     1.10500     0.04503    -0.01379    -0.01100     0.00000     0.00000     0.00000     0.05313     0.04159
     1.11000     0.04450    -0.01364    -0.01085     0.00000     0.00000     0.00000     0.05288     0.04121
     1.11500     0.04399    -0.01349    -0.01070     0.00000     0.00000     0.00000     0.05263     0.04083
     1.12000     0.04347    -0.01334    -0.01055     0.00000     0.00000     0.00000     0.05238     0.04046
     1.12500     0.04297    -0.01320    -0.01040     0.00000     0.00000     0.00000     0.05214     0.04010
     1.13000     0.04247    -0.01306    -0.01026     0.00000     0.00000     0.00000     0.05189     0.03974
     1.13500     0.04197    -0.01291    -0.01012     0.00000     0.00000     0.00000     0.05165     0.03938
     1.14000     0.04149    -0.01277    -0.00998     0.00000     0.00000     0.00000     0.05141     0.03903
     1.14500     0.04100    -0.01264    -0.00984     0.00000     0.00000     0.00000     0.05117     0.03868
     1.15000     0.04053    -0.01250    -0.00970     0.00000     0.00000     0.00000     0.05093     0.03833
     1.15500     0.04006    -0.01236    -0.00957     0.00000     0.00000     0.00000     0.05070     0.03799
     1.16000     0.03959    -0.01223    -0.00944     0.00000     0.00000     0.00000     0.05046     0.03766
     1.16500     0.03913    -0.01210    -0.00931     0.00000     0.00000     0.00000     0.05023     0.03732
     1.17000     0.03868    -0.01196    -0.00918     0.00000     0.00000     0.00000     0.05000     0.03700
     1.17500     0.03823    -0.01183    -0.00905     0.00000     0.00000     0.00000     0.04977     0.03667
     1.18000     0.03779    -0.01171    -0.00893     0.00000     0.00000     0.00000     0.04954     0.03635
     1.18500     0.03735    -0.01158    -0.00881     0.00000     0.00000     0.00000     0.04931     0.03604
     1.19000     0.03692    -0.01145    -0.00869     0.00000     0.00000     0.00000     0.04909     0.03572
     1.19500     0.03649    -0.01133    -0.00857     0.00000     0.00000     0.00000     0.04887     0.03541
     1.20000     0.03606    -0.01120    -0.00845     0.00000     0.00000     0.00000     0.04864     0.03511
     1.20500     0.03565    -0.01108    -0.00833     0.00000     0.00000     0.00000     0.04842     0.03481
     1.21000     0.03523    -0.01096    -0.00822     0.00000     0.00000     0.00000     0.04820     0.03451
     1.21500     0.03483    -0.01084    -0.00811     0.00000     0.00000     0.00000     0.04799     0.03421
     1.22000     0.03442    -0.01073    -0.00800     0.00000     0.00000     0.00000     0.04777     0.03392
     1.22500     0.03402    -0.01061    -0.00789     0.00000     0.00000     0.00000     0.04756     0.03363
     1.23000     0.03363    -0.01049    -0.00778     0.00000     0.00000     0.00000     0.04734     0.03335
     1.23500     0.03324    -0.01038    -0.00767     0.00000     0.00000     0.00000     0.04713     0.03307
     1.24000     0.03286    -0.01027    -0.00757     0.00000     0.00000     0.00000     0.04692     0.03279
     1.24500     0.03248    -0.01015    -0.00747     0.00000     0.00000     0.00000     0.04671     0.03251
     1.25000     0.03210    -0.01004    -0.00736     0.00000     0.00000     0.00000     0.04651     0.03224
     1.25500     0.03173    -0.00994    -0.00726     0.00000     0.00000     0.00000     0.04630     0.03197
     1.26000     0.03136    -0.00983    -0.00716     0.00000     0.00000     0.00000     0.04609     0.03171
     1.26500     0.03100    -0.00972    -0.00707     0.00000     0.00000     0.00000     0.04589     0.03145
     1.27000     0.03064    -0.00961    -0.00697     0.00000     0.00000     0.00000     0.04569     0.03119
     1.27500     0.03029    -0.00951    -0.00688     0.00000     0.00000     0.00000     0.04549     0.03093
     1.28000     0.02994    -0.00941    -0.00678     0.00000     0.00000     0.00000     0.04529     0.03067
     1.28500     0.02959    -0.00930    -0.00669     0.00000     0.00000     0.00000     0.04509     0.03042
     1.29000     0.02925    -0.00920    -0.00660     0.00000     0.00000     0.00000     0.04489     0.03018
     1.29500     0.02892    -0.00910    -0.00651     0.00000     0.00000     0.00000     0.04470     0.02993
     1.30000     0.02858    -0.00900    -0.00642     0.00000     0.00000     0.00000     0.04451     0.02969
     1.30500     0.02825    -0.00891    -0.00633     0.00000     0.00000     0.00000     0.04431     0.02945
     1.31000     0.02793    -0.00881    -0.00625     0.00000     0.00000     0.00000     0.04412     0.02921
     1.31500     0.02760    -0.00871    -0.00616     0.00000     0.00000     0.00000     0.04393     0.02897
     1.32000     0.02729    -0.00862    -0.00608     0.00000     0.00000     0.00000     0.04374     0.02874
     1.32500     0.02697    -0.00852    -0.00600     0.00000     0.00000     0.00000     0.04355     0.02851
     1.33000     0.02666    -0.00843    -0.00592     0.00000     0.00000     0.00000     0.04337     0.02828
     1.33500     0.02635    -0.00834    -0.00584     0.00000     0.00000     0.00000     0.04318     0.02806
     1.34000     0.02605    -0.00825    -0.00576     0.00000     0.00000     0.00000     0.04300     0.02784
     1.34500     0.02575    -0.00816    -0.00568     0.00000     0.00000     0.00000     0.04281     0.02762
     1.35000     0.02545    -0.00807    -0.00560     0.00000     0.00000     0.00000     0.04263     0.02740
     1.35500     0.02516    -0.00798    -0.00553     0.00000     0.00000     0.00000     0.04245     0.02718
     1.36000     0.02487    -0.00790    -0.00545     0.00000     0.00000     0.00000     0.04227     0.02697
     1.36500     0.02459    -0.00781    -0.00538     0.00000     0.00000     0.00000     0.04209     0.02676
     1.37000     0.02430    -0.00772    -0.00531     0.00000     0.00000     0.00000     0.04192     0.02655
     1.37500     0.02402    -0.00764    -0.00524     0.00000     0.00000     0.00000     0.04174     0.02634
     1.38000     0.02375    -0.00756    -0.00517     0.00000     0.00000     0.00000     0.04156     0.02614
     1.38500     0.02347    -0.00747    -0.00510     0.00000     0.00000     0.00000     0.04139     0.02594
     1.39000     0.02320    -0.00739    -0.00503     0.00000     0.00000     0.00000     0.04122     0.02574
     1.39500     0.02294    -0.00731    -0.00496     0.00000     0.00000     0.00000     0.04104     0.02554
     1.40000     0.02267    -0.00723    -0.00489     0.00000     0.00000     0.00000     0.04087     0.02534
     1.40500     0.02241    -0.00715    -0.00483     0.00000     0.00000     0.00000     0.04070     0.02515
     1.41000     0.02216    -0.00708    -0.00476     0.00000     0.00000     0.00000     0.04054     0.02496
     1.41500     0.02190    -0.00700    -0.00470     0.00000     0.00000     0.00000     0.04037     0.02477
     1.42000     0.02165    -0.00692    -0.00464     0.00000     0.00000     0.00000     0.04020     0.02458
     1.42500     0.02140    -0.00685    -0.00457     0.00000     0.00000     0.00000     0.04004     0.02439
     1.43000     0.02116    -0.00677    -0.00451     0.00000     0.00000     0.00000     0.03987     0.02421
     1.43500     0.02091    -0.00670    -0.00445     0.00000     0.00000     0.00000     0.03971     0.02403
     1.44000     0.02068    -0.00663    -0.00439     0.00000     0.00000     0.00000     0.03954     0.02385
     1.44500     0.02044    -0.00655    -0.00433     0.00000     0.00000     0.00000     0.03938     0.02367
     1.45000     0.02020    -0.00648    -0.00428     0.00000     0.00000     0.00000     0.03922     0.02349
     1.45500     0.01997    -0.00641    -0.00422     0.00000     0.00000     0.00000     0.03906     0.02332
     1.46000     0.01974    -0.00634    -0.00416     0.00000     0.00000     0.00000     0.03890     0.02314
     1.46500     0.01952    -0.00627    -0.00411     0.00000     0.00000     0.00000     0.03875     0.02297
     1.47000     0.01929    -0.00620    -0.00405     0.00000     0.00000     0.00000     0.03859     0.02280
     1.47500     0.01907    -0.00614    -0.00400     0.00000     0.00000     0.00000     0.03843     0.02263
     1.48000     0.01885    -0.00607    -0.00394     0.00000     0.00000     0.00000     0.03828     0.02247
     1.48500     0.01864    -0.00600    -0.00389     0.00000     0.00000     0.00000     0.03813     0.02230
     1.49000     0.01843    -0.00594    -0.00384     0.00000     0.00000     0.00000     0.03797     0.02214
     1.49500     0.01821    -0.00587    -0.00379     0.00000     0.00000     0.00000     0.03782     0.02198
     1.50000     0.01801    -0.00581    -0.00374     0.00000     0.00000     0.00000     0.03767     0.02182
     1.50500     0.01780    -0.00575    -0.00369     0.00000     0.00000     0.00000     0.03752     0.02166
     1.51000     0.01760    -0.00568    -0.00364     0.00000     0.00000     0.00000     0.03737     0.02150
     1.51500     0.01740    -0.00562    -0.00359     0.00000     0.00000     0.00000     0.03722     0.02135
     1.52000     0.01720    -0.00556    -0.00354     0.00000     0.00000     0.00000     0.03707     0.02119
     1.52500     0.01700    -0.00550    -0.00350     0.00000     0.00000     0.00000     0.03693     0.02104
     1.53000     0.01681    -0.00544    -0.00345     0.00000     0.00000     0.00000     0.03678     0.02089
     1.53500     0.01661    -0.00538    -0.00340     0.00000     0.00000     0.00000     0.03664     0.02074
     1.54000     0.01642    -0.00532    -0.00336     0.00000     0.00000     0.00000     0.03649     0.02059
     1.54500     0.01624    -0.00526    -0.00331     0.00000     0.00000     0.00000     0.03635     0.02045
     1.55000     0.01605    -0.00521    -0.00327     0.00000     0.00000     0.00000     0.03621     0.02030
     1.55500     0.01587    -0.00515    -0.00323     0.00000     0.00000     0.00000     0.03606     0.02016
     1.56000     0.01569    -0.00509    -0.00318     0.00000     0.00000     0.00000     0.03592     0.02002
     1.56500     0.01551    -0.00504    -0.00314     0.00000     0.00000     0.00000     0.03578     0.01988
     1.57000     0.01533    -0.00498    -0.00310     0.00000     0.00000     0.00000     0.03565     0.01974
     1.57500     0.01516    -0.00493    -0.00306     0.00000     0.00000     0.00000     0.03551     0.01960
     1.58000     0.01498    -0.00488    -0.00302     0.00000     0.00000     0.00000     0.03537     0.01946
     1.58500     0.01481    -0.00482    -0.00298     0.00000     0.00000     0.00000     0.03523     0.01933
     1.59000     0.01464    -0.00477    -0.00294     0.00000     0.00000     0.00000     0.03510     0.01919
     1.59500     0.01448    -0.00472    -0.00290     0.00000     0.00000     0.00000     0.03496     0.01906
     1.60000     0.01431    -0.00467    -0.00286     0.00000     0.00000     0.00000     0.03483     0.01893
     1.60500     0.01415    -0.00462    -0.00283     0.00000     0.00000     0.00000     0.03469     0.01880
     1.61000     0.01399    -0.00457    -0.00279     0.00000     0.00000     0.00000     0.03456     0.01867
     1.61500     0.01383    -0.00452    -0.00275     0.00000     0.00000     0.00000     0.03443     0.01854
     1.62000     0.01367    -0.00447    -0.00272     0.00000     0.00000     0.00000     0.03430     0.01841
     1.62500     0.01351    -0.00442    -0.00268     0.00000     0.00000     0.00000     0.03417     0.01829
     1.63000     0.01336    -0.00437    -0.00264     0.00000     0.00000     0.00000     0.03404     0.01816
     1.63500     0.01321    -0.00432    -0.00261     0.00000     0.00000     0.00000     0.03391     0.01804
     1.64000     0.01306    -0.00427    -0.00258     0.00000     0.00000     0.00000     0.03378     0.01791
     1.64500     0.01291    -0.00423    -0.00254     0.00000     0.00000     0.00000     0.03365     0.01779
     1.65000     0.01276    -0.00418    -0.00251     0.00000     0.00000     0.00000     0.03353     0.01767
     1.65500     0.01262    -0.00414    -0.00247     0.00000     0.00000     0.00000     0.03340     0.01755
     1.66000     0.01247    -0.00409    -0.00244     0.00000     0.00000     0.00000     0.03327     0.01744
     1.66500     0.01233    -0.00405    -0.00241     0.00000     0.00000     0.00000     0.03315     0.01732
     1.67000     0.01219    -0.00400    -0.00238     0.00000     0.00000     0.00000     0.03303     0.01720
     1.67500     0.01205    -0.00396    -0.00235     0.00000     0.00000     0.00000     0.03290     0.01709
     1.68000     0.01192    -0.00392    -0.00232     0.00000     0.00000     0.00000     0.03278     0.01697
     1.68500     0.01178    -0.00387    -0.00229     0.00000     0.00000     0.00000     0.03266     0.01686
     1.69000     0.01165    -0.00383    -0.00226     0.00000     0.00000     0.00000     0.03254     0.01675
     1.69500     0.01152    -0.00379    -0.00223     0.00000     0.00000     0.00000     0.03242     0.01664
     1.70000     0.01138    -0.00375    -0.00220     0.00000     0.00000     0.00000     0.03230     0.01653
     1.70500     0.01126    -0.00371    -0.00217     0.00000     0.00000     0.00000     0.03218     0.01642
     1.71000     0.01113    -0.00367    -0.00214     0.00000     0.00000     0.00000     0.03206     0.01631
     1.71500     0.01100    -0.00363    -0.00211     0.00000     0.00000     0.00000     0.03194     0.01621
     1.72000     0.01088    -0.00359    -0.00208     0.00000     0.00000     0.00000     0.03182     0.01610
     1.72500     0.01075    -0.00355    -0.00206     0.00000     0.00000     0.00000     0.03171     0.01599
     1.73000     0.01063    -0.00351    -0.00203     0.00000     0.00000     0.00000     0.03159     0.01589
     1.73500     0.01051    -0.00347    -0.00200     0.00000     0.00000     0.00000     0.03147     0.01579
     1.74000     0.01039    -0.00343    -0.00198     0.00000     0.00000     0.00000     0.03136     0.01569
     1.74500     0.01027    -0.00340    -0.00195     0.00000     0.00000     0.00000     0.03125     0.01558
     1.75000     0.01016    -0.00336    -0.00193     0.00000     0.00000     0.00000     0.03113     0.01548
     1.75500     0.01004    -0.00332    -0.00190     0.00000     0.00000     0.00000     0.03102     0.01538
     1.76000     0.00993    -0.00329    -0.00188     0.00000     0.00000     0.00000     0.03091     0.01529
     1.76500     0.00982    -0.00325    -0.00185     0.00000     0.00000     0.00000     0.03079     0.01519
     1.77000     0.00970    -0.00321    -0.00183     0.00000     0.00000     0.00000     0.03068     0.01509
     1.77500     0.00959    -0.00318    -0.00180     0.00000     0.00000     0.00000     0.03057     0.01499
     1.78000     0.00949    -0.00314    -0.00178     0.00000     0.00000     0.00000     0.03046     0.01490
     1.78500     0.00938    -0.00311    -0.00176     0.00000     0.00000     0.00000     0.03035     0.01480
     1.79000     0.00927    -0.00308    -0.00173     0.00000     0.00000     0.00000     0.03025     0.01471
     1.79500     0.00917    -0.00304    -0.00171     0.00000     0.00000     0.00000     0.03014     0.01462
     1.80000     0.00906    -0.00301    -0.00169     0.00000     0.00000     0.00000     0.03003     0.01452
     1.80500     0.00896    -0.00298    -0.00167     0.00000     0.00000     0.00000     0.02992     0.01443
     1.81000     0.00886    -0.00294    -0.00165     0.00000     0.00000     0.00000     0.02982     0.01434
     1.81500     0.00876    -0.00291    -0.00163     0.00000     0.00000     0.00000     0.02971     0.01425
     1.82000     0.00866    -0.00288    -0.00160     0.00000     0.00000     0.00000     0.02961     0.01416
     1.82500     0.00856    -0.00285    -0.00158     0.00000     0.00000     0.00000     0.02950     0.01408
     1.83000     0.00847    -0.00282    -0.00156     0.00000     0.00000     0.00000     0.02940     0.01399
     1.83500     0.00837    -0.00279    -0.00154     0.00000     0.00000     0.00000     0.02929     0.01390
     1.84000     0.00827    -0.00276    -0.00152     0.00000     0.00000     0.00000     0.02919     0.01381
     1.84500     0.00818    -0.00273    -0.00150     0.00000     0.00000     0.00000     0.02909     0.01373
     1.85000     0.00809    -0.00270    -0.00148     0.00000     0.00000     0.00000     0.02899     0.01364
     1.85500     0.00800    -0.00267    -0.00146     0.00000     0.00000     0.00000     0.02888     0.01356
     1.86000     0.00791    -0.00264    -0.00145     0.00000     0.00000     0.00000     0.02878     0.01348
     1.86500     0.00782    -0.00261    -0.00143     0.00000     0.00000     0.00000     0.02868     0.01339
     1.87000     0.00773    -0.00258    -0.00141     0.00000     0.00000     0.00000     0.02858     0.01331
     1.87500     0.00764    -0.00255    -0.00139     0.00000     0.00000     0.00000     0.02848     0.01323
     1.88000     0.00756    -0.00253    -0.00137     0.00000     0.00000     0.00000     0.02838     0.01315
     1.88500     0.00747    -0.00250    -0.00135     0.00000     0.00000     0.00000     0.02829     0.01307
     1.89000     0.00739    -0.00247    -0.00134     0.00000     0.00000     0.00000     0.02819     0.01299
     1.89500     0.00730    -0.00244    -0.00132     0.00000     0.00000     0.00000     0.02809     0.01291
     1.90000     0.00722    -0.00242    -0.00130     0.00000     0.00000     0.00000     0.02799     0.01283
     1.90500     0.00714    -0.00239    -0.00129     0.00000     0.00000     0.00000     0.02790     0.01276
     1.91000     0.00706    -0.00237    -0.00127     0.00000     0.00000     0.00000     0.02780     0.01268
     1.91500     0.00698    -0.00234    -0.00125     0.00000     0.00000     0.00000     0.02771     0.01260
     1.92000     0.00690    -0.00231    -0.00124     0.00000     0.00000     0.00000     0.02761     0.01253
     1.92500     0.00682    -0.00229    -0.00122     0.00000     0.00000     0.00000     0.02752     0.01245
     1.93000     0.00675    -0.00226    -0.00120     0.00000     0.00000     0.00000     0.02742     0.01238
     1.93500     0.00667    -0.00224    -0.00119     0.00000     0.00000     0.00000     0.02733     0.01231
     1.94000     0.00659    -0.00221    -0.00117     0.00000     0.00000     0.00000     0.02724     0.01223
     1.94500     0.00652    -0.00219    -0.00116     0.00000     0.00000     0.00000     0.02715     0.01216
     1.95000     0.00645    -0.00217    -0.00114     0.00000     0.00000     0.00000     0.02705     0.01209
     1.95500     0.00637    -0.00214    -0.00113     0.00000     0.00000     0.00000     0.02696     0.01202
     1.96000     0.00630    -0.00212    -0.00111     0.00000     0.00000     0.00000     0.02687     0.01195
     1.96500     0.00623    -0.00210    -0.00110     0.00000     0.00000     0.00000     0.02678     0.01188
     1.97000     0.00616    -0.00207    -0.00109     0.00000     0.00000     0.00000     0.02669     0.01181
     1.97500     0.00609    -0.00205    -0.00107     0.00000     0.00000     0.00000     0.02660     0.01174
     1.98000     0.00602    -0.00203    -0.00106     0.00000     0.00000     0.00000     0.02651     0.01167
     1.98500     0.00596    -0.00201    -0.00105     0.00000     0.00000     0.00000     0.02642     0.01160
     1.99000     0.00589    -0.00199    -0.00103     0.00000     0.00000     0.00000     0.02633     0.01153
     1.99500     0.00582    -0.00196    -0.00102     0.00000     0.00000     0.00000     0.02625     0.01147
     2.00000     0.00576    -0.00194    -0.00101     0.00000     0.00000     0.00000     0.02616     0.01140
     2.00500     0.00569    -0.00192    -0.00099     0.00000     0.00000     0.00000     0.02607     0.01133
     2.01000     0.00563    -0.00190    -0.00098     0.00000     0.00000     0.00000     0.02599     0.01127
     2.01500     0.00556    -0.00188    -0.00097     0.00000     0.00000     0.00000     0.02590     0.01120
     2.02000     0.00550    -0.00186    -0.00095     0.00000     0.00000     0.00000     0.02581     0.01114
     2.02500     0.00544    -0.00184    -0.00094     0.00000     0.00000     0.00000     0.02573     0.01107
     2.03000     0.00538    -0.00182    -0.00093     0.00000     0.00000     0.00000     0.02564     0.01101
     2.03500     0.00532    -0.00180    -0.00092     0.00000     0.00000     0.00000     0.02556     0.01095
     2.04000     0.00526    -0.00178    -0.00091     0.00000     0.00000     0.00000     0.02548     0.01089
     2.04500     0.00520    -0.00176    -0.00090     0.00000     0.00000     0.00000     0.02539     0.01082
     2.05000     0.00514    -0.00174    -0.00088     0.00000     0.00000     0.00000     0.02531     0.01076
     2.05500     0.00508    -0.00172    -0.00087     0.00000     0.00000     0.00000     0.02523     0.01070
     2.06000     0.00503    -0.00170    -0.00086     0.00000     0.00000     0.00000     0.02514     0.01064
     2.06500     0.00497    -0.00168    -0.00085     0.00000     0.00000     0.00000     0.02506     0.01058
     2.07000     0.00491    -0.00167    -0.00084     0.00000     0.00000     0.00000     0.02498     0.01052
     2.07500     0.00486    -0.00165    -0.00083     0.00000     0.00000     0.00000     0.02490     0.01046
     2.08000     0.00480    -0.00163    -0.00082     0.00000     0.00000     0.00000     0.02482     0.01040
     2.08500     0.00475    -0.00161    -0.00081     0.00000     0.00000     0.00000     0.02474     0.01034
     2.09000     0.00470    -0.00159    -0.00080     0.00000     0.00000     0.00000     0.02466     0.01029
     2.09500     0.00464    -0.00158    -0.00079     0.00000     0.00000     0.00000     0.02458     0.01023
     2.10000     0.00459    -0.00156    -0.00078     0.00000     0.00000     0.00000     0.02450     0.01017
     2.10500     0.00454    -0.00154    -0.00077     0.00000     0.00000     0.00000     0.02442     0.01012
     2.11000     0.00449    -0.00153    -0.00076     0.00000     0.00000     0.00000     0.02434     0.01006
     2.11500     0.00444    -0.00151    -0.00075     0.00000     0.00000     0.00000     0.02426     0.01000
     2.12000     0.00439    -0.00149    -0.00074     0.00000     0.00000     0.00000     0.02419     0.00995
     2.12500     0.00434    -0.00148    -0.00073     0.00000     0.00000     0.00000     0.02411     0.00989
     2.13000     0.00429    -0.00146    -0.00072     0.00000     0.00000     0.00000     0.02403     0.00984
     2.13500     0.00424    -0.00145    -0.00071     0.00000     0.00000     0.00000     0.02395     0.00978
     2.14000     0.00420    -0.00143    -0.00070     0.00000     0.00000     0.00000     0.02388     0.00973
     2.14500     0.00415    -0.00141    -0.00069     0.00000     0.00000     0.00000     0.02380     0.00968
     2.15000     0.00410    -0.00140    -0.00068     0.00000     0.00000     0.00000     0.02373     0.00962
     2.15500     0.00406    -0.00138    -0.00068     0.00000     0.00000     0.00000     0.02365     0.00957
     2.16000     0.00401    -0.00137    -0.00067     0.00000     0.00000     0.00000     0.02358     0.00952
     2.16500     0.00397    -0.00135    -0.00066     0.00000     0.00000     0.00000     0.02350     0.00947
     2.17000     0.00392    -0.00134    -0.00065     0.00000     0.00000     0.00000     0.02343     0.00942
     2.17500     0.00388    -0.00132    -0.00064     0.00000     0.00000     0.00000     0.02336     0.00937
     2.18000     0.00383    -0.00131    -0.00063     0.00000     0.00000     0.00000     0.02328     0.00932
     2.18500     0.00379    -0.00130    -0.00063     0.00000     0.00000     0.00000     0.02321     0.00926
     2.19000     0.00375    -0.00128    -0.00062     0.00000     0.00000     0.00000     0.02314     0.00921
     2.19500     0.00371    -0.00127    -0.00061     0.00000     0.00000     0.00000     0.02306     0.00917
     2.20000     0.00367    -0.00125    -0.00060     0.00000     0.00000     0.00000     0.02299     0.00912
     2.20500     0.00362    -0.00124    -0.00059     0.00000     0.00000     0.00000     0.02292     0.00907
     2.21000     0.00358    -0.00123    -0.00059     0.00000     0.00000     0.00000     0.02285     0.00902
     2.21500     0.00354    -0.00121    -0.00058     0.00000     0.00000     0.00000     0.02278     0.00897
     2.22000     0.00350    -0.00120    -0.00057     0.00000     0.00000     0.00000     0.02271     0.00892
     2.22500     0.00347    -0.00119    -0.00056     0.00000     0.00000     0.00000     0.02264     0.00888
     2.23000     0.00343    -0.00117    -0.00056     0.00000     0.00000     0.00000     0.02257     0.00883
     2.23500     0.00339    -0.00116    -0.00055     0.00000     0.00000     0.00000     0.02250     0.00878
     2.24000     0.00335    -0.00115    -0.00054     0.00000     0.00000     0.00000     0.02243     0.00873
     2.24500     0.00331    -0.00114    -0.00054     0.00000     0.00000     0.00000     0.02236     0.00869
     2.25000     0.00328    -0.00112    -0.00053     0.00000     0.00000     0.00000     0.02229     0.00864
     2.25500     0.00324    -0.00111    -0.00052     0.00000     0.00000     0.00000     0.02222     0.00860
     2.26000     0.00320    -0.00110    -0.00052     0.00000     0.00000     0.00000     0.02215     0.00855
     2.26500     0.00317    -0.00109    -0.00051     0.00000     0.00000     0.00000     0.02209     0.00851
     2.27000     0.00313    -0.00108    -0.00050     0.00000     0.00000     0.00000     0.02202     0.00846
     2.27500     0.00310    -0.00106    -0.00050     0.00000     0.00000     0.00000     0.02195     0.00842
     2.28000     0.00306    -0.00105    -0.00049     0.00000     0.00000     0.00000     0.02188     0.00837
     2.28500     0.00303    -0.00104    -0.00049     0.00000     0.00000     0.00000     0.02182     0.00833
     2.29000     0.00299    -0.00103    -0.00048     0.00000     0.00000     0.00000     0.02175     0.00829
     2.29500     0.00296    -0.00102    -0.00047     0.00000     0.00000     0.00000     0.02168     0.00824
     2.30000     0.00293    -0.00101    -0.00047     0.00000     0.00000     0.00000     0.02162     0.00820
     2.30500     0.00289    -0.00100    -0.00046     0.00000     0.00000     0.00000     0.02155     0.00816
     2.31000     0.00286    -0.00099    -0.00046     0.00000     0.00000     0.00000     0.02149     0.00812
     2.31500     0.00283    -0.00097    -0.00045     0.00000     0.00000     0.00000     0.02142     0.00808
     2.32000     0.00280    -0.00096    -0.00044     0.00000     0.00000     0.00000     0.02136     0.00803
     2.32500     0.00277    -0.00095    -0.00044     0.00000     0.00000     0.00000     0.02130     0.00799
     2.33000     0.00274    -0.00094    -0.00043     0.00000     0.00000     0.00000     0.02123     0.00795
     2.33500     0.00271    -0.00093    -0.00043     0.00000     0.00000     0.00000     0.02117     0.00791
     2.34000     0.00268    -0.00092    -0.00042     0.00000     0.00000     0.00000     0.02110     0.00787
     2.34500     0.00265    -0.00091    -0.00042     0.00000     0.00000     0.00000     0.02104     0.00783
     2.35000     0.00262    -0.00090    -0.00041     0.00000     0.00000     0.00000     0.02098     0.00779
     2.35500     0.00259    -0.00089    -0.00041     0.00000     0.00000     0.00000     0.02092     0.00775
     2.36000     0.00256    -0.00088    -0.00040     0.00000     0.00000     0.00000     0.02085     0.00771
     2.36500     0.00253    -0.00087    -0.00040     0.00000     0.00000     0.00000     0.02079     0.00767
     2.37000     0.00250    -0.00086    -0.00039     0.00000     0.00000     0.00000     0.02073     0.00763
     2.37500     0.00247    -0.00086    -0.00039     0.00000     0.00000     0.00000     0.02067     0.00760
     2.38000     0.00245    -0.00085    -0.00038     0.00000     0.00000     0.00000     0.02061     0.00756
     2.38500     0.00242    -0.00084    -0.00038     0.00000     0.00000     0.00000     0.02055     0.00752
     2.39000     0.00239    -0.00083    -0.00037     0.00000     0.00000     0.00000     0.02049     0.00748
     2.39500     0.00237    -0.00082    -0.00037     0.00000     0.00000     0.00000     0.02043     0.00744
     2.40000     0.00234    -0.00081    -0.00036     0.00000     0.00000     0.00000     0.02037     0.00741
     2.40500     0.00231    -0.00080    -0.00036     0.00000     0.00000     0.00000     0.02031     0.00737
     2.41000     0.00229    -0.00079    -0.00035     0.00000     0.00000     0.00000     0.02025     0.00733
     2.41500     0.00226    -0.00078    -0.00035     0.00000     0.00000     0.00000     0.02019     0.00730
     2.42000     0.00224    -0.00078    -0.00034     0.00000     0.00000     0.00000     0.02013     0.00726
     2.42500     0.00221    -0.00077    -0.00034     0.00000     0.00000     0.00000     0.02007     0.00723
     2.43000     0.00219    -0.00076    -0.00034     0.00000     0.00000     0.00000     0.02001     0.00719
     2.43500     0.00216    -0.00075    -0.00033     0.00000     0.00000     0.00000     0.01995     0.00715
     2.44000     0.00214    -0.00074    -0.00033     0.00000     0.00000     0.00000     0.01990     0.00712
     2.44500     0.00212    -0.00073    -0.00032     0.00000     0.00000     0.00000     0.01984     0.00708
     2.45000     0.00209    -0.00073    -0.00032     0.00000     0.00000     0.00000     0.01978     0.00705
     2.45500     0.00207    -0.00072    -0.00032     0.00000     0.00000     0.00000     0.01972     0.00701
     2.46000     0.00205    -0.00071    -0.00031     0.00000     0.00000     0.00000     0.01967     0.00698
     2.46500     0.00202    -0.00070    -0.00031     0.00000     0.00000     0.00000     0.01961     0.00695
     2.47000     0.00200    -0.00069    -0.00030     0.00000     0.00000     0.00000     0.01955     0.00691
     2.47500     0.00198    -0.00069    -0.00030     0.00000     0.00000     0.00000     0.01950     0.00688
     2.48000     0.00196    -0.00068    -0.00030     0.00000     0.00000     0.00000     0.01944     0.00684
     2.48500     0.00193    -0.00067    -0.00029     0.00000     0.00000     0.00000     0.01938     0.00681
     2.49000     0.00191    -0.00067    -0.00029     0.00000     0.00000     0.00000     0.01933     0.00678
     2.49500     0.00189    -0.00066    -0.00029     0.00000     0.00000     0.00000     0.01927     0.00675
     2.50000     0.00187    -0.00065    -0.00028     0.00000     0.00000     0.00000     0.01922     0.00671
     2.50500     0.00185    -0.00064    -0.00028     0.00000     0.00000     0.00000     0.01916     0.00668
     2.51000     0.00183    -0.00064    -0.00028     0.00000     0.00000     0.00000     0.01911     0.00665
     2.51500     0.00181    -0.00063    -0.00027     0.00000     0.00000     0.00000     0.01906     0.00662
     2.52000     0.00179    -0.00062    -0.00027     0.00000     0.00000     0.00000     0.01900     0.00658
     2.52500     0.00177    -0.00062    -0.00026     0.00000     0.00000     0.00000     0.01895     0.00655
     2.53000     0.00175    -0.00061    -0.00026     0.00000     0.00000     0.00000     0.01889     0.00652
     2.53500     0.00173    -0.00060    -0.00026     0.00000     0.00000     0.00000     0.01884     0.00649
     2.54000     0.00171    -0.00060    -0.00026     0.00000     0.00000     0.00000     0.01879     0.00646
     2.54500     0.00169    -0.00059    -0.00025     0.00000     0.00000     0.00000     0.01873     0.00643
     2.55000     0.00167    -0.00058    -0.00025     0.00000     0.00000     0.00000     0.01868     0.00640
     2.55500     0.00165    -0.00058    -0.00025     0.00000     0.00000     0.00000     0.01863     0.00637
     2.56000     0.00164    -0.00057    -0.00024     0.00000     0.00000     0.00000     0.01858     0.00634
     2.56500     0.00162    -0.00056    -0.00024     0.00000     0.00000     0.00000     0.01852     0.00631
     2.57000     0.00160    -0.00056    -0.00024     0.00000     0.00000     0.00000     0.01847     0.00628
     2.57500     0.00158    -0.00055    -0.00023     0.00000     0.00000     0.00000     0.01842     0.00625
     2.58000     0.00156    -0.00055    -0.00023     0.00000     0.00000     0.00000     0.01837     0.00622
     2.58500     0.00155    -0.00054    -0.00023     0.00000     0.00000     0.00000     0.01832     0.00619
     2.59000     0.00153    -0.00053    -0.00023     0.00000     0.00000     0.00000     0.01827     0.00616
     2.59500     0.00151    -0.00053    -0.00022     0.00000     0.00000     0.00000     0.01822     0.00613
     2.60000     0.00150    -0.00052    -0.00022     0.00000     0.00000     0.00000     0.01817     0.00610
     2.60500     0.00148    -0.00052    -0.00022     0.00000     0.00000     0.00000     0.01812     0.00607
     2.61000     0.00146    -0.00051    -0.00021     0.00000     0.00000     0.00000     0.01807     0.00605
     2.61500     0.00145    -0.00051    -0.00021     0.00000     0.00000     0.00000     0.01802     0.00602
     2.62000     0.00143    -0.00050    -0.00021     0.00000     0.00000     0.00000     0.01797     0.00599
     2.62500     0.00142    -0.00050    -0.00021     0.00000     0.00000     0.00000     0.01792     0.00596
     2.63000     0.00140    -0.00049    -0.00020     0.00000     0.00000     0.00000     0.01787     0.00593
     2.63500     0.00138    -0.00048    -0.00020     0.00000     0.00000     0.00000     0.01782     0.00591
     2.64000     0.00137    -0.00048    -0.00020     0.00000     0.00000     0.00000     0.01777     0.00588
     2.64500     0.00135    -0.00047    -0.00020     0.00000     0.00000     0.00000     0.01772     0.00585
     2.65000     0.00134    -0.00047    -0.00019     0.00000     0.00000     0.00000     0.01767     0.00583
     2.65500     0.00132    -0.00046    -0.00019     0.00000     0.00000     0.00000     0.01762     0.00580
     2.66000     0.00131    -0.00046    -0.00019     0.00000     0.00000     0.00000     0.01758     0.00577
     2.66500     0.00129    -0.00045    -0.00019     0.00000     0.00000     0.00000     0.01753     0.00575
     2.67000     0.00128    -0.00045    -0.00018     0.00000     0.00000     0.00000     0.01748     0.00572
     2.67500     0.00127    -0.00044    -0.00018     0.00000     0.00000     0.00000     0.01743     0.00569
     2.68000     0.00125    -0.00044    -0.00018     0.00000     0.00000     0.00000     0.01738     0.00567
     2.68500     0.00124    -0.00043    -0.00018     0.00000     0.00000     0.00000     0.01734     0.00564
     2.69000     0.00122    -0.00043    -0.00018     0.00000     0.00000     0.00000     0.01729     0.00562
     2.69500     0.00121    -0.00043    -0.00017     0.00000     0.00000     0.00000     0.01724     0.00559
     2.70000     0.00120    -0.00042    -0.00017     0.00000     0.00000     0.00000     0.01720     0.00556
     2.70500     0.00118    -0.00042    -0.00017     0.00000     0.00000     0.00000     0.01715     0.00554
     2.71000     0.00117    -0.00041    -0.00017     0.00000     0.00000     0.00000     0.01710     0.00551
     2.71500     0.00116    -0.00041    -0.00016     0.00000     0.00000     0.00000     0.01706     0.00549
     2.72000     0.00115    -0.00040    -0.00016     0.00000     0.00000     0.00000     0.01701     0.00546
     2.72500     0.00113    -0.00040    -0.00016     0.00000     0.00000     0.00000     0.01697     0.00544
     2.73000     0.00112    -0.00039    -0.00016     0.00000     0.00000     0.00000     0.01692     0.00542
     2.73500     0.00111    -0.00039    -0.00016     0.00000     0.00000     0.00000     0.01688     0.00539
     2.74000     0.00110    -0.00039    -0.00016     0.00000     0.00000     0.00000     0.01683     0.00537
     2.74500     0.00108    -0.00038    -0.00015     0.00000     0.00000     0.00000     0.01679     0.00534
     2.75000     0.00107    -0.00038    -0.00015     0.00000     0.00000     0.00000     0.01674     0.00532
     2.75500     0.00106    -0.00037    -0.00015     0.00000     0.00000     0.00000     0.01670     0.00530
     2.76000     0.00105    -0.00037    -0.00015     0.00000     0.00000     0.00000     0.01665     0.00527
     2.76500     0.00104    -0.00037    -0.00015     0.00000     0.00000     0.00000     0.01661     0.00525
     2.77000     0.00102    -0.00036    -0.00014     0.00000     0.00000     0.00000     0.01656     0.00523
     2.77500     0.00101    -0.00036    -0.00014     0.00000     0.00000     0.00000     0.01652     0.00520
     2.78000     0.00100    -0.00035    -0.00014     0.00000     0.00000     0.00000     0.01648     0.00518
     2.78500     0.00099    -0.00035    -0.00014     0.00000     0.00000     0.00000     0.01643     0.00516
     2.79000     0.00098    -0.00035    -0.00014     0.00000     0.00000     0.00000     0.01639     0.00513
     2.79500     0.00097    -0.00034    -0.00014     0.00000     0.00000     0.00000     0.01635     0.00511
     2.80000     0.00096    -0.00034    -0.00013     0.00000     0.00000     0.00000     0.01630     0.00509
     2.80500     0.00095    -0.00033    -0.00013     0.00000     0.00000     0.00000     0.01626     0.00507
     2.81000     0.00094    -0.00033    -0.00013     0.00000     0.00000     0.00000     0.01622     0.00504
     2.81500     0.00093    -0.00033    -0.00013     0.00000     0.00000     0.00000     0.01618     0.00502
     2.82000     0.00092    -0.00032    -0.00013     0.00000     0.00000     0.00000     0.01613     0.00500
     2.82500     0.00091    -0.00032    -0.00013     0.00000     0.00000     0.00000     0.01609     0.00498
     2.83000     0.00090    -0.00032    -0.00012     0.00000     0.00000     0.00000     0.01605     0.00496
     2.83500     0.00089    -0.00031    -0.00012     0.00000     0.00000     0.00000     0.01601     0.00493
     2.84000     0.00088    -0.00031    -0.00012     0.00000     0.00000     0.00000     0.01597     0.00491
     2.84500     0.00087    -0.00031    -0.00012     0.00000     0.00000     0.00000     0.01592     0.00489
     2.85000     0.00086    -0.00030    -0.00012     0.00000     0.00000     0.00000     0.01588     0.00487
     2.85500     0.00085    -0.00030    -0.00012     0.00000     0.00000     0.00000     0.01584     0.00485
     2.86000     0.00084    -0.00030    -0.00012     0.00000     0.00000     0.00000     0.01580     0.00483
     2.86500     0.00083    -0.00029    -0.00011     0.00000     0.00000     0.00000     0.01576     0.00481
     2.87000     0.00082    -0.00029    -0.00011     0.00000     0.00000     0.00000     0.01572     0.00479
     2.87500     0.00081    -0.00029    -0.00011     0.00000     0.00000     0.00000     0.01568     0.00477
     2.88000     0.00080    -0.00028    -0.00011     0.00000     0.00000     0.00000     0.01564     0.00475
     2.88500     0.00079    -0.00028    -0.00011     0.00000     0.00000     0.00000     0.01560     0.00473
     2.89000     0.00079    -0.00028    -0.00011     0.00000     0.00000     0.00000     0.01556     0.00471
     2.89500     0.00078    -0.00028    -0.00011     0.00000     0.00000     0.00000     0.01552     0.00469
     2.90000     0.00077    -0.00027    -0.00010     0.00000     0.00000     0.00000     0.01548     0.00467
     2.90500     0.00076    -0.00027    -0.00010     0.00000     0.00000     0.00000     0.01544     0.00465
     2.91000     0.00075    -0.00027    -0.00010     0.00000     0.00000     0.00000     0.01540     0.00463
     2.91500     0.00074    -0.00026    -0.00010     0.00000     0.00000     0.00000     0.01536     0.00461
     2.92000     0.00073    -0.00026    -0.00010     0.00000     0.00000     0.00000     0.01532     0.00459
     2.92500     0.00073    -0.00026    -0.00010     0.00000     0.00000     0.00000     0.01528     0.00457
     2.93000     0.00072    -0.00026    -0.00010     0.00000     0.00000     0.00000     0.01524     0.00455
     2.93500     0.00071    -0.00025    -0.00010     0.00000     0.00000     0.00000     0.01520     0.00453
     2.94000     0.00070    -0.00025    -0.00009     0.00000     0.00000     0.00000     0.01517     0.00451
     2.94500     0.00070    -0.00025    -0.00009     0.00000     0.00000     0.00000     0.01513     0.00449
     2.95000     0.00069    -0.00024    -0.00009     0.00000     0.00000     0.00000     0.01509     0.00447
     2.95500     0.00068    -0.00024    -0.00009     0.00000     0.00000     0.00000     0.01505     0.00445
     2.96000     0.00067    -0.00024    -0.00009     0.00000     0.00000     0.00000     0.01501     0.00443
     2.96500     0.00066    -0.00024    -0.00009     0.00000     0.00000     0.00000     0.01498     0.00442
     2.97000     0.00066    -0.00023    -0.00009     0.00000     0.00000     0.00000     0.01494     0.00440
     2.97500     0.00065    -0.00023    -0.00009     0.00000     0.00000     0.00000     0.01490     0.00438
     2.98000     0.00064    -0.00023    -0.00009     0.00000     0.00000     0.00000     0.01486     0.00436
     2.98500     0.00064    -0.00023    -0.00008     0.00000     0.00000     0.00000     0.01483     0.00434
     2.99000     0.00063    -0.00022    -0.00008     0.00000     0.00000     0.00000     0.01479     0.00432
     2.99500     0.00062    -0.00022    -0.00008     0.00000     0.00000     0.00000     0.01475     0.00431
     3.00000     0.00062    -0.00022    -0.00008     0.00000     0.00000     0.00000     0.01471     0.00429
     3.00500     0.00061    -0.00022    -0.00008     0.00000     0.00000     0.00000     0.01468     0.00427
     3.01000     0.00060    -0.00021    -0.00008     0.00000     0.00000     0.00000     0.01464     0.00425
     3.01500     0.00060    -0.00021    -0.00008     0.00000     0.00000     0.00000     0.01460     0.00424
     3.02000     0.00059    -0.00021    -0.00008     0.00000     0.00000     0.00000     0.01457     0.00422
     3.02500     0.00058    -0.00021    -0.00008     0.00000     0.00000     0.00000     0.01453     0.00420
     3.03000     0.00058    -0.00021    -0.00008     0.00000     0.00000     0.00000     0.01450     0.00418
     3.03500     0.00057    -0.00020    -0.00007     0.00000     0.00000     0.00000     0.01446     0.00417
     3.04000     0.00056    -0.00020    -0.00007     0.00000     0.00000     0.00000     0.01442     0.00415
     3.04500     0.00056    -0.00020    -0.00007     0.00000     0.00000     0.00000     0.01439     0.00413
     3.05000     0.00055    -0.00020    -0.00007     0.00000     0.00000     0.00000     0.01435     0.00411
     3.05500     0.00054    -0.00019    -0.00007     0.00000     0.00000     0.00000     0.01432     0.00410
     3.06000     0.00054    -0.00019    -0.00007     0.00000     0.00000     0.00000     0.01428     0.00408
     3.06500     0.00053    -0.00019    -0.00007     0.00000     0.00000     0.00000     0.01425     0.00406
     3.07000     0.00053    -0.00019    -0.00007     0.00000     0.00000     0.00000     0.01421     0.00405
     3.07500     0.00052    -0.00019    -0.00007     0.00000     0.00000     0.00000     0.01418     0.00403
     3.08000     0.00052    -0.00018    -0.00007     0.00000     0.00000     0.00000     0.01414     0.00402
     3.08500     0.00051    -0.00018    -0.00007     0.00000     0.00000     0.00000     0.01411     0.00400
     3.09000     0.00050    -0.00018    -0.00007     0.00000     0.00000     0.00000     0.01407     0.00398
     3.09500     0.00050    -0.00018    -0.00006     0.00000     0.00000     0.00000     0.01404     0.00397
     3.10000     0.00049    -0.00018    -0.00006     0.00000     0.00000     0.00000     0.01401     0.00395
     3.10500     0.00049    -0.00017    -0.00006     0.00000     0.00000     0.00000     0.01397     0.00393
     3.11000     0.00048    -0.00017    -0.00006     0.00000     0.00000     0.00000     0.01394     0.00392
     3.11500     0.00048    -0.00017    -0.00006     0.00000     0.00000     0.00000     0.01390     0.00390
     3.12000     0.00047    -0.00017    -0.00006     0.00000     0.00000     0.00000     0.01387     0.00389
     3.12500     0.00047    -0.00017    -0.00006     0.00000     0.00000     0.00000     0.01384     0.00387
     3.13000     0.00046    -0.00017    -0.00006     0.00000     0.00000     0.00000     0.01380     0.00386
     3.13500     0.00046    -0.00016    -0.00006     0.00000     0.00000     0.00000     0.01377     0.00384
     3.14000     0.00045    -0.00016    -0.00006     0.00000     0.00000     0.00000     0.01374     0.00383
     3.14500     0.00045    -0.00016    -0.00006     0.00000     0.00000     0.00000     0.01370     0.00381
     3.15000     0.00044    -0.00016    -0.00006     0.00000     0.00000     0.00000     0.01367     0.00380
     3.15500     0.00044    -0.00016    -0.00006     0.00000     0.00000     0.00000     0.01364     0.00378
     3.16000     0.00043    -0.00015    -0.00006     0.00000     0.00000     0.00000     0.01360     0.00377
     3.16500     0.00043    -0.00015    -0.00005     0.00000     0.00000     0.00000     0.01357     0.00375
     3.17000     0.00042    -0.00015    -0.00005     0.00000     0.00000     0.00000     0.01354     0.00374
     3.17500     0.00042    -0.00015    -0.00005     0.00000     0.00000     0.00000     0.01351     0.00372
     3.18000     0.00041    -0.00015    -0.00005     0.00000     0.00000     0.00000     0.01347     0.00371
     3.18500     0.00041    -0.00015    -0.00005     0.00000     0.00000     0.00000     0.01344     0.00369
     3.19000     0.00040    -0.00014    -0.00005     0.00000     0.00000     0.00000     0.01341     0.00368
     3.19500     0.00040    -0.00014    -0.00005     0.00000     0.00000     0.00000     0.01338     0.00366
     3.20000     0.00040    -0.00014    -0.00005     0.00000     0.00000     0.00000     0.01335     0.00365
     3.20500     0.00039    -0.00014    -0.00005     0.00000     0.00000     0.00000     0.01331     0.00363
     3.21000     0.00039    -0.00014    -0.00005     0.00000     0.00000     0.00000     0.01328     0.00362
     3.21500     0.00038    -0.00014    -0.00005     0.00000     0.00000     0.00000     0.01325     0.00361
     3.22000     0.00038    -0.00014    -0.00005     0.00000     0.00000     0.00000     0.01322     0.00359
     3.22500     0.00037    -0.00013    -0.00005     0.00000     0.00000     0.00000     0.01319     0.00358
     3.23000     0.00037    -0.00013    -0.00005     0.00000     0.00000     0.00000     0.01316     0.00356
     3.23500     0.00037    -0.00013    -0.00005     0.00000     0.00000     0.00000     0.01313     0.00355
     3.24000     0.00036    -0.00013    -0.00005     0.00000     0.00000     0.00000     0.01310     0.00354
     3.24500     0.00036    -0.00013    -0.00004     0.00000     0.00000     0.00000     0.01307     0.00352
     3.25000     0.00035    -0.00013    -0.00004     0.00000     0.00000     0.00000     0.01303     0.00351
     3.25500     0.00035    -0.00013    -0.00004     0.00000     0.00000     0.00000     0.01300     0.00349
     3.26000     0.00035    -0.00012    -0.00004     0.00000     0.00000     0.00000     0.01297     0.00348
     3.26500     0.00034    -0.00012    -0.00004     0.00000     0.00000     0.00000     0.01294     0.00347
     3.27000     0.00034    -0.00012    -0.00004     0.00000     0.00000     0.00000     0.01291     0.00345
     3.27500     0.00034    -0.00012    -0.00004     0.00000     0.00000     0.00000     0.01288     0.00344
     3.28000     0.00033    -0.00012    -0.00004     0.00000     0.00000     0.00000     0.01285     0.00343
     3.28500     0.00033    -0.00012    -0.00004     0.00000     0.00000     0.00000     0.01282     0.00341
     3.29000     0.00032    -0.00012    -0.00004     0.00000     0.00000     0.00000     0.01279     0.00340
     3.29500     0.00032    -0.00012    -0.00004     0.00000     0.00000     0.00000     0.01276     0.00339
     3.30000     0.00032    -0.00011    -0.00004     0.00000     0.00000     0.00000     0.01273     0.00338
     3.30500     0.00031    -0.00011    -0.00004     0.00000     0.00000     0.00000     0.01270     0.00336
     3.31000     0.00031    -0.00011    -0.00004     0.00000     0.00000     0.00000     0.01267     0.00335
     3.31500     0.00031    -0.00011    -0.00004     0.00000     0.00000     0.00000     0.01264     0.00334
     3.32000     0.00030    -0.00011    -0.00004     0.00000     0.00000     0.00000     0.01262     0.00332
     3.32500     0.00030    -0.00011    -0.00004     0.00000     0.00000     0.00000     0.01259     0.00331
     3.33000     0.00030    -0.00011    -0.00004     0.00000     0.00000     0.00000     0.01256     0.00330
     3.33500     0.00029    -0.00011    -0.00004     0.00000     0.00000     0.00000     0.01253     0.00329
     3.34000     0.00029    -0.00010    -0.00004     0.00000     0.00000     0.00000     0.01250     0.00327
     3.34500     0.00029    -0.00010    -0.00004     0.00000     0.00000     0.00000     0.01247     0.00326
     3.35000     0.00028    -0.00010    -0.00003     0.00000     0.00000     0.00000     0.01244     0.00325
     3.35500     0.00028    -0.00010    -0.00003     0.00000     0.00000     0.00000     0.01241     0.00324
     3.36000     0.00028    -0.00010    -0.00003     0.00000     0.00000     0.00000     0.01238     0.00322
     3.36500     0.00028    -0.00010    -0.00003     0.00000     0.00000     0.00000     0.01236     0.00321
     3.37000     0.00027    -0.00010    -0.00003     0.00000     0.00000     0.00000     0.01233     0.00320
     3.37500     0.00027    -0.00010    -0.00003     0.00000     0.00000     0.00000     0.01230     0.00319
     3.38000     0.00027    -0.00010    -0.00003     0.00000     0.00000     0.00000     0.01227     0.00318
     3.38500     0.00026    -0.00009    -0.00003     0.00000     0.00000     0.00000     0.01224     0.00316
     3.39000     0.00026    -0.00009    -0.00003     0.00000     0.00000     0.00000     0.01222     0.00315
     3.39500     0.00026    -0.00009    -0.00003     0.00000     0.00000     0.00000     0.01219     0.00314
     3.40000     0.00025    -0.00009    -0.00003     0.00000     0.00000     0.00000     0.01216     0.00313
     3.40500     0.00025    -0.00009    -0.00003     0.00000     0.00000     0.00000     0.01213     0.00312
     3.41000     0.00025    -0.00009    -0.00003     0.00000     0.00000     0.00000     0.01211     0.00311
     3.41500     0.00025    -0.00009    -0.00003     0.00000     0.00000     0.00000     0.01208     0.00309
     3.42000     0.00024    -0.00009    -0.00003     0.00000     0.00000     0.00000     0.01205     0.00308
     3.42500     0.00024    -0.00009    -0.00003     0.00000     0.00000     0.00000     0.01202     0.00307
     3.43000     0.00024    -0.00009    -0.00003     0.00000     0.00000     0.00000     0.01200     0.00306
     3.43500     0.00024    -0.00009    -0.00003     0.00000     0.00000     0.00000     0.01197     0.00305
     3.44000     0.00023    -0.00008    -0.00003     0.00000     0.00000     0.00000     0.01194     0.00304
     3.44500     0.00023    -0.00008    -0.00003     0.00000     0.00000     0.00000     0.01192     0.00303
     3.45000     0.00023    -0.00008    -0.00003     0.00000     0.00000     0.00000     0.01189     0.00302
     3.45500     0.00023    -0.00008    -0.00003     0.00000     0.00000     0.00000     0.01186     0.00300
     3.46000     0.00022    -0.00008    -0.00003     0.00000     0.00000     0.00000     0.01184     0.00299
     3.46500     0.00022    -0.00008    -0.00003     0.00000     0.00000     0.00000     0.01181     0.00298
     3.47000     0.00022    -0.00008    -0.00003     0.00000     0.00000     0.00000     0.01178     0.00297
     3.47500     0.00022    -0.00008    -0.00003     0.00000     0.00000     0.00000     0.01176     0.00296
     3.48000     0.00021    -0.00008    -0.00003     0.00000     0.00000     0.00000     0.01173     0.00295
     3.48500     0.00021    -0.00008    -0.00003     0.00000     0.00000     0.00000     0.01170     0.00294
     3.49000     0.00021    -0.00008    -0.00002     0.00000     0.00000     0.00000     0.01168     0.00293
     3.49500     0.00021    -0.00007    -0.00002     0.00000     0.00000     0.00000     0.01165     0.00292
     3.50000     0.00020    -0.00007    -0.00002     0.00000     0.00000     0.00000     0.01163     0.00291
     3.50500     0.00020    -0.00007    -0.00002     0.00000     0.00000     0.00000     0.01160     0.00290
     3.51000     0.00020    -0.00007    -0.00002     0.00000     0.00000     0.00000     0.01157     0.00289
     3.51500     0.00020    -0.00007    -0.00002     0.00000     0.00000     0.00000     0.01155     0.00288
     3.52000     0.00020    -0.00007    -0.00002     0.00000     0.00000     0.00000     0.01152     0.00286
     3.52500     0.00019    -0.00007    -0.00002     0.00000     0.00000     0.00000     0.01150     0.00285
     3.53000     0.00019    -0.00007    -0.00002     0.00000     0.00000     0.00000     0.01147     0.00284
     3.53500     0.00019    -0.00007    -0.00002     0.00000     0.00000     0.00000     0.01145     0.00283
     3.54000     0.00019    -0.00007    -0.00002     0.00000     0.00000     0.00000     0.01142     0.00282
     3.54500     0.00019    -0.00007    -0.00002     0.00000     0.00000     0.00000     0.01140     0.00281
     3.55000     0.00018    -0.00007    -0.00002     0.00000     0.00000     0.00000     0.01137     0.00280
     3.55500     0.00018    -0.00007    -0.00002     0.00000     0.00000     0.00000     0.01135     0.00279
     3.56000     0.00018    -0.00007    -0.00002     0.00000     0.00000     0.00000     0.01132     0.00278
     3.56500     0.00018    -0.00006    -0.00002     0.00000     0.00000     0.00000     0.01130     0.00277
     3.57000     0.00018    -0.00006    -0.00002     0.00000     0.00000     0.00000     0.01127     0.00276
     3.57500     0.00017    -0.00006    -0.00002     0.00000     0.00000     0.00000     0.01125     0.00275
     3.58000     0.00017    -0.00006    -0.00002     0.00000     0.00000     0.00000     0.01122     0.00274
     3.58500     0.00017    -0.00006    -0.00002     0.00000     0.00000     0.00000     0.01120     0.00273
     3.59000     0.00017    -0.00006    -0.00002     0.00000     0.00000     0.00000     0.01117     0.00272
     3.59500     0.00017    -0.00006    -0.00002     0.00000     0.00000     0.00000     0.01115     0.00271
     3.60000     0.00016    -0.00006    -0.00002     0.00000     0.00000     0.00000     0.01113     0.00270
     3.60500     0.00016    -0.00006    -0.00002     0.00000     0.00000     0.00000     0.01110     0.00270
     3.61000     0.00016    -0.00006    -0.00002     0.00000     0.00000     0.00000     0.01108     0.00269
     3.61500     0.00016    -0.00006    -0.00002     0.00000     0.00000     0.00000     0.01105     0.00268
     3.62000     0.00016    -0.00006    -0.00002     0.00000     0.00000     0.00000     0.01103     0.00267
     3.62500     0.00016    -0.00006    -0.00002     0.00000     0.00000     0.00000     0.01101     0.00266
     3.63000     0.00015    -0.00006    -0.00002     0.00000     0.00000     0.00000     0.01098     0.00265
     3.63500     0.00015    -0.00006    -0.00002     0.00000     0.00000     0.00000     0.01096     0.00264
     3.64000     0.00015    -0.00005    -0.00002     0.00000     0.00000     0.00000     0.01094     0.00263
     3.64500     0.00015    -0.00005    -0.00002     0.00000     0.00000     0.00000     0.01091     0.00262
     3.65000     0.00015    -0.00005    -0.00002     0.00000     0.00000     0.00000     0.01089     0.00261
     3.65500     0.00015    -0.00005    -0.00002     0.00000     0.00000     0.00000     0.01086     0.00260
     3.66000     0.00014    -0.00005    -0.00002     0.00000     0.00000     0.00000     0.01084     0.00259
     3.66500     0.00014    -0.00005    -0.00002     0.00000     0.00000     0.00000     0.01082     0.00258
     3.67000     0.00014    -0.00005    -0.00002     0.00000     0.00000     0.00000     0.01080     0.00257
     3.67500     0.00014    -0.00005    -0.00002     0.00000     0.00000     0.00000     0.01077     0.00257
     3.68000     0.00014    -0.00005    -0.00002     0.00000     0.00000     0.00000     0.01075     0.00256
     3.68500     0.00014    -0.00005    -0.00002     0.00000     0.00000     0.00000     0.01073     0.00255
     3.69000     0.00013    -0.00005    -0.00002     0.00000     0.00000     0.00000     0.01070     0.00254
     3.69500     0.00013    -0.00005    -0.00002     0.00000     0.00000     0.00000     0.01068     0.00253
     3.70000     0.00013    -0.00005    -0.00001     0.00000     0.00000     0.00000     0.01066     0.00252
     3.70500     0.00013    -0.00005    -0.00001     0.00000     0.00000     0.00000     0.01064     0.00251
     3.71000     0.00013    -0.00005    -0.00001     0.00000     0.00000     0.00000     0.01061     0.00250
     3.71500     0.00013    -0.00005    -0.00001     0.00000     0.00000     0.00000     0.01059     0.00250
     3.72000     0.00013    -0.00005    -0.00001     0.00000     0.00000     0.00000     0.01057     0.00249
     3.72500     0.00012    -0.00005    -0.00001     0.00000     0.00000     0.00000     0.01055     0.00248
     3.73000     0.00012    -0.00005    -0.00001     0.00000     0.00000     0.00000     0.01052     0.00247
     3.73500     0.00012    -0.00004    -0.00001     0.00000     0.00000     0.00000     0.01050     0.00246
     3.74000     0.00012    -0.00004    -0.00001     0.00000     0.00000     0.00000     0.01048     0.00245
     3.74500     0.00012    -0.00004    -0.00001     0.00000     0.00000     0.00000     0.01046     0.00244
     3.75000     0.00012    -0.00004    -0.00001     0.00000     0.00000     0.00000     0.01043     0.00244
     3.75500     0.00012    -0.00004    -0.00001     0.00000     0.00000     0.00000     0.01041     0.00243
     3.76000     0.00012    -0.00004    -0.00001     0.00000     0.00000     0.00000     0.01039     0.00242
     3.76500     0.00011    -0.00004    -0.00001     0.00000     0.00000     0.00000     0.01037     0.00241
     3.77000     0.00011    -0.00004    -0.00001     0.00000     0.00000     0.00000     0.01035     0.00240
     3.77500     0.00011    -0.00004    -0.00001     0.00000     0.00000     0.00000     0.01033     0.00239
     3.78000     0.00011    -0.00004    -0.00001     0.00000     0.00000     0.00000     0.01030     0.00239
     3.78500     0.00011    -0.00004    -0.00001     0.00000     0.00000     0.00000     0.01028     0.00238
     3.79000     0.00011    -0.00004    -0.00001     0.00000     0.00000     0.00000     0.01026     0.00237
     3.79500     0.00011    -0.00004    -0.00001     0.00000     0.00000     0.00000     0.01024     0.00236
     3.80000     0.00011    -0.00004    -0.00001     0.00000     0.00000     0.00000     0.01022     0.00235
     3.80500     0.00010    -0.00004    -0.00001     0.00000     0.00000     0.00000     0.01020     0.00235
     3.81000     0.00010    -0.00004    -0.00001     0.00000     0.00000     0.00000     0.01018     0.00234
     3.81500     0.00010    -0.00004    -0.00001     0.00000     0.00000     0.00000     0.01015     0.00233
     3.82000     0.00010    -0.00004    -0.00001     0.00000     0.00000     0.00000     0.01013     0.00232
     3.82500     0.00010    -0.00004    -0.00001     0.00000     0.00000     0.00000     0.01011     0.00231
     3.83000     0.00010    -0.00004    -0.00001     0.00000     0.00000     0.00000     0.01009     0.00231
     3.83500     0.00010    -0.00004    -0.00001     0.00000     0.00000     0.00000     0.01007     0.00230
     3.84000     0.00010    -0.00004    -0.00001     0.00000     0.00000     0.00000     0.01005     0.00229
     3.84500     0.00010    -0.00004    -0.00001     0.00000     0.00000     0.00000     0.01003     0.00228
     3.85000     0.00009    -0.00003    -0.00001     0.00000     0.00000     0.00000     0.01001     0.00228
     3.85500     0.00009    -0.00003    -0.00001     0.00000     0.00000     0.00000     0.00999     0.00227
     3.86000     0.00009    -0.00003    -0.00001     0.00000     0.00000     0.00000     0.00997     0.00226
     3.86500     0.00009    -0.00003    -0.00001     0.00000     0.00000     0.00000     0.00995     0.00225
     3.87000     0.00009    -0.00003    -0.00001     0.00000     0.00000     0.00000     0.00993     0.00225
     3.87500     0.00009    -0.00003    -0.00001     0.00000     0.00000     0.00000     0.00991     0.00224
     3.88000     0.00009    -0.00003    -0.00001     0.00000     0.00000     0.00000     0.00989     0.00223
     3.88500     0.00009    -0.00003    -0.00001     0.00000     0.00000     0.00000     0.00987     0.00222
     3.89000     0.00009    -0.00003    -0.00001     0.00000     0.00000     0.00000     0.00985     0.00222
     3.89500     0.00009    -0.00003    -0.00001     0.00000     0.00000     0.00000     0.00983     0.00221
     3.90000     0.00009    -0.00003    -0.00001     0.00000     0.00000     0.00000     0.00981     0.00220
     3.90500     0.00008    -0.00003    -0.00001     0.00000     0.00000     0.00000     0.00979     0.00219
     3.91000     0.00008    -0.00003    -0.00001     0.00000     0.00000     0.00000     0.00977     0.00219
     3.91500     0.00008    -0.00003    -0.00001     0.00000     0.00000     0.00000     0.00975     0.00218
     3.92000     0.00008    -0.00003    -0.00001     0.00000     0.00000     0.00000     0.00973     0.00217
     3.92500     0.00008    -0.00003    -0.00001     0.00000     0.00000     0.00000     0.00971     0.00217
     3.93000     0.00008    -0.00003    -0.00001     0.00000     0.00000     0.00000     0.00969     0.00216
     3.93500     0.00008    -0.00003    -0.00001     0.00000     0.00000     0.00000     0.00967     0.00215
     3.94000     0.00008    -0.00003    -0.00001     0.00000     0.00000     0.00000     0.00965     0.00214
     3.94500     0.00008    -0.00003    -0.00001     0.00000     0.00000     0.00000     0.00963     0.00214
     3.95000     0.00008    -0.00003    -0.00001     0.00000     0.00000     0.00000     0.00961     0.00213
     3.95500     0.00008    -0.00003    -0.00001     0.00000     0.00000     0.00000     0.00959     0.00212
     3.96000     0.00007    -0.00003    -0.00001     0.00000     0.00000     0.00000     0.00957     0.00212
     3.96500     0.00007    -0.00003    -0.00001     0.00000     0.00000     0.00000     0.00955     0.00211
     3.97000     0.00007    -0.00003    -0.00001     0.00000     0.00000     0.00000     0.00953     0.00210
     3.97500     0.00007    -0.00003    -0.00001     0.00000     0.00000     0.00000     0.00951     0.00210
     3.98000     0.00007    -0.00003    -0.00001     0.00000     0.00000     0.00000     0.00949     0.00209
     3.98500     0.00007    -0.00003    -0.00001     0.00000     0.00000     0.00000     0.00947     0.00208
     3.99000     0.00007    -0.00003    -0.00001     0.00000     0.00000     0.00000     0.00946     0.00208
     3.99500     0.00007    -0.00003    -0.00001     0.00000     0.00000     0.00000     0.00944     0.00207
     4.00000     0.00007    -0.00003    -0.00001     0.00000     0.00000     0.00000     0.00942     0.00206
