 # F37_1950 FF
     0.00000    -0.67223     0.13089     0.32871     0.00000     0.00000     0.00000     0.00000     0.00000
     0.00500    -0.66351     0.12988     0.32296     0.00000     0.00000     0.00000     0.00000     0.00000
     0.01000    -0.65491     0.12886     0.31732     0.00000     0.00000     0.00000     0.00000     0.00000
     0.01500    -0.64643     0.12784     0.31179     0.00000     0.00000     0.00000     0.00000     0.00000
     0.02000    -0.63806     0.12683     0.30636     0.00000     0.00000     0.00000     0.00000     0.00000
     0.02500    -0.62981     0.12581     0.30104     0.00000     0.00000     0.00000     0.00000     0.00000
     0.03000    -0.62168     0.12480     0.29583     0.00000     0.00000     0.00000     0.00000     0.00000
     0.03500    -0.61366     0.12378     0.29071     0.00000     0.00000     0.00000     0.00000     0.00000
     0.04000    -0.60574     0.12277     0.28569     0.00000     0.00000     0.00000     0.00000     0.00000
     0.04500    -0.59794     0.12176     0.28077     0.00000     0.00000     0.00000     0.00000     0.00000
     0.05000    -0.59025     0.12075     0.27594     0.00000     0.00000     0.00000     0.00000     0.00000
     0.05500    -0.58266     0.11974     0.27120     0.00000     0.00000     0.00000     0.00000     0.00000
     0.06000    -0.57517     0.11874     0.26655     0.00000     0.00000     0.00000     0.00000     0.00000
     0.06500    -0.56779     0.11774     0.26199     0.00000     0.00000     0.00000     0.00000     0.00000
     0.07000    -0.56051     0.11674     0.25751     0.00000     0.00000     0.00000     0.00000     0.00000
     0.07500    -0.55332     0.11575     0.25312     0.00000     0.00000     0.00000     0.00000     0.00000
     0.08000    -0.54624     0.11475     0.24881     0.00000     0.00000     0.00000     0.00000     0.00000
     0.08500    -0.53925     0.11376     0.24458     0.00000     0.00000     0.00000     0.00000     0.00000
     0.09000    -0.53236     0.11278     0.24043     0.00000     0.00000     0.00000     0.00000     0.00000
     0.09500    -0.52556     0.11180     0.23636     0.00000     0.00000     0.00000     0.00000     0.00000
     0.10000    -0.51885     0.11082     0.23237     0.00000     0.00000     0.00000     0.00000     0.00000
     0.10500    -0.51224     0.10985     0.22844     0.00000     0.00000     0.00000     0.00000     0.00000
     0.11000    -0.50571     0.10888     0.22459     0.00000     0.00000     0.00000     0.00000     0.00000
     0.11500    -0.49927     0.10791     0.22082     0.00000     0.00000     0.00000     0.00000     0.00000
     0.12000    -0.49292     0.10695     0.21711     0.00000     0.00000     0.00000     0.00000     0.00000
     0.12500    -0.48665     0.10600     0.21347     0.00000     0.00000     0.00000     0.00000     0.00000
     0.13000    -0.48047     0.10504     0.20989     0.00000     0.00000     0.00000     0.00000     0.00000
     0.13500    -0.47438     0.10410     0.20639     0.00000     0.00000     0.00000     0.00000     0.00000
     0.14000    -0.46836     0.10316     0.20294     0.00000     0.00000     0.00000     0.00000     0.00000
     0.14500    -0.46242     0.10222     0.19956     0.00000     0.00000     0.00000     0.00000     0.00000
     0.15000    -0.45657     0.10129     0.19624     0.00000     0.00000     0.00000     0.00000     0.00000
     0.15500    -0.45079     0.10036     0.19298     0.00000     0.00000     0.00000     0.00000     0.00000
     0.16000    -0.44509     0.09944     0.18978     0.00000     0.00000     0.00000     0.00000     0.00000
     0.16500    -0.43947     0.09853     0.18664     0.00000     0.00000     0.00000     0.00000     0.00000
     0.17000    -0.43392     0.09762     0.18355     0.00000     0.00000     0.00000     0.00000     0.00000
     0.17500    -0.42845     0.09671     0.18052     0.00000     0.00000     0.00000     0.00000     0.00000
     0.18000    -0.42305     0.09581     0.17755     0.00000     0.00000     0.00000     0.00000     0.00000
     0.18500    -0.41772     0.09492     0.17463     0.00000     0.00000     0.00000     0.00000     0.00000
     0.19000    -0.41246     0.09403     0.17176     0.00000     0.00000     0.00000     0.00000     0.00000
     0.19500    -0.40727     0.09315     0.16894     0.00000     0.00000     0.00000     0.00000     0.00000
     0.20000    -0.40215     0.09227     0.16617     0.00000     0.00000     0.00000     0.00000     0.00000
     0.20500    -0.39710     0.09140     0.16345     0.00000     0.00000     0.00000     0.00000     0.00000
     0.21000    -0.39211     0.09054     0.16078     0.00000     0.00000     0.00000     0.00000     0.00000
     0.21500    -0.38719     0.08968     0.15816     0.00000     0.00000     0.00000     0.00000     0.00000
     0.22000    -0.38234     0.08883     0.15558     0.00000     0.00000     0.00000     0.00000     0.00000
     0.22500    -0.37755     0.08798     0.15305     0.00000     0.00000     0.00000     0.00000     0.00000
     0.23000    -0.37282     0.08714     0.15056     0.00000     0.00000     0.00000     0.00000     0.00000
     0.23500    -0.36816     0.08630     0.14812     0.00000     0.00000     0.00000     0.00000     0.00000
     0.24000    -0.36355     0.08547     0.14572     0.00000     0.00000     0.00000     0.00000     0.00000
     0.24500    -0.35901     0.08465     0.14337     0.00000     0.00000     0.00000     0.00000     0.00000
     0.25000    -0.35453     0.08383     0.14105     0.00000     0.00000     0.00000     0.00000     0.00000
     0.25500    -0.35010     0.08302     0.13877     0.00000     0.00000     0.00000     0.00000     0.00000
     0.26000    -0.34574     0.08222     0.13654     0.00000     0.00000     0.00000     0.00000     0.00000
     0.26500    -0.34143     0.08142     0.13434     0.00000     0.00000     0.00000     0.00000     0.00000
     0.27000    -0.33717     0.08063     0.13218     0.00000     0.00000     0.00000     0.00000     0.00000
     0.27500    -0.33298     0.07984     0.13006     0.00000     0.00000     0.00000     0.00000     0.00000
     0.28000    -0.32884     0.07906     0.12798     0.00000     0.00000     0.00000     0.00000     0.00000
     0.28500    -0.32475     0.07829     0.12593     0.00000     0.00000     0.00000     0.00000     0.00000
     0.29000    -0.32071     0.07752     0.12392     0.00000     0.00000     0.00000     0.00000     0.00000
     0.29500    -0.31673     0.07676     0.12194     0.00000     0.00000     0.00000     0.00000     0.00000
     0.30000    -0.31280     0.07600     0.12000     0.00000     0.00000     0.00000     0.00000     0.00000
     0.30500    -0.30892     0.07525     0.11809     0.00000     0.00000     0.00000     0.00000     0.00000
     0.31000    -0.30509     0.07451     0.11621     0.00000     0.00000     0.00000     0.00000     0.00000
     0.31500    -0.30131     0.07377     0.11436     0.00000     0.00000     0.00000     0.00000     0.00000
     0.32000    -0.29758     0.07304     0.11255     0.00000     0.00000     0.00000     0.00000     0.00000
     0.32500    -0.29390     0.07231     0.11077     0.00000     0.00000     0.00000     0.00000     0.00000
     0.33000    -0.29027     0.07159     0.10902     0.00000     0.00000     0.00000     0.00000     0.00000
     0.33500    -0.28668     0.07088     0.10729     0.00000     0.00000     0.00000     0.00000     0.00000
     0.34000    -0.28314     0.07017     0.10560     0.00000     0.00000     0.00000     0.00000     0.00000
     0.34500    -0.27964     0.06947     0.10394     0.00000     0.00000     0.00000     0.00000     0.00000
     0.35000    -0.27619     0.06877     0.10230     0.00000     0.00000     0.00000     0.00000     0.00000
     0.35500    -0.27279     0.06809     0.10069     0.00000     0.00000     0.00000     0.00000     0.00000
     0.36000    -0.26943     0.06740     0.09911     0.00000     0.00000     0.00000     0.00000     0.00000
     0.36500    -0.26611     0.06672     0.09756     0.00000     0.00000     0.00000     0.00000     0.00000
     0.37000    -0.26283     0.06605     0.09603     0.00000     0.00000     0.00000     0.00000     0.00000
     0.37500    -0.25960     0.06539     0.09452     0.00000     0.00000     0.00000     0.00000     0.00000
     0.38000    -0.25641     0.06472     0.09305     0.00000     0.00000     0.00000     0.00000     0.00000
     0.38500    -0.25326     0.06407     0.09159     0.00000     0.00000     0.00000     0.00000     0.00000
     0.39000    -0.25015     0.06342     0.09017     0.00000     0.00000     0.00000     0.00000     0.00000
     0.39500    -0.24708     0.06278     0.08876     0.00000     0.00000     0.00000     0.00000     0.00000
     0.40000    -0.24404     0.06214     0.08738     0.00000     0.00000     0.00000     0.00000     0.00000
     0.40500    -0.24105     0.06151     0.08602     0.00000     0.00000     0.00000     0.00000     0.00000
     0.41000    -0.23810     0.06088     0.08469     0.00000     0.00000     0.00000     0.00000     0.00000
     0.41500    -0.23518     0.06026     0.08338     0.00000     0.00000     0.00000     0.00000     0.00000
     0.42000    -0.23230     0.05965     0.08208     0.00000     0.00000     0.00000     0.00000     0.00000
     0.42500    -0.22946     0.05904     0.08081     0.00000     0.00000     0.00000     0.00000     0.00000
     0.43000    -0.22665     0.05844     0.07957     0.00000     0.00000     0.00000     0.00000     0.00000
     0.43500    -0.22388     0.05784     0.07834     0.00000     0.00000     0.00000     0.00000     0.00000
     0.44000    -0.22115     0.05725     0.07713     0.00000     0.00000     0.00000     0.00000     0.00000
     0.44500    -0.21844     0.05666     0.07594     0.00000     0.00000     0.00000     0.00000     0.00000
     0.45000    -0.21578     0.05608     0.07477     0.00000     0.00000     0.00000     0.00000     0.00000
     0.45500    -0.21315     0.05550     0.07362     0.00000     0.00000     0.00000     0.00000     0.00000
     0.46000    -0.21055     0.05493     0.07249     0.00000     0.00000     0.00000     0.00000     0.00000
     0.46500    -0.20798     0.05436     0.07138     0.00000     0.00000     0.00000     0.00000     0.00000
     0.47000    -0.20545     0.05380     0.07029     0.00000     0.00000     0.00000     0.00000     0.00000
     0.47500    -0.20295     0.05325     0.06921     0.00000     0.00000     0.00000     0.00000     0.00000
     0.48000    -0.20048     0.05270     0.06816     0.00000     0.00000     0.00000     0.00000     0.00000
     0.48500    -0.19804     0.05215     0.06712     0.00000     0.00000     0.00000     0.00000     0.00000
     0.49000    -0.19563     0.05161     0.06609     0.00000     0.00000     0.00000     0.00000     0.00000
     0.49500    -0.19325     0.05108     0.06508     0.00000     0.00000     0.00000     0.00000     0.00000
     0.50000    -0.19090     0.05055     0.06409     0.00000     0.00000     0.00000     0.00000     0.00000
     0.50500    -0.18859     0.05003     0.06312     0.00000     0.00000     0.00000     0.00000     0.00000
     0.51000    -0.18630     0.04951     0.06216     0.00000     0.00000     0.00000     0.00000     0.00000
     0.51500    -0.18404     0.04899     0.06122     0.00000     0.00000     0.00000     0.00000     0.00000
     0.52000    -0.18181     0.04848     0.06029     0.00000     0.00000     0.00000     0.00000     0.00000
     0.52500    -0.17960     0.04798     0.05938     0.00000     0.00000     0.00000     0.00000     0.00000
     0.53000    -0.17743     0.04748     0.05848     0.00000     0.00000     0.00000     0.00000     0.00000
     0.53500    -0.17528     0.04698     0.05759     0.00000     0.00000     0.00000     0.00000     0.00000
     0.54000    -0.17316     0.04649     0.05672     0.00000     0.00000     0.00000     0.00000     0.00000
     0.54500    -0.17106     0.04601     0.05587     0.00000     0.00000     0.00000     0.00000     0.00000
     0.55000    -0.16899     0.04553     0.05503     0.00000     0.00000     0.00000     0.00000     0.00000
     0.55500    -0.16695     0.04505     0.05420     0.00000     0.00000     0.00000     0.00000     0.00000
     0.56000    -0.16493     0.04458     0.05338     0.00000     0.00000     0.00000     0.00000     0.00000
     0.56500    -0.16294     0.04411     0.05258     0.00000     0.00000     0.00000     0.00000     0.00000
     0.57000    -0.16098     0.04365     0.05179     0.00000     0.00000     0.00000     0.00000     0.00000
     0.57500    -0.15903     0.04319     0.05101     0.00000     0.00000     0.00000     0.00000     0.00000
     0.58000    -0.15712     0.04274     0.05025     0.00000     0.00000     0.00000     0.00000     0.00000
     0.58500    -0.15522     0.04229     0.04950     0.00000     0.00000     0.00000     0.00000     0.00000
     0.59000    -0.15335     0.04185     0.04876     0.00000     0.00000     0.00000     0.00000     0.00000
     0.59500    -0.15150     0.04141     0.04803     0.00000     0.00000     0.00000     0.00000     0.00000
     0.60000    -0.14968     0.04097     0.04731     0.00000     0.00000     0.00000     0.00000     0.00000
     0.60500    -0.14788     0.04054     0.04661     0.00000     0.00000     0.00000     0.00000     0.00000
     0.61000    -0.14610     0.04011     0.04591     0.00000     0.00000     0.00000     0.00000     0.00000
     0.61500    -0.14434     0.03969     0.04523     0.00000     0.00000     0.00000     0.00000     0.00000
     0.62000    -0.14261     0.03927     0.04456     0.00000     0.00000     0.00000     0.00000     0.00000
     0.62500    -0.14090     0.03886     0.04389     0.00000     0.00000     0.00000     0.00000     0.00000
     0.63000    -0.13920     0.03845     0.04324     0.00000     0.00000     0.00000     0.00000     0.00000
     0.63500    -0.13753     0.03804     0.04260     0.00000     0.00000     0.00000     0.00000     0.00000
     0.64000    -0.13588     0.03764     0.04197     0.00000     0.00000     0.00000     0.00000     0.00000
     0.64500    -0.13425     0.03724     0.04135     0.00000     0.00000     0.00000     0.00000     0.00000
     0.65000    -0.13264     0.03685     0.04074     0.00000     0.00000     0.00000     0.00000     0.00000
     0.65500    -0.13105     0.03646     0.04013     0.00000     0.00000     0.00000     0.00000     0.00000
     0.66000    -0.12948     0.03607     0.03954     0.00000     0.00000     0.00000     0.00000     0.00000
     0.66500    -0.12793     0.03569     0.03896     0.00000     0.00000     0.00000     0.00000     0.00000
     0.67000    -0.12640     0.03531     0.03838     0.00000     0.00000     0.00000     0.00000     0.00000
     0.67500    -0.12489     0.03494     0.03782     0.00000     0.00000     0.00000     0.00000     0.00000
     0.68000    -0.12339     0.03457     0.03726     0.00000     0.00000     0.00000     0.00000     0.00000
     0.68500    -0.12192     0.03420     0.03671     0.00000     0.00000     0.00000     0.00000     0.00000
     0.69000    -0.12046     0.03384     0.03617     0.00000     0.00000     0.00000     0.00000     0.00000
     0.69500    -0.11902     0.03348     0.03564     0.00000     0.00000     0.00000     0.00000     0.00000
     0.70000    -0.11760     0.03312     0.03512     0.00000     0.00000     0.00000     0.00000     0.00000
     0.70500    -0.11620     0.03277     0.03460     0.00000     0.00000     0.00000     0.00000     0.00000
     0.71000    -0.11481     0.03242     0.03410     0.00000     0.00000     0.00000     0.00000     0.00000
     0.71500    -0.11344     0.03208     0.03360     0.00000     0.00000     0.00000     0.00000     0.00000
     0.72000    -0.11209     0.03173     0.03311     0.00000     0.00000     0.00000     0.00000     0.00000
     0.72500    -0.11075     0.03140     0.03262     0.00000     0.00000     0.00000     0.00000     0.00000
     0.73000    -0.10943     0.03106     0.03215     0.00000     0.00000     0.00000     0.00000     0.00000
     0.73500    -0.10813     0.03073     0.03168     0.00000     0.00000     0.00000     0.00000     0.00000
     0.74000    -0.10684     0.03040     0.03122     0.00000     0.00000     0.00000     0.00000     0.00000
     0.74500    -0.10557     0.03008     0.03076     0.00000     0.00000     0.00000     0.00000     0.00000
     0.75000    -0.10431     0.02976     0.03032     0.00000     0.00000     0.00000     0.00000     0.00000
     0.75500    -0.10307     0.02944     0.02987     0.00000     0.00000     0.00000     0.00000     0.00000
     0.76000    -0.10184     0.02912     0.02944     0.00000     0.00000     0.00000     0.00000     0.00000
     0.76500    -0.10063     0.02881     0.02901     0.00000     0.00000     0.00000     0.00000     0.00000
     0.77000    -0.09944     0.02851     0.02859     0.00000     0.00000     0.00000     0.00000     0.00000
     0.77500    -0.09826     0.02820     0.02818     0.00000     0.00000     0.00000     0.00000     0.00000
     0.78000    -0.09709     0.02790     0.02777     0.00000     0.00000     0.00000     0.00000     0.00000
     0.78500    -0.09594     0.02760     0.02737     0.00000     0.00000     0.00000     0.00000     0.00000
     0.79000    -0.09480     0.02731     0.02697     0.00000     0.00000     0.00000     0.00000     0.00000
     0.79500    -0.09368     0.02701     0.02658     0.00000     0.00000     0.00000     0.00000     0.00000
     0.80000    -0.09256     0.02672     0.02620     0.00000     0.00000     0.00000     0.00000     0.00000
     0.80500    -0.09147     0.02644     0.02582     0.00000     0.00000     0.00000     0.00000     0.00000
     0.81000    -0.09038     0.02615     0.02545     0.00000     0.00000     0.00000     0.00000     0.00000
     0.81500    -0.08931     0.02587     0.02508     0.00000     0.00000     0.00000     0.00000     0.00000
     0.82000    -0.08825     0.02560     0.02472     0.00000     0.00000     0.00000     0.00000     0.00000
     0.82500    -0.08721     0.02532     0.02437     0.00000     0.00000     0.00000     0.00000     0.00000
     0.83000    -0.08618     0.02505     0.02402     0.00000     0.00000     0.00000     0.00000     0.00000
     0.83500    -0.08516     0.02478     0.02367     0.00000     0.00000     0.00000     0.00000     0.00000
     0.84000    -0.08415     0.02451     0.02333     0.00000     0.00000     0.00000     0.00000     0.00000
     0.84500    -0.08316     0.02425     0.02300     0.00000     0.00000     0.00000     0.00000     0.00000
     0.85000    -0.08217     0.02399     0.02267     0.00000     0.00000     0.00000     0.00000     0.00000
     0.85500    -0.08120     0.02373     0.02234     0.00000     0.00000     0.00000     0.00000     0.00000
     0.86000    -0.08024     0.02348     0.02202     0.00000     0.00000     0.00000     0.00000     0.00000
     0.86500    -0.07930     0.02323     0.02171     0.00000     0.00000     0.00000     0.00000     0.00000
     0.87000    -0.07836     0.02298     0.02140     0.00000     0.00000     0.00000     0.00000     0.00000
     0.87500    -0.07744     0.02273     0.02109     0.00000     0.00000     0.00000     0.00000     0.00000
     0.88000    -0.07652     0.02248     0.02079     0.00000     0.00000     0.00000     0.00000     0.00000
     0.88500    -0.07562     0.02224     0.02050     0.00000     0.00000     0.00000     0.00000     0.00000
     0.89000    -0.07473     0.02200     0.02020     0.00000     0.00000     0.00000     0.00000     0.00000
     0.89500    -0.07385     0.02177     0.01992     0.00000     0.00000     0.00000     0.00000     0.00000
     0.90000    -0.07298     0.02153     0.01963     0.00000     0.00000     0.00000     0.00000     0.00000
     0.90500    -0.07212     0.02130     0.01935     0.00000     0.00000     0.00000     0.00000     0.00000
     0.91000    -0.07127     0.02107     0.01908     0.00000     0.00000     0.00000     0.00000     0.00000
     0.91500    -0.07043     0.02084     0.01881     0.00000     0.00000     0.00000     0.00000     0.00000
     0.92000    -0.06960     0.02062     0.01854     0.00000     0.00000     0.00000     0.00000     0.00000
     0.92500    -0.06878     0.02040     0.01828     0.00000     0.00000     0.00000     0.00000     0.00000
     0.93000    -0.06797     0.02018     0.01802     0.00000     0.00000     0.00000     0.00000     0.00000
     0.93500    -0.06718     0.01996     0.01776     0.00000     0.00000     0.00000     0.00000     0.00000
     0.94000    -0.06639     0.01974     0.01751     0.00000     0.00000     0.00000     0.00000     0.00000
     0.94500    -0.06561     0.01953     0.01727     0.00000     0.00000     0.00000     0.00000     0.00000
     0.95000    -0.06484     0.01932     0.01702     0.00000     0.00000     0.00000     0.00000     0.00000
     0.95500    -0.06407     0.01911     0.01678     0.00000     0.00000     0.00000     0.00000     0.00000
     0.96000    -0.06332     0.01890     0.01654     0.00000     0.00000     0.00000     0.00000     0.00000
     0.96500    -0.06258     0.01870     0.01631     0.00000     0.00000     0.00000     0.00000     0.00000
     0.97000    -0.06184     0.01850     0.01608     0.00000     0.00000     0.00000     0.00000     0.00000
     0.97500    -0.06112     0.01830     0.01585     0.00000     0.00000     0.00000     0.00000     0.00000
     0.98000    -0.06040     0.01810     0.01563     0.00000     0.00000     0.00000     0.00000     0.00000
     0.98500    -0.05969     0.01790     0.01541     0.00000     0.00000     0.00000     0.00000     0.00000
     0.99000    -0.05900     0.01771     0.01519     0.00000     0.00000     0.00000     0.00000     0.00000
     0.99500    -0.05830     0.01752     0.01498     0.00000     0.00000     0.00000     0.00000     0.00000
     1.00000    -0.05762     0.01733     0.01477     0.00000     0.00000     0.00000     0.00000     0.00000
     1.00500    -0.05695     0.01714     0.01456     0.00000     0.00000     0.00000     0.00000     0.00000
     1.01000    -0.05628     0.01696     0.01436     0.00000     0.00000     0.00000     0.00000     0.00000
     1.01500    -0.05562     0.01677     0.01416     0.00000     0.00000     0.00000     0.00000     0.00000
     1.02000    -0.05497     0.01659     0.01396     0.00000     0.00000     0.00000     0.00000     0.00000
     1.02500    -0.05433     0.01641     0.01376     0.00000     0.00000     0.00000     0.00000     0.00000
     1.03000    -0.05369     0.01624     0.01357     0.00000     0.00000     0.00000     0.00000     0.00000
     1.03500    -0.05307     0.01606     0.01338     0.00000     0.00000     0.00000     0.00000     0.00000
     1.04000    -0.05245     0.01589     0.01320     0.00000     0.00000     0.00000     0.00000     0.00000
     1.04500    -0.05183     0.01571     0.01301     0.00000     0.00000     0.00000     0.00000     0.00000
     1.05000    -0.05123     0.01554     0.01283     0.00000     0.00000     0.00000     0.00000     0.00000
     1.05500    -0.05063     0.01538     0.01265     0.00000     0.00000     0.00000     0.00000     0.00000
     1.06000    -0.05004     0.01521     0.01247     0.00000     0.00000     0.00000     0.00000     0.00000
     1.06500    -0.04945     0.01504     0.01230     0.00000     0.00000     0.00000     0.00000     0.00000
     1.07000    -0.04888     0.01488     0.01213     0.00000     0.00000     0.00000     0.00000     0.00000
     1.07500    -0.04831     0.01472     0.01196     0.00000     0.00000     0.00000     0.00000     0.00000
     1.08000    -0.04774     0.01456     0.01180     0.00000     0.00000     0.00000     0.00000     0.00000
     1.08500    -0.04719     0.01440     0.01163     0.00000     0.00000     0.00000     0.00000     0.00000
     1.09000    -0.04664     0.01425     0.01147     0.00000     0.00000     0.00000     0.00000     0.00000
     1.09500    -0.04609     0.01409     0.01131     0.00000     0.00000     0.00000     0.00000     0.00000
     1.10000    -0.04556     0.01394     0.01115     0.00000     0.00000     0.00000     0.00000     0.00000
     1.10500    -0.04503     0.01379     0.01100     0.00000     0.00000     0.00000     0.00000     0.00000
     1.11000    -0.04450     0.01364     0.01085     0.00000     0.00000     0.00000     0.00000     0.00000
     1.11500    -0.04399     0.01349     0.01070     0.00000     0.00000     0.00000     0.00000     0.00000
     1.12000    -0.04347     0.01334     0.01055     0.00000     0.00000     0.00000     0.00000     0.00000
     1.12500    -0.04297     0.01320     0.01040     0.00000     0.00000     0.00000     0.00000     0.00000
     1.13000    -0.04247     0.01306     0.01026     0.00000     0.00000     0.00000     0.00000     0.00000
     1.13500    -0.04197     0.01291     0.01012     0.00000     0.00000     0.00000     0.00000     0.00000
     1.14000    -0.04149     0.01277     0.00998     0.00000     0.00000     0.00000     0.00000     0.00000
     1.14500    -0.04100     0.01264     0.00984     0.00000     0.00000     0.00000     0.00000     0.00000
     1.15000    -0.04053     0.01250     0.00970     0.00000     0.00000     0.00000     0.00000     0.00000
     1.15500    -0.04006     0.01236     0.00957     0.00000     0.00000     0.00000     0.00000     0.00000
     1.16000    -0.03959     0.01223     0.00944     0.00000     0.00000     0.00000     0.00000     0.00000
     1.16500    -0.03913     0.01210     0.00931     0.00000     0.00000     0.00000     0.00000     0.00000
     1.17000    -0.03868     0.01196     0.00918     0.00000     0.00000     0.00000     0.00000     0.00000
     1.17500    -0.03823     0.01183     0.00905     0.00000     0.00000     0.00000     0.00000     0.00000
     1.18000    -0.03779     0.01171     0.00893     0.00000     0.00000     0.00000     0.00000     0.00000
     1.18500    -0.03735     0.01158     0.00881     0.00000     0.00000     0.00000     0.00000     0.00000
     1.19000    -0.03692     0.01145     0.00869     0.00000     0.00000     0.00000     0.00000     0.00000
     1.19500    -0.03649     0.01133     0.00857     0.00000     0.00000     0.00000     0.00000     0.00000
     1.20000    -0.03606     0.01120     0.00845     0.00000     0.00000     0.00000     0.00000     0.00000
     1.20500    -0.03565     0.01108     0.00833     0.00000     0.00000     0.00000     0.00000     0.00000
     1.21000    -0.03523     0.01096     0.00822     0.00000     0.00000     0.00000     0.00000     0.00000
     1.21500    -0.03483     0.01084     0.00811     0.00000     0.00000     0.00000     0.00000     0.00000
     1.22000    -0.03442     0.01073     0.00800     0.00000     0.00000     0.00000     0.00000     0.00000
     1.22500    -0.03402     0.01061     0.00789     0.00000     0.00000     0.00000     0.00000     0.00000
     1.23000    -0.03363     0.01049     0.00778     0.00000     0.00000     0.00000     0.00000     0.00000
     1.23500    -0.03324     0.01038     0.00767     0.00000     0.00000     0.00000     0.00000     0.00000
     1.24000    -0.03286     0.01027     0.00757     0.00000     0.00000     0.00000     0.00000     0.00000
     1.24500    -0.03248     0.01015     0.00747     0.00000     0.00000     0.00000     0.00000     0.00000
     1.25000    -0.03210     0.01004     0.00736     0.00000     0.00000     0.00000     0.00000     0.00000
     1.25500    -0.03173     0.00994     0.00726     0.00000     0.00000     0.00000     0.00000     0.00000
     1.26000    -0.03136     0.00983     0.00716     0.00000     0.00000     0.00000     0.00000     0.00000
     1.26500    -0.03100     0.00972     0.00707     0.00000     0.00000     0.00000     0.00000     0.00000
     1.27000    -0.03064     0.00961     0.00697     0.00000     0.00000     0.00000     0.00000     0.00000
     1.27500    -0.03029     0.00951     0.00688     0.00000     0.00000     0.00000     0.00000     0.00000
     1.28000    -0.02994     0.00941     0.00678     0.00000     0.00000     0.00000     0.00000     0.00000
     1.28500    -0.02959     0.00930     0.00669     0.00000     0.00000     0.00000     0.00000     0.00000
     1.29000    -0.02925     0.00920     0.00660     0.00000     0.00000     0.00000     0.00000     0.00000
     1.29500    -0.02892     0.00910     0.00651     0.00000     0.00000     0.00000     0.00000     0.00000
     1.30000    -0.02858     0.00900     0.00642     0.00000     0.00000     0.00000     0.00000     0.00000
     1.30500    -0.02825     0.00891     0.00633     0.00000     0.00000     0.00000     0.00000     0.00000
     1.31000    -0.02793     0.00881     0.00625     0.00000     0.00000     0.00000     0.00000     0.00000
     1.31500    -0.02760     0.00871     0.00616     0.00000     0.00000     0.00000     0.00000     0.00000
     1.32000    -0.02729     0.00862     0.00608     0.00000     0.00000     0.00000     0.00000     0.00000
     1.32500    -0.02697     0.00852     0.00600     0.00000     0.00000     0.00000     0.00000     0.00000
     1.33000    -0.02666     0.00843     0.00592     0.00000     0.00000     0.00000     0.00000     0.00000
     1.33500    -0.02635     0.00834     0.00584     0.00000     0.00000     0.00000     0.00000     0.00000
     1.34000    -0.02605     0.00825     0.00576     0.00000     0.00000     0.00000     0.00000     0.00000
     1.34500    -0.02575     0.00816     0.00568     0.00000     0.00000     0.00000     0.00000     0.00000
     1.35000    -0.02545     0.00807     0.00560     0.00000     0.00000     0.00000     0.00000     0.00000
     1.35500    -0.02516     0.00798     0.00553     0.00000     0.00000     0.00000     0.00000     0.00000
     1.36000    -0.02487     0.00790     0.00545     0.00000     0.00000     0.00000     0.00000     0.00000
     1.36500    -0.02459     0.00781     0.00538     0.00000     0.00000     0.00000     0.00000     0.00000
     1.37000    -0.02430     0.00772     0.00531     0.00000     0.00000     0.00000     0.00000     0.00000
     1.37500    -0.02402     0.00764     0.00524     0.00000     0.00000     0.00000     0.00000     0.00000
     1.38000    -0.02375     0.00756     0.00517     0.00000     0.00000     0.00000     0.00000     0.00000
     1.38500    -0.02347     0.00747     0.00510     0.00000     0.00000     0.00000     0.00000     0.00000
     1.39000    -0.02320     0.00739     0.00503     0.00000     0.00000     0.00000     0.00000     0.00000
     1.39500    -0.02294     0.00731     0.00496     0.00000     0.00000     0.00000     0.00000     0.00000
     1.40000    -0.02267     0.00723     0.00489     0.00000     0.00000     0.00000     0.00000     0.00000
     1.40500    -0.02241     0.00715     0.00483     0.00000     0.00000     0.00000     0.00000     0.00000
     1.41000    -0.02216     0.00708     0.00476     0.00000     0.00000     0.00000     0.00000     0.00000
     1.41500    -0.02190     0.00700     0.00470     0.00000     0.00000     0.00000     0.00000     0.00000
     1.42000    -0.02165     0.00692     0.00464     0.00000     0.00000     0.00000     0.00000     0.00000
     1.42500    -0.02140     0.00685     0.00457     0.00000     0.00000     0.00000     0.00000     0.00000
     1.43000    -0.02116     0.00677     0.00451     0.00000     0.00000     0.00000     0.00000     0.00000
     1.43500    -0.02091     0.00670     0.00445     0.00000     0.00000     0.00000     0.00000     0.00000
     1.44000    -0.02068     0.00663     0.00439     0.00000     0.00000     0.00000     0.00000     0.00000
     1.44500    -0.02044     0.00655     0.00433     0.00000     0.00000     0.00000     0.00000     0.00000
     1.45000    -0.02020     0.00648     0.00428     0.00000     0.00000     0.00000     0.00000     0.00000
     1.45500    -0.01997     0.00641     0.00422     0.00000     0.00000     0.00000     0.00000     0.00000
     1.46000    -0.01974     0.00634     0.00416     0.00000     0.00000     0.00000     0.00000     0.00000
     1.46500    -0.01952     0.00627     0.00411     0.00000     0.00000     0.00000     0.00000     0.00000
     1.47000    -0.01929     0.00620     0.00405     0.00000     0.00000     0.00000     0.00000     0.00000
     1.47500    -0.01907     0.00614     0.00400     0.00000     0.00000     0.00000     0.00000     0.00000
     1.48000    -0.01885     0.00607     0.00394     0.00000     0.00000     0.00000     0.00000     0.00000
     1.48500    -0.01864     0.00600     0.00389     0.00000     0.00000     0.00000     0.00000     0.00000
     1.49000    -0.01843     0.00594     0.00384     0.00000     0.00000     0.00000     0.00000     0.00000
     1.49500    -0.01821     0.00587     0.00379     0.00000     0.00000     0.00000     0.00000     0.00000
     1.50000    -0.01801     0.00581     0.00374     0.00000     0.00000     0.00000     0.00000     0.00000
     1.50500    -0.01780     0.00575     0.00369     0.00000     0.00000     0.00000     0.00000     0.00000
     1.51000    -0.01760     0.00568     0.00364     0.00000     0.00000     0.00000     0.00000     0.00000
     1.51500    -0.01740     0.00562     0.00359     0.00000     0.00000     0.00000     0.00000     0.00000
     1.52000    -0.01720     0.00556     0.00354     0.00000     0.00000     0.00000     0.00000     0.00000
     1.52500    -0.01700     0.00550     0.00350     0.00000     0.00000     0.00000     0.00000     0.00000
     1.53000    -0.01681     0.00544     0.00345     0.00000     0.00000     0.00000     0.00000     0.00000
     1.53500    -0.01661     0.00538     0.00340     0.00000     0.00000     0.00000     0.00000     0.00000
     1.54000    -0.01642     0.00532     0.00336     0.00000     0.00000     0.00000     0.00000     0.00000
     1.54500    -0.01624     0.00526     0.00331     0.00000     0.00000     0.00000     0.00000     0.00000
     1.55000    -0.01605     0.00521     0.00327     0.00000     0.00000     0.00000     0.00000     0.00000
     1.55500    -0.01587     0.00515     0.00323     0.00000     0.00000     0.00000     0.00000     0.00000
     1.56000    -0.01569     0.00509     0.00318     0.00000     0.00000     0.00000     0.00000     0.00000
     1.56500    -0.01551     0.00504     0.00314     0.00000     0.00000     0.00000     0.00000     0.00000
     1.57000    -0.01533     0.00498     0.00310     0.00000     0.00000     0.00000     0.00000     0.00000
     1.57500    -0.01516     0.00493     0.00306     0.00000     0.00000     0.00000     0.00000     0.00000
     1.58000    -0.01498     0.00488     0.00302     0.00000     0.00000     0.00000     0.00000     0.00000
     1.58500    -0.01481     0.00482     0.00298     0.00000     0.00000     0.00000     0.00000     0.00000
     1.59000    -0.01464     0.00477     0.00294     0.00000     0.00000     0.00000     0.00000     0.00000
     1.59500    -0.01448     0.00472     0.00290     0.00000     0.00000     0.00000     0.00000     0.00000
     1.60000    -0.01431     0.00467     0.00286     0.00000     0.00000     0.00000     0.00000     0.00000
     1.60500    -0.01415     0.00462     0.00283     0.00000     0.00000     0.00000     0.00000     0.00000
     1.61000    -0.01399     0.00457     0.00279     0.00000     0.00000     0.00000     0.00000     0.00000
     1.61500    -0.01383     0.00452     0.00275     0.00000     0.00000     0.00000     0.00000     0.00000
     1.62000    -0.01367     0.00447     0.00272     0.00000     0.00000     0.00000     0.00000     0.00000
     1.62500    -0.01351     0.00442     0.00268     0.00000     0.00000     0.00000     0.00000     0.00000
     1.63000    -0.01336     0.00437     0.00264     0.00000     0.00000     0.00000     0.00000     0.00000
     1.63500    -0.01321     0.00432     0.00261     0.00000     0.00000     0.00000     0.00000     0.00000
     1.64000    -0.01306     0.00427     0.00258     0.00000     0.00000     0.00000     0.00000     0.00000
     1.64500    -0.01291     0.00423     0.00254     0.00000     0.00000     0.00000     0.00000     0.00000
     1.65000    -0.01276     0.00418     0.00251     0.00000     0.00000     0.00000     0.00000     0.00000
     1.65500    -0.01262     0.00414     0.00247     0.00000     0.00000     0.00000     0.00000     0.00000
     1.66000    -0.01247     0.00409     0.00244     0.00000     0.00000     0.00000     0.00000     0.00000
     1.66500    -0.01233     0.00405     0.00241     0.00000     0.00000     0.00000     0.00000     0.00000
     1.67000    -0.01219     0.00400     0.00238     0.00000     0.00000     0.00000     0.00000     0.00000
     1.67500    -0.01205     0.00396     0.00235     0.00000     0.00000     0.00000     0.00000     0.00000
     1.68000    -0.01192     0.00392     0.00232     0.00000     0.00000     0.00000     0.00000     0.00000
     1.68500    -0.01178     0.00387     0.00229     0.00000     0.00000     0.00000     0.00000     0.00000
     1.69000    -0.01165     0.00383     0.00226     0.00000     0.00000     0.00000     0.00000     0.00000
     1.69500    -0.01152     0.00379     0.00223     0.00000     0.00000     0.00000     0.00000     0.00000
     1.70000    -0.01138     0.00375     0.00220     0.00000     0.00000     0.00000     0.00000     0.00000
     1.70500    -0.01126     0.00371     0.00217     0.00000     0.00000     0.00000     0.00000     0.00000
     1.71000    -0.01113     0.00367     0.00214     0.00000     0.00000     0.00000     0.00000     0.00000
     1.71500    -0.01100     0.00363     0.00211     0.00000     0.00000     0.00000     0.00000     0.00000
     1.72000    -0.01088     0.00359     0.00208     0.00000     0.00000     0.00000     0.00000     0.00000
     1.72500    -0.01075     0.00355     0.00206     0.00000     0.00000     0.00000     0.00000     0.00000
     1.73000    -0.01063     0.00351     0.00203     0.00000     0.00000     0.00000     0.00000     0.00000
     1.73500    -0.01051     0.00347     0.00200     0.00000     0.00000     0.00000     0.00000     0.00000
     1.74000    -0.01039     0.00343     0.00198     0.00000     0.00000     0.00000     0.00000     0.00000
     1.74500    -0.01027     0.00340     0.00195     0.00000     0.00000     0.00000     0.00000     0.00000
     1.75000    -0.01016     0.00336     0.00193     0.00000     0.00000     0.00000     0.00000     0.00000
     1.75500    -0.01004     0.00332     0.00190     0.00000     0.00000     0.00000     0.00000     0.00000
     1.76000    -0.00993     0.00329     0.00188     0.00000     0.00000     0.00000     0.00000     0.00000
     1.76500    -0.00982     0.00325     0.00185     0.00000     0.00000     0.00000     0.00000     0.00000
     1.77000    -0.00970     0.00321     0.00183     0.00000     0.00000     0.00000     0.00000     0.00000
     1.77500    -0.00959     0.00318     0.00180     0.00000     0.00000     0.00000     0.00000     0.00000
     1.78000    -0.00949     0.00314     0.00178     0.00000     0.00000     0.00000     0.00000     0.00000
     1.78500    -0.00938     0.00311     0.00176     0.00000     0.00000     0.00000     0.00000     0.00000
     1.79000    -0.00927     0.00308     0.00173     0.00000     0.00000     0.00000     0.00000     0.00000
     1.79500    -0.00917     0.00304     0.00171     0.00000     0.00000     0.00000     0.00000     0.00000
     1.80000    -0.00906     0.00301     0.00169     0.00000     0.00000     0.00000     0.00000     0.00000
     1.80500    -0.00896     0.00298     0.00167     0.00000     0.00000     0.00000     0.00000     0.00000
     1.81000    -0.00886     0.00294     0.00165     0.00000     0.00000     0.00000     0.00000     0.00000
     1.81500    -0.00876     0.00291     0.00163     0.00000     0.00000     0.00000     0.00000     0.00000
     1.82000    -0.00866     0.00288     0.00160     0.00000     0.00000     0.00000     0.00000     0.00000
     1.82500    -0.00856     0.00285     0.00158     0.00000     0.00000     0.00000     0.00000     0.00000
     1.83000    -0.00847     0.00282     0.00156     0.00000     0.00000     0.00000     0.00000     0.00000
     1.83500    -0.00837     0.00279     0.00154     0.00000     0.00000     0.00000     0.00000     0.00000
     1.84000    -0.00827     0.00276     0.00152     0.00000     0.00000     0.00000     0.00000     0.00000
     1.84500    -0.00818     0.00273     0.00150     0.00000     0.00000     0.00000     0.00000     0.00000
     1.85000    -0.00809     0.00270     0.00148     0.00000     0.00000     0.00000     0.00000     0.00000
     1.85500    -0.00800     0.00267     0.00146     0.00000     0.00000     0.00000     0.00000     0.00000
     1.86000    -0.00791     0.00264     0.00145     0.00000     0.00000     0.00000     0.00000     0.00000
     1.86500    -0.00782     0.00261     0.00143     0.00000     0.00000     0.00000     0.00000     0.00000
     1.87000    -0.00773     0.00258     0.00141     0.00000     0.00000     0.00000     0.00000     0.00000
     1.87500    -0.00764     0.00255     0.00139     0.00000     0.00000     0.00000     0.00000     0.00000
     1.88000    -0.00756     0.00253     0.00137     0.00000     0.00000     0.00000     0.00000     0.00000
     1.88500    -0.00747     0.00250     0.00135     0.00000     0.00000     0.00000     0.00000     0.00000
     1.89000    -0.00739     0.00247     0.00134     0.00000     0.00000     0.00000     0.00000     0.00000
     1.89500    -0.00730     0.00244     0.00132     0.00000     0.00000     0.00000     0.00000     0.00000
     1.90000    -0.00722     0.00242     0.00130     0.00000     0.00000     0.00000     0.00000     0.00000
     1.90500    -0.00714     0.00239     0.00129     0.00000     0.00000     0.00000     0.00000     0.00000
     1.91000    -0.00706     0.00237     0.00127     0.00000     0.00000     0.00000     0.00000     0.00000
     1.91500    -0.00698     0.00234     0.00125     0.00000     0.00000     0.00000     0.00000     0.00000
     1.92000    -0.00690     0.00231     0.00124     0.00000     0.00000     0.00000     0.00000     0.00000
     1.92500    -0.00682     0.00229     0.00122     0.00000     0.00000     0.00000     0.00000     0.00000
     1.93000    -0.00675     0.00226     0.00120     0.00000     0.00000     0.00000     0.00000     0.00000
     1.93500    -0.00667     0.00224     0.00119     0.00000     0.00000     0.00000     0.00000     0.00000
     1.94000    -0.00659     0.00221     0.00117     0.00000     0.00000     0.00000     0.00000     0.00000
     1.94500    -0.00652     0.00219     0.00116     0.00000     0.00000     0.00000     0.00000     0.00000
     1.95000    -0.00645     0.00217     0.00114     0.00000     0.00000     0.00000     0.00000     0.00000
     1.95500    -0.00637     0.00214     0.00113     0.00000     0.00000     0.00000     0.00000     0.00000
     1.96000    -0.00630     0.00212     0.00111     0.00000     0.00000     0.00000     0.00000     0.00000
     1.96500    -0.00623     0.00210     0.00110     0.00000     0.00000     0.00000     0.00000     0.00000
     1.97000    -0.00616     0.00207     0.00109     0.00000     0.00000     0.00000     0.00000     0.00000
     1.97500    -0.00609     0.00205     0.00107     0.00000     0.00000     0.00000     0.00000     0.00000
     1.98000    -0.00602     0.00203     0.00106     0.00000     0.00000     0.00000     0.00000     0.00000
     1.98500    -0.00596     0.00201     0.00105     0.00000     0.00000     0.00000     0.00000     0.00000
     1.99000    -0.00589     0.00199     0.00103     0.00000     0.00000     0.00000     0.00000     0.00000
     1.99500    -0.00582     0.00196     0.00102     0.00000     0.00000     0.00000     0.00000     0.00000
     2.00000    -0.00576     0.00194     0.00101     0.00000     0.00000     0.00000     0.00000     0.00000
     2.00500    -0.00569     0.00192     0.00099     0.00000     0.00000     0.00000     0.00000     0.00000
     2.01000    -0.00563     0.00190     0.00098     0.00000     0.00000     0.00000     0.00000     0.00000
     2.01500    -0.00556     0.00188     0.00097     0.00000     0.00000     0.00000     0.00000     0.00000
     2.02000    -0.00550     0.00186     0.00095     0.00000     0.00000     0.00000     0.00000     0.00000
     2.02500    -0.00544     0.00184     0.00094     0.00000     0.00000     0.00000     0.00000     0.00000
     2.03000    -0.00538     0.00182     0.00093     0.00000     0.00000     0.00000     0.00000     0.00000
     2.03500    -0.00532     0.00180     0.00092     0.00000     0.00000     0.00000     0.00000     0.00000
     2.04000    -0.00526     0.00178     0.00091     0.00000     0.00000     0.00000     0.00000     0.00000
     2.04500    -0.00520     0.00176     0.00090     0.00000     0.00000     0.00000     0.00000     0.00000
     2.05000    -0.00514     0.00174     0.00088     0.00000     0.00000     0.00000     0.00000     0.00000
     2.05500    -0.00508     0.00172     0.00087     0.00000     0.00000     0.00000     0.00000     0.00000
     2.06000    -0.00503     0.00170     0.00086     0.00000     0.00000     0.00000     0.00000     0.00000
     2.06500    -0.00497     0.00168     0.00085     0.00000     0.00000     0.00000     0.00000     0.00000
     2.07000    -0.00491     0.00167     0.00084     0.00000     0.00000     0.00000     0.00000     0.00000
     2.07500    -0.00486     0.00165     0.00083     0.00000     0.00000     0.00000     0.00000     0.00000
     2.08000    -0.00480     0.00163     0.00082     0.00000     0.00000     0.00000     0.00000     0.00000
     2.08500    -0.00475     0.00161     0.00081     0.00000     0.00000     0.00000     0.00000     0.00000
     2.09000    -0.00470     0.00159     0.00080     0.00000     0.00000     0.00000     0.00000     0.00000
     2.09500    -0.00464     0.00158     0.00079     0.00000     0.00000     0.00000     0.00000     0.00000
     2.10000    -0.00459     0.00156     0.00078     0.00000     0.00000     0.00000     0.00000     0.00000
     2.10500    -0.00454     0.00154     0.00077     0.00000     0.00000     0.00000     0.00000     0.00000
     2.11000    -0.00449     0.00153     0.00076     0.00000     0.00000     0.00000     0.00000     0.00000
     2.11500    -0.00444     0.00151     0.00075     0.00000     0.00000     0.00000     0.00000     0.00000
     2.12000    -0.00439     0.00149     0.00074     0.00000     0.00000     0.00000     0.00000     0.00000
     2.12500    -0.00434     0.00148     0.00073     0.00000     0.00000     0.00000     0.00000     0.00000
     2.13000    -0.00429     0.00146     0.00072     0.00000     0.00000     0.00000     0.00000     0.00000
     2.13500    -0.00424     0.00145     0.00071     0.00000     0.00000     0.00000     0.00000     0.00000
     2.14000    -0.00420     0.00143     0.00070     0.00000     0.00000     0.00000     0.00000     0.00000
     2.14500    -0.00415     0.00141     0.00069     0.00000     0.00000     0.00000     0.00000     0.00000
     2.15000    -0.00410     0.00140     0.00068     0.00000     0.00000     0.00000     0.00000     0.00000
     2.15500    -0.00406     0.00138     0.00068     0.00000     0.00000     0.00000     0.00000     0.00000
     2.16000    -0.00401     0.00137     0.00067     0.00000     0.00000     0.00000     0.00000     0.00000
     2.16500    -0.00397     0.00135     0.00066     0.00000     0.00000     0.00000     0.00000     0.00000
     2.17000    -0.00392     0.00134     0.00065     0.00000     0.00000     0.00000     0.00000     0.00000
     2.17500    -0.00388     0.00132     0.00064     0.00000     0.00000     0.00000     0.00000     0.00000
     2.18000    -0.00383     0.00131     0.00063     0.00000     0.00000     0.00000     0.00000     0.00000
     2.18500    -0.00379     0.00130     0.00063     0.00000     0.00000     0.00000     0.00000     0.00000
     2.19000    -0.00375     0.00128     0.00062     0.00000     0.00000     0.00000     0.00000     0.00000
     2.19500    -0.00371     0.00127     0.00061     0.00000     0.00000     0.00000     0.00000     0.00000
     2.20000    -0.00367     0.00125     0.00060     0.00000     0.00000     0.00000     0.00000     0.00000
     2.20500    -0.00362     0.00124     0.00059     0.00000     0.00000     0.00000     0.00000     0.00000
     2.21000    -0.00358     0.00123     0.00059     0.00000     0.00000     0.00000     0.00000     0.00000
     2.21500    -0.00354     0.00121     0.00058     0.00000     0.00000     0.00000     0.00000     0.00000
     2.22000    -0.00350     0.00120     0.00057     0.00000     0.00000     0.00000     0.00000     0.00000
     2.22500    -0.00347     0.00119     0.00056     0.00000     0.00000     0.00000     0.00000     0.00000
     2.23000    -0.00343     0.00117     0.00056     0.00000     0.00000     0.00000     0.00000     0.00000
     2.23500    -0.00339     0.00116     0.00055     0.00000     0.00000     0.00000     0.00000     0.00000
     2.24000    -0.00335     0.00115     0.00054     0.00000     0.00000     0.00000     0.00000     0.00000
     2.24500    -0.00331     0.00114     0.00054     0.00000     0.00000     0.00000     0.00000     0.00000
     2.25000    -0.00328     0.00112     0.00053     0.00000     0.00000     0.00000     0.00000     0.00000
     2.25500    -0.00324     0.00111     0.00052     0.00000     0.00000     0.00000     0.00000     0.00000
     2.26000    -0.00320     0.00110     0.00052     0.00000     0.00000     0.00000     0.00000     0.00000
     2.26500    -0.00317     0.00109     0.00051     0.00000     0.00000     0.00000     0.00000     0.00000
     2.27000    -0.00313     0.00108     0.00050     0.00000     0.00000     0.00000     0.00000     0.00000
     2.27500    -0.00310     0.00106     0.00050     0.00000     0.00000     0.00000     0.00000     0.00000
     2.28000    -0.00306     0.00105     0.00049     0.00000     0.00000     0.00000     0.00000     0.00000
     2.28500    -0.00303     0.00104     0.00049     0.00000     0.00000     0.00000     0.00000     0.00000
     2.29000    -0.00299     0.00103     0.00048     0.00000     0.00000     0.00000     0.00000     0.00000
     2.29500    -0.00296     0.00102     0.00047     0.00000     0.00000     0.00000     0.00000     0.00000
     2.30000    -0.00293     0.00101     0.00047     0.00000     0.00000     0.00000     0.00000     0.00000
     2.30500    -0.00289     0.00100     0.00046     0.00000     0.00000     0.00000     0.00000     0.00000
     2.31000    -0.00286     0.00099     0.00046     0.00000     0.00000     0.00000     0.00000     0.00000
     2.31500    -0.00283     0.00097     0.00045     0.00000     0.00000     0.00000     0.00000     0.00000
     2.32000    -0.00280     0.00096     0.00044     0.00000     0.00000     0.00000     0.00000     0.00000
     2.32500    -0.00277     0.00095     0.00044     0.00000     0.00000     0.00000     0.00000     0.00000
     2.33000    -0.00274     0.00094     0.00043     0.00000     0.00000     0.00000     0.00000     0.00000
     2.33500    -0.00271     0.00093     0.00043     0.00000     0.00000     0.00000     0.00000     0.00000
     2.34000    -0.00268     0.00092     0.00042     0.00000     0.00000     0.00000     0.00000     0.00000
     2.34500    -0.00265     0.00091     0.00042     0.00000     0.00000     0.00000     0.00000     0.00000
     2.35000    -0.00262     0.00090     0.00041     0.00000     0.00000     0.00000     0.00000     0.00000
     2.35500    -0.00259     0.00089     0.00041     0.00000     0.00000     0.00000     0.00000     0.00000
     2.36000    -0.00256     0.00088     0.00040     0.00000     0.00000     0.00000     0.00000     0.00000
     2.36500    -0.00253     0.00087     0.00040     0.00000     0.00000     0.00000     0.00000     0.00000
     2.37000    -0.00250     0.00086     0.00039     0.00000     0.00000     0.00000     0.00000     0.00000
     2.37500    -0.00247     0.00086     0.00039     0.00000     0.00000     0.00000     0.00000     0.00000
     2.38000    -0.00245     0.00085     0.00038     0.00000     0.00000     0.00000     0.00000     0.00000
     2.38500    -0.00242     0.00084     0.00038     0.00000     0.00000     0.00000     0.00000     0.00000
     2.39000    -0.00239     0.00083     0.00037     0.00000     0.00000     0.00000     0.00000     0.00000
     2.39500    -0.00237     0.00082     0.00037     0.00000     0.00000     0.00000     0.00000     0.00000
     2.40000    -0.00234     0.00081     0.00036     0.00000     0.00000     0.00000     0.00000     0.00000
     2.40500    -0.00231     0.00080     0.00036     0.00000     0.00000     0.00000     0.00000     0.00000
     2.41000    -0.00229     0.00079     0.00035     0.00000     0.00000     0.00000     0.00000     0.00000
     2.41500    -0.00226     0.00078     0.00035     0.00000     0.00000     0.00000     0.00000     0.00000
     2.42000    -0.00224     0.00078     0.00034     0.00000     0.00000     0.00000     0.00000     0.00000
     2.42500    -0.00221     0.00077     0.00034     0.00000     0.00000     0.00000     0.00000     0.00000
     2.43000    -0.00219     0.00076     0.00034     0.00000     0.00000     0.00000     0.00000     0.00000
     2.43500    -0.00216     0.00075     0.00033     0.00000     0.00000     0.00000     0.00000     0.00000
     2.44000    -0.00214     0.00074     0.00033     0.00000     0.00000     0.00000     0.00000     0.00000
     2.44500    -0.00212     0.00073     0.00032     0.00000     0.00000     0.00000     0.00000     0.00000
     2.45000    -0.00209     0.00073     0.00032     0.00000     0.00000     0.00000     0.00000     0.00000
     2.45500    -0.00207     0.00072     0.00032     0.00000     0.00000     0.00000     0.00000     0.00000
     2.46000    -0.00205     0.00071     0.00031     0.00000     0.00000     0.00000     0.00000     0.00000
     2.46500    -0.00202     0.00070     0.00031     0.00000     0.00000     0.00000     0.00000     0.00000
     2.47000    -0.00200     0.00069     0.00030     0.00000     0.00000     0.00000     0.00000     0.00000
     2.47500    -0.00198     0.00069     0.00030     0.00000     0.00000     0.00000     0.00000     0.00000
     2.48000    -0.00196     0.00068     0.00030     0.00000     0.00000     0.00000     0.00000     0.00000
     2.48500    -0.00193     0.00067     0.00029     0.00000     0.00000     0.00000     0.00000     0.00000
     2.49000    -0.00191     0.00067     0.00029     0.00000     0.00000     0.00000     0.00000     0.00000
     2.49500    -0.00189     0.00066     0.00029     0.00000     0.00000     0.00000     0.00000     0.00000
     2.50000    -0.00187     0.00065     0.00028     0.00000     0.00000     0.00000     0.00000     0.00000
     2.50500    -0.00185     0.00064     0.00028     0.00000     0.00000     0.00000     0.00000     0.00000
     2.51000    -0.00183     0.00064     0.00028     0.00000     0.00000     0.00000     0.00000     0.00000
     2.51500    -0.00181     0.00063     0.00027     0.00000     0.00000     0.00000     0.00000     0.00000
     2.52000    -0.00179     0.00062     0.00027     0.00000     0.00000     0.00000     0.00000     0.00000
     2.52500    -0.00177     0.00062     0.00026     0.00000     0.00000     0.00000     0.00000     0.00000
     2.53000    -0.00175     0.00061     0.00026     0.00000     0.00000     0.00000     0.00000     0.00000
     2.53500    -0.00173     0.00060     0.00026     0.00000     0.00000     0.00000     0.00000     0.00000
     2.54000    -0.00171     0.00060     0.00026     0.00000     0.00000     0.00000     0.00000     0.00000
     2.54500    -0.00169     0.00059     0.00025     0.00000     0.00000     0.00000     0.00000     0.00000
     2.55000    -0.00167     0.00058     0.00025     0.00000     0.00000     0.00000     0.00000     0.00000
     2.55500    -0.00165     0.00058     0.00025     0.00000     0.00000     0.00000     0.00000     0.00000
     2.56000    -0.00164     0.00057     0.00024     0.00000     0.00000     0.00000     0.00000     0.00000
     2.56500    -0.00162     0.00056     0.00024     0.00000     0.00000     0.00000     0.00000     0.00000
     2.57000    -0.00160     0.00056     0.00024     0.00000     0.00000     0.00000     0.00000     0.00000
     2.57500    -0.00158     0.00055     0.00023     0.00000     0.00000     0.00000     0.00000     0.00000
     2.58000    -0.00156     0.00055     0.00023     0.00000     0.00000     0.00000     0.00000     0.00000
     2.58500    -0.00155     0.00054     0.00023     0.00000     0.00000     0.00000     0.00000     0.00000
     2.59000    -0.00153     0.00053     0.00023     0.00000     0.00000     0.00000     0.00000     0.00000
     2.59500    -0.00151     0.00053     0.00022     0.00000     0.00000     0.00000     0.00000     0.00000
     2.60000    -0.00150     0.00052     0.00022     0.00000     0.00000     0.00000     0.00000     0.00000
     2.60500    -0.00148     0.00052     0.00022     0.00000     0.00000     0.00000     0.00000     0.00000
     2.61000    -0.00146     0.00051     0.00021     0.00000     0.00000     0.00000     0.00000     0.00000
     2.61500    -0.00145     0.00051     0.00021     0.00000     0.00000     0.00000     0.00000     0.00000
     2.62000    -0.00143     0.00050     0.00021     0.00000     0.00000     0.00000     0.00000     0.00000
     2.62500    -0.00142     0.00050     0.00021     0.00000     0.00000     0.00000     0.00000     0.00000
     2.63000    -0.00140     0.00049     0.00020     0.00000     0.00000     0.00000     0.00000     0.00000
     2.63500    -0.00138     0.00048     0.00020     0.00000     0.00000     0.00000     0.00000     0.00000
     2.64000    -0.00137     0.00048     0.00020     0.00000     0.00000     0.00000     0.00000     0.00000
     2.64500    -0.00135     0.00047     0.00020     0.00000     0.00000     0.00000     0.00000     0.00000
     2.65000    -0.00134     0.00047     0.00019     0.00000     0.00000     0.00000     0.00000     0.00000
     2.65500    -0.00132     0.00046     0.00019     0.00000     0.00000     0.00000     0.00000     0.00000
     2.66000    -0.00131     0.00046     0.00019     0.00000     0.00000     0.00000     0.00000     0.00000
     2.66500    -0.00129     0.00045     0.00019     0.00000     0.00000     0.00000     0.00000     0.00000
     2.67000    -0.00128     0.00045     0.00018     0.00000     0.00000     0.00000     0.00000     0.00000
     2.67500    -0.00127     0.00044     0.00018     0.00000     0.00000     0.00000     0.00000     0.00000
     2.68000    -0.00125     0.00044     0.00018     0.00000     0.00000     0.00000     0.00000     0.00000
     2.68500    -0.00124     0.00043     0.00018     0.00000     0.00000     0.00000     0.00000     0.00000
     2.69000    -0.00122     0.00043     0.00018     0.00000     0.00000     0.00000     0.00000     0.00000
     2.69500    -0.00121     0.00043     0.00017     0.00000     0.00000     0.00000     0.00000     0.00000
     2.70000    -0.00120     0.00042     0.00017     0.00000     0.00000     0.00000     0.00000     0.00000
     2.70500    -0.00118     0.00042     0.00017     0.00000     0.00000     0.00000     0.00000     0.00000
     2.71000    -0.00117     0.00041     0.00017     0.00000     0.00000     0.00000     0.00000     0.00000
     2.71500    -0.00116     0.00041     0.00016     0.00000     0.00000     0.00000     0.00000     0.00000
     2.72000    -0.00115     0.00040     0.00016     0.00000     0.00000     0.00000     0.00000     0.00000
     2.72500    -0.00113     0.00040     0.00016     0.00000     0.00000     0.00000     0.00000     0.00000
     2.73000    -0.00112     0.00039     0.00016     0.00000     0.00000     0.00000     0.00000     0.00000
     2.73500    -0.00111     0.00039     0.00016     0.00000     0.00000     0.00000     0.00000     0.00000
     2.74000    -0.00110     0.00039     0.00016     0.00000     0.00000     0.00000     0.00000     0.00000
     2.74500    -0.00108     0.00038     0.00015     0.00000     0.00000     0.00000     0.00000     0.00000
     2.75000    -0.00107     0.00038     0.00015     0.00000     0.00000     0.00000     0.00000     0.00000
     2.75500    -0.00106     0.00037     0.00015     0.00000     0.00000     0.00000     0.00000     0.00000
     2.76000    -0.00105     0.00037     0.00015     0.00000     0.00000     0.00000     0.00000     0.00000
     2.76500    -0.00104     0.00037     0.00015     0.00000     0.00000     0.00000     0.00000     0.00000
     2.77000    -0.00102     0.00036     0.00014     0.00000     0.00000     0.00000     0.00000     0.00000
     2.77500    -0.00101     0.00036     0.00014     0.00000     0.00000     0.00000     0.00000     0.00000
     2.78000    -0.00100     0.00035     0.00014     0.00000     0.00000     0.00000     0.00000     0.00000
     2.78500    -0.00099     0.00035     0.00014     0.00000     0.00000     0.00000     0.00000     0.00000
     2.79000    -0.00098     0.00035     0.00014     0.00000     0.00000     0.00000     0.00000     0.00000
     2.79500    -0.00097     0.00034     0.00014     0.00000     0.00000     0.00000     0.00000     0.00000
     2.80000    -0.00096     0.00034     0.00013     0.00000     0.00000     0.00000     0.00000     0.00000
     2.80500    -0.00095     0.00033     0.00013     0.00000     0.00000     0.00000     0.00000     0.00000
     2.81000    -0.00094     0.00033     0.00013     0.00000     0.00000     0.00000     0.00000     0.00000
     2.81500    -0.00093     0.00033     0.00013     0.00000     0.00000     0.00000     0.00000     0.00000
     2.82000    -0.00092     0.00032     0.00013     0.00000     0.00000     0.00000     0.00000     0.00000
     2.82500    -0.00091     0.00032     0.00013     0.00000     0.00000     0.00000     0.00000     0.00000
     2.83000    -0.00090     0.00032     0.00012     0.00000     0.00000     0.00000     0.00000     0.00000
     2.83500    -0.00089     0.00031     0.00012     0.00000     0.00000     0.00000     0.00000     0.00000
     2.84000    -0.00088     0.00031     0.00012     0.00000     0.00000     0.00000     0.00000     0.00000
     2.84500    -0.00087     0.00031     0.00012     0.00000     0.00000     0.00000     0.00000     0.00000
     2.85000    -0.00086     0.00030     0.00012     0.00000     0.00000     0.00000     0.00000     0.00000
     2.85500    -0.00085     0.00030     0.00012     0.00000     0.00000     0.00000     0.00000     0.00000
     2.86000    -0.00084     0.00030     0.00012     0.00000     0.00000     0.00000     0.00000     0.00000
     2.86500    -0.00083     0.00029     0.00011     0.00000     0.00000     0.00000     0.00000     0.00000
     2.87000    -0.00082     0.00029     0.00011     0.00000     0.00000     0.00000     0.00000     0.00000
     2.87500    -0.00081     0.00029     0.00011     0.00000     0.00000     0.00000     0.00000     0.00000
     2.88000    -0.00080     0.00028     0.00011     0.00000     0.00000     0.00000     0.00000     0.00000
     2.88500    -0.00079     0.00028     0.00011     0.00000     0.00000     0.00000     0.00000     0.00000
     2.89000    -0.00079     0.00028     0.00011     0.00000     0.00000     0.00000     0.00000     0.00000
     2.89500    -0.00078     0.00028     0.00011     0.00000     0.00000     0.00000     0.00000     0.00000
     2.90000    -0.00077     0.00027     0.00010     0.00000     0.00000     0.00000     0.00000     0.00000
     2.90500    -0.00076     0.00027     0.00010     0.00000     0.00000     0.00000     0.00000     0.00000
     2.91000    -0.00075     0.00027     0.00010     0.00000     0.00000     0.00000     0.00000     0.00000
     2.91500    -0.00074     0.00026     0.00010     0.00000     0.00000     0.00000     0.00000     0.00000
     2.92000    -0.00073     0.00026     0.00010     0.00000     0.00000     0.00000     0.00000     0.00000
     2.92500    -0.00073     0.00026     0.00010     0.00000     0.00000     0.00000     0.00000     0.00000
     2.93000    -0.00072     0.00026     0.00010     0.00000     0.00000     0.00000     0.00000     0.00000
     2.93500    -0.00071     0.00025     0.00010     0.00000     0.00000     0.00000     0.00000     0.00000
     2.94000    -0.00070     0.00025     0.00009     0.00000     0.00000     0.00000     0.00000     0.00000
     2.94500    -0.00070     0.00025     0.00009     0.00000     0.00000     0.00000     0.00000     0.00000
     2.95000    -0.00069     0.00024     0.00009     0.00000     0.00000     0.00000     0.00000     0.00000
     2.95500    -0.00068     0.00024     0.00009     0.00000     0.00000     0.00000     0.00000     0.00000
     2.96000    -0.00067     0.00024     0.00009     0.00000     0.00000     0.00000     0.00000     0.00000
     2.96500    -0.00066     0.00024     0.00009     0.00000     0.00000     0.00000     0.00000     0.00000
     2.97000    -0.00066     0.00023     0.00009     0.00000     0.00000     0.00000     0.00000     0.00000
     2.97500    -0.00065     0.00023     0.00009     0.00000     0.00000     0.00000     0.00000     0.00000
     2.98000    -0.00064     0.00023     0.00009     0.00000     0.00000     0.00000     0.00000     0.00000
     2.98500    -0.00064     0.00023     0.00008     0.00000     0.00000     0.00000     0.00000     0.00000
     2.99000    -0.00063     0.00022     0.00008     0.00000     0.00000     0.00000     0.00000     0.00000
     2.99500    -0.00062     0.00022     0.00008     0.00000     0.00000     0.00000     0.00000     0.00000
     3.00000    -0.00062     0.00022     0.00008     0.00000     0.00000     0.00000     0.00000     0.00000
     3.00500    -0.00061     0.00022     0.00008     0.00000     0.00000     0.00000     0.00000     0.00000
     3.01000    -0.00060     0.00021     0.00008     0.00000     0.00000     0.00000     0.00000     0.00000
     3.01500    -0.00060     0.00021     0.00008     0.00000     0.00000     0.00000     0.00000     0.00000
     3.02000    -0.00059     0.00021     0.00008     0.00000     0.00000     0.00000     0.00000     0.00000
     3.02500    -0.00058     0.00021     0.00008     0.00000     0.00000     0.00000     0.00000     0.00000
     3.03000    -0.00058     0.00021     0.00008     0.00000     0.00000     0.00000     0.00000     0.00000
     3.03500    -0.00057     0.00020     0.00007     0.00000     0.00000     0.00000     0.00000     0.00000
     3.04000    -0.00056     0.00020     0.00007     0.00000     0.00000     0.00000     0.00000     0.00000
     3.04500    -0.00056     0.00020     0.00007     0.00000     0.00000     0.00000     0.00000     0.00000
     3.05000    -0.00055     0.00020     0.00007     0.00000     0.00000     0.00000     0.00000     0.00000
     3.05500    -0.00054     0.00019     0.00007     0.00000     0.00000     0.00000     0.00000     0.00000
     3.06000    -0.00054     0.00019     0.00007     0.00000     0.00000     0.00000     0.00000     0.00000
     3.06500    -0.00053     0.00019     0.00007     0.00000     0.00000     0.00000     0.00000     0.00000
     3.07000    -0.00053     0.00019     0.00007     0.00000     0.00000     0.00000     0.00000     0.00000
     3.07500    -0.00052     0.00019     0.00007     0.00000     0.00000     0.00000     0.00000     0.00000
     3.08000    -0.00052     0.00018     0.00007     0.00000     0.00000     0.00000     0.00000     0.00000
     3.08500    -0.00051     0.00018     0.00007     0.00000     0.00000     0.00000     0.00000     0.00000
     3.09000    -0.00050     0.00018     0.00007     0.00000     0.00000     0.00000     0.00000     0.00000
     3.09500    -0.00050     0.00018     0.00006     0.00000     0.00000     0.00000     0.00000     0.00000
     3.10000    -0.00049     0.00018     0.00006     0.00000     0.00000     0.00000     0.00000     0.00000
     3.10500    -0.00049     0.00017     0.00006     0.00000     0.00000     0.00000     0.00000     0.00000
     3.11000    -0.00048     0.00017     0.00006     0.00000     0.00000     0.00000     0.00000     0.00000
     3.11500    -0.00048     0.00017     0.00006     0.00000     0.00000     0.00000     0.00000     0.00000
     3.12000    -0.00047     0.00017     0.00006     0.00000     0.00000     0.00000     0.00000     0.00000
     3.12500    -0.00047     0.00017     0.00006     0.00000     0.00000     0.00000     0.00000     0.00000
     3.13000    -0.00046     0.00017     0.00006     0.00000     0.00000     0.00000     0.00000     0.00000
     3.13500    -0.00046     0.00016     0.00006     0.00000     0.00000     0.00000     0.00000     0.00000
     3.14000    -0.00045     0.00016     0.00006     0.00000     0.00000     0.00000     0.00000     0.00000
     3.14500    -0.00045     0.00016     0.00006     0.00000     0.00000     0.00000     0.00000     0.00000
     3.15000    -0.00044     0.00016     0.00006     0.00000     0.00000     0.00000     0.00000     0.00000
     3.15500    -0.00044     0.00016     0.00006     0.00000     0.00000     0.00000     0.00000     0.00000
     3.16000    -0.00043     0.00015     0.00006     0.00000     0.00000     0.00000     0.00000     0.00000
     3.16500    -0.00043     0.00015     0.00005     0.00000     0.00000     0.00000     0.00000     0.00000
     3.17000    -0.00042     0.00015     0.00005     0.00000     0.00000     0.00000     0.00000     0.00000
     3.17500    -0.00042     0.00015     0.00005     0.00000     0.00000     0.00000     0.00000     0.00000
     3.18000    -0.00041     0.00015     0.00005     0.00000     0.00000     0.00000     0.00000     0.00000
     3.18500    -0.00041     0.00015     0.00005     0.00000     0.00000     0.00000     0.00000     0.00000
     3.19000    -0.00040     0.00014     0.00005     0.00000     0.00000     0.00000     0.00000     0.00000
     3.19500    -0.00040     0.00014     0.00005     0.00000     0.00000     0.00000     0.00000     0.00000
     3.20000    -0.00040     0.00014     0.00005     0.00000     0.00000     0.00000     0.00000     0.00000
     3.20500    -0.00039     0.00014     0.00005     0.00000     0.00000     0.00000     0.00000     0.00000
     3.21000    -0.00039     0.00014     0.00005     0.00000     0.00000     0.00000     0.00000     0.00000
     3.21500    -0.00038     0.00014     0.00005     0.00000     0.00000     0.00000     0.00000     0.00000
     3.22000    -0.00038     0.00014     0.00005     0.00000     0.00000     0.00000     0.00000     0.00000
     3.22500    -0.00037     0.00013     0.00005     0.00000     0.00000     0.00000     0.00000     0.00000
     3.23000    -0.00037     0.00013     0.00005     0.00000     0.00000     0.00000     0.00000     0.00000
     3.23500    -0.00037     0.00013     0.00005     0.00000     0.00000     0.00000     0.00000     0.00000
     3.24000    -0.00036     0.00013     0.00005     0.00000     0.00000     0.00000     0.00000     0.00000
     3.24500    -0.00036     0.00013     0.00004     0.00000     0.00000     0.00000     0.00000     0.00000
     3.25000    -0.00035     0.00013     0.00004     0.00000     0.00000     0.00000     0.00000     0.00000
     3.25500    -0.00035     0.00013     0.00004     0.00000     0.00000     0.00000     0.00000     0.00000
     3.26000    -0.00035     0.00012     0.00004     0.00000     0.00000     0.00000     0.00000     0.00000
     3.26500    -0.00034     0.00012     0.00004     0.00000     0.00000     0.00000     0.00000     0.00000
     3.27000    -0.00034     0.00012     0.00004     0.00000     0.00000     0.00000     0.00000     0.00000
     3.27500    -0.00034     0.00012     0.00004     0.00000     0.00000     0.00000     0.00000     0.00000
     3.28000    -0.00033     0.00012     0.00004     0.00000     0.00000     0.00000     0.00000     0.00000
     3.28500    -0.00033     0.00012     0.00004     0.00000     0.00000     0.00000     0.00000     0.00000
     3.29000    -0.00032     0.00012     0.00004     0.00000     0.00000     0.00000     0.00000     0.00000
     3.29500    -0.00032     0.00012     0.00004     0.00000     0.00000     0.00000     0.00000     0.00000
     3.30000    -0.00032     0.00011     0.00004     0.00000     0.00000     0.00000     0.00000     0.00000
     3.30500    -0.00031     0.00011     0.00004     0.00000     0.00000     0.00000     0.00000     0.00000
     3.31000    -0.00031     0.00011     0.00004     0.00000     0.00000     0.00000     0.00000     0.00000
     3.31500    -0.00031     0.00011     0.00004     0.00000     0.00000     0.00000     0.00000     0.00000
     3.32000    -0.00030     0.00011     0.00004     0.00000     0.00000     0.00000     0.00000     0.00000
     3.32500    -0.00030     0.00011     0.00004     0.00000     0.00000     0.00000     0.00000     0.00000
     3.33000    -0.00030     0.00011     0.00004     0.00000     0.00000     0.00000     0.00000     0.00000
     3.33500    -0.00029     0.00011     0.00004     0.00000     0.00000     0.00000     0.00000     0.00000
     3.34000    -0.00029     0.00010     0.00004     0.00000     0.00000     0.00000     0.00000     0.00000
     3.34500    -0.00029     0.00010     0.00004     0.00000     0.00000     0.00000     0.00000     0.00000
     3.35000    -0.00028     0.00010     0.00003     0.00000     0.00000     0.00000     0.00000     0.00000
     3.35500    -0.00028     0.00010     0.00003     0.00000     0.00000     0.00000     0.00000     0.00000
     3.36000    -0.00028     0.00010     0.00003     0.00000     0.00000     0.00000     0.00000     0.00000
     3.36500    -0.00028     0.00010     0.00003     0.00000     0.00000     0.00000     0.00000     0.00000
     3.37000    -0.00027     0.00010     0.00003     0.00000     0.00000     0.00000     0.00000     0.00000
     3.37500    -0.00027     0.00010     0.00003     0.00000     0.00000     0.00000     0.00000     0.00000
     3.38000    -0.00027     0.00010     0.00003     0.00000     0.00000     0.00000     0.00000     0.00000
     3.38500    -0.00026     0.00009     0.00003     0.00000     0.00000     0.00000     0.00000     0.00000
     3.39000    -0.00026     0.00009     0.00003     0.00000     0.00000     0.00000     0.00000     0.00000
     3.39500    -0.00026     0.00009     0.00003     0.00000     0.00000     0.00000     0.00000     0.00000
     3.40000    -0.00025     0.00009     0.00003     0.00000     0.00000     0.00000     0.00000     0.00000
     3.40500    -0.00025     0.00009     0.00003     0.00000     0.00000     0.00000     0.00000     0.00000
     3.41000    -0.00025     0.00009     0.00003     0.00000     0.00000     0.00000     0.00000     0.00000
     3.41500    -0.00025     0.00009     0.00003     0.00000     0.00000     0.00000     0.00000     0.00000
     3.42000    -0.00024     0.00009     0.00003     0.00000     0.00000     0.00000     0.00000     0.00000
     3.42500    -0.00024     0.00009     0.00003     0.00000     0.00000     0.00000     0.00000     0.00000
     3.43000    -0.00024     0.00009     0.00003     0.00000     0.00000     0.00000     0.00000     0.00000
     3.43500    -0.00024     0.00009     0.00003     0.00000     0.00000     0.00000     0.00000     0.00000
     3.44000    -0.00023     0.00008     0.00003     0.00000     0.00000     0.00000     0.00000     0.00000
     3.44500    -0.00023     0.00008     0.00003     0.00000     0.00000     0.00000     0.00000     0.00000
     3.45000    -0.00023     0.00008     0.00003     0.00000     0.00000     0.00000     0.00000     0.00000
     3.45500    -0.00023     0.00008     0.00003     0.00000     0.00000     0.00000     0.00000     0.00000
     3.46000    -0.00022     0.00008     0.00003     0.00000     0.00000     0.00000     0.00000     0.00000
     3.46500    -0.00022     0.00008     0.00003     0.00000     0.00000     0.00000     0.00000     0.00000
     3.47000    -0.00022     0.00008     0.00003     0.00000     0.00000     0.00000     0.00000     0.00000
     3.47500    -0.00022     0.00008     0.00003     0.00000     0.00000     0.00000     0.00000     0.00000
     3.48000    -0.00021     0.00008     0.00003     0.00000     0.00000     0.00000     0.00000     0.00000
     3.48500    -0.00021     0.00008     0.00003     0.00000     0.00000     0.00000     0.00000     0.00000
     3.49000    -0.00021     0.00008     0.00002     0.00000     0.00000     0.00000     0.00000     0.00000
     3.49500    -0.00021     0.00007     0.00002     0.00000     0.00000     0.00000     0.00000     0.00000
     3.50000    -0.00020     0.00007     0.00002     0.00000     0.00000     0.00000     0.00000     0.00000
     3.50500    -0.00020     0.00007     0.00002     0.00000     0.00000     0.00000     0.00000     0.00000
     3.51000    -0.00020     0.00007     0.00002     0.00000     0.00000     0.00000     0.00000     0.00000
     3.51500    -0.00020     0.00007     0.00002     0.00000     0.00000     0.00000     0.00000     0.00000
     3.52000    -0.00020     0.00007     0.00002     0.00000     0.00000     0.00000     0.00000     0.00000
     3.52500    -0.00019     0.00007     0.00002     0.00000     0.00000     0.00000     0.00000     0.00000
     3.53000    -0.00019     0.00007     0.00002     0.00000     0.00000     0.00000     0.00000     0.00000
     3.53500    -0.00019     0.00007     0.00002     0.00000     0.00000     0.00000     0.00000     0.00000
     3.54000    -0.00019     0.00007     0.00002     0.00000     0.00000     0.00000     0.00000     0.00000
     3.54500    -0.00019     0.00007     0.00002     0.00000     0.00000     0.00000     0.00000     0.00000
     3.55000    -0.00018     0.00007     0.00002     0.00000     0.00000     0.00000     0.00000     0.00000
     3.55500    -0.00018     0.00007     0.00002     0.00000     0.00000     0.00000     0.00000     0.00000
     3.56000    -0.00018     0.00007     0.00002     0.00000     0.00000     0.00000     0.00000     0.00000
     3.56500    -0.00018     0.00006     0.00002     0.00000     0.00000     0.00000     0.00000     0.00000
     3.57000    -0.00018     0.00006     0.00002     0.00000     0.00000     0.00000     0.00000     0.00000
     3.57500    -0.00017     0.00006     0.00002     0.00000     0.00000     0.00000     0.00000     0.00000
     3.58000    -0.00017     0.00006     0.00002     0.00000     0.00000     0.00000     0.00000     0.00000
     3.58500    -0.00017     0.00006     0.00002     0.00000     0.00000     0.00000     0.00000     0.00000
     3.59000    -0.00017     0.00006     0.00002     0.00000     0.00000     0.00000     0.00000     0.00000
     3.59500    -0.00017     0.00006     0.00002     0.00000     0.00000     0.00000     0.00000     0.00000
     3.60000    -0.00016     0.00006     0.00002     0.00000     0.00000     0.00000     0.00000     0.00000
     3.60500    -0.00016     0.00006     0.00002     0.00000     0.00000     0.00000     0.00000     0.00000
     3.61000    -0.00016     0.00006     0.00002     0.00000     0.00000     0.00000     0.00000     0.00000
     3.61500    -0.00016     0.00006     0.00002     0.00000     0.00000     0.00000     0.00000     0.00000
     3.62000    -0.00016     0.00006     0.00002     0.00000     0.00000     0.00000     0.00000     0.00000
     3.62500    -0.00016     0.00006     0.00002     0.00000     0.00000     0.00000     0.00000     0.00000
     3.63000    -0.00015     0.00006     0.00002     0.00000     0.00000     0.00000     0.00000     0.00000
     3.63500    -0.00015     0.00006     0.00002     0.00000     0.00000     0.00000     0.00000     0.00000
     3.64000    -0.00015     0.00005     0.00002     0.00000     0.00000     0.00000     0.00000     0.00000
     3.64500    -0.00015     0.00005     0.00002     0.00000     0.00000     0.00000     0.00000     0.00000
     3.65000    -0.00015     0.00005     0.00002     0.00000     0.00000     0.00000     0.00000     0.00000
     3.65500    -0.00015     0.00005     0.00002     0.00000     0.00000     0.00000     0.00000     0.00000
     3.66000    -0.00014     0.00005     0.00002     0.00000     0.00000     0.00000     0.00000     0.00000
     3.66500    -0.00014     0.00005     0.00002     0.00000     0.00000     0.00000     0.00000     0.00000
     3.67000    -0.00014     0.00005     0.00002     0.00000     0.00000     0.00000     0.00000     0.00000
     3.67500    -0.00014     0.00005     0.00002     0.00000     0.00000     0.00000     0.00000     0.00000
     3.68000    -0.00014     0.00005     0.00002     0.00000     0.00000     0.00000     0.00000     0.00000
     3.68500    -0.00014     0.00005     0.00002     0.00000     0.00000     0.00000     0.00000     0.00000
     3.69000    -0.00013     0.00005     0.00002     0.00000     0.00000     0.00000     0.00000     0.00000
     3.69500    -0.00013     0.00005     0.00002     0.00000     0.00000     0.00000     0.00000     0.00000
     3.70000    -0.00013     0.00005     0.00001     0.00000     0.00000     0.00000     0.00000     0.00000
     3.70500    -0.00013     0.00005     0.00001     0.00000     0.00000     0.00000     0.00000     0.00000
     3.71000    -0.00013     0.00005     0.00001     0.00000     0.00000     0.00000     0.00000     0.00000
     3.71500    -0.00013     0.00005     0.00001     0.00000     0.00000     0.00000     0.00000     0.00000
     3.72000    -0.00013     0.00005     0.00001     0.00000     0.00000     0.00000     0.00000     0.00000
     3.72500    -0.00012     0.00005     0.00001     0.00000     0.00000     0.00000     0.00000     0.00000
     3.73000    -0.00012     0.00005     0.00001     0.00000     0.00000     0.00000     0.00000     0.00000
     3.73500    -0.00012     0.00004     0.00001     0.00000     0.00000     0.00000     0.00000     0.00000
     3.74000    -0.00012     0.00004     0.00001     0.00000     0.00000     0.00000     0.00000     0.00000
     3.74500    -0.00012     0.00004     0.00001     0.00000     0.00000     0.00000     0.00000     0.00000
     3.75000    -0.00012     0.00004     0.00001     0.00000     0.00000     0.00000     0.00000     0.00000
     3.75500    -0.00012     0.00004     0.00001     0.00000     0.00000     0.00000     0.00000     0.00000
     3.76000    -0.00012     0.00004     0.00001     0.00000     0.00000     0.00000     0.00000     0.00000
     3.76500    -0.00011     0.00004     0.00001     0.00000     0.00000     0.00000     0.00000     0.00000
     3.77000    -0.00011     0.00004     0.00001     0.00000     0.00000     0.00000     0.00000     0.00000
     3.77500    -0.00011     0.00004     0.00001     0.00000     0.00000     0.00000     0.00000     0.00000
     3.78000    -0.00011     0.00004     0.00001     0.00000     0.00000     0.00000     0.00000     0.00000
     3.78500    -0.00011     0.00004     0.00001     0.00000     0.00000     0.00000     0.00000     0.00000
     3.79000    -0.00011     0.00004     0.00001     0.00000     0.00000     0.00000     0.00000     0.00000
     3.79500    -0.00011     0.00004     0.00001     0.00000     0.00000     0.00000     0.00000     0.00000
     3.80000    -0.00011     0.00004     0.00001     0.00000     0.00000     0.00000     0.00000     0.00000
     3.80500    -0.00010     0.00004     0.00001     0.00000     0.00000     0.00000     0.00000     0.00000
     3.81000    -0.00010     0.00004     0.00001     0.00000     0.00000     0.00000     0.00000     0.00000
     3.81500    -0.00010     0.00004     0.00001     0.00000     0.00000     0.00000     0.00000     0.00000
     3.82000    -0.00010     0.00004     0.00001     0.00000     0.00000     0.00000     0.00000     0.00000
     3.82500    -0.00010     0.00004     0.00001     0.00000     0.00000     0.00000     0.00000     0.00000
     3.83000    -0.00010     0.00004     0.00001     0.00000     0.00000     0.00000     0.00000     0.00000
     3.83500    -0.00010     0.00004     0.00001     0.00000     0.00000     0.00000     0.00000     0.00000
     3.84000    -0.00010     0.00004     0.00001     0.00000     0.00000     0.00000     0.00000     0.00000
     3.84500    -0.00010     0.00004     0.00001     0.00000     0.00000     0.00000     0.00000     0.00000
     3.85000    -0.00009     0.00003     0.00001     0.00000     0.00000     0.00000     0.00000     0.00000
     3.85500    -0.00009     0.00003     0.00001     0.00000     0.00000     0.00000     0.00000     0.00000
     3.86000    -0.00009     0.00003     0.00001     0.00000     0.00000     0.00000     0.00000     0.00000
     3.86500    -0.00009     0.00003     0.00001     0.00000     0.00000     0.00000     0.00000     0.00000
     3.87000    -0.00009     0.00003     0.00001     0.00000     0.00000     0.00000     0.00000     0.00000
     3.87500    -0.00009     0.00003     0.00001     0.00000     0.00000     0.00000     0.00000     0.00000
     3.88000    -0.00009     0.00003     0.00001     0.00000     0.00000     0.00000     0.00000     0.00000
     3.88500    -0.00009     0.00003     0.00001     0.00000     0.00000     0.00000     0.00000     0.00000
     3.89000    -0.00009     0.00003     0.00001     0.00000     0.00000     0.00000     0.00000     0.00000
     3.89500    -0.00009     0.00003     0.00001     0.00000     0.00000     0.00000     0.00000     0.00000
     3.90000    -0.00009     0.00003     0.00001     0.00000     0.00000     0.00000     0.00000     0.00000
     3.90500    -0.00008     0.00003     0.00001     0.00000     0.00000     0.00000     0.00000     0.00000
     3.91000    -0.00008     0.00003     0.00001     0.00000     0.00000     0.00000     0.00000     0.00000
     3.91500    -0.00008     0.00003     0.00001     0.00000     0.00000     0.00000     0.00000     0.00000
     3.92000    -0.00008     0.00003     0.00001     0.00000     0.00000     0.00000     0.00000     0.00000
     3.92500    -0.00008     0.00003     0.00001     0.00000     0.00000     0.00000     0.00000     0.00000
     3.93000    -0.00008     0.00003     0.00001     0.00000     0.00000     0.00000     0.00000     0.00000
     3.93500    -0.00008     0.00003     0.00001     0.00000     0.00000     0.00000     0.00000     0.00000
     3.94000    -0.00008     0.00003     0.00001     0.00000     0.00000     0.00000     0.00000     0.00000
     3.94500    -0.00008     0.00003     0.00001     0.00000     0.00000     0.00000     0.00000     0.00000
     3.95000    -0.00008     0.00003     0.00001     0.00000     0.00000     0.00000     0.00000     0.00000
     3.95500    -0.00008     0.00003     0.00001     0.00000     0.00000     0.00000     0.00000     0.00000
     3.96000    -0.00007     0.00003     0.00001     0.00000     0.00000     0.00000     0.00000     0.00000
     3.96500    -0.00007     0.00003     0.00001     0.00000     0.00000     0.00000     0.00000     0.00000
     3.97000    -0.00007     0.00003     0.00001     0.00000     0.00000     0.00000     0.00000     0.00000
     3.97500    -0.00007     0.00003     0.00001     0.00000     0.00000     0.00000     0.00000     0.00000
     3.98000    -0.00007     0.00003     0.00001     0.00000     0.00000     0.00000     0.00000     0.00000
     3.98500    -0.00007     0.00003     0.00001     0.00000     0.00000     0.00000     0.00000     0.00000
     3.99000    -0.00007     0.00003     0.00001     0.00000     0.00000     0.00000     0.00000     0.00000
     3.99500    -0.00007     0.00003     0.00001     0.00000     0.00000     0.00000     0.00000     0.00000
     4.00000    -0.00007     0.00003     0.00001     0.00000     0.00000     0.00000     0.00000     0.00000
