 # P11_1440 FF
     0.00000    -1.23530    -0.22993     0.00000     0.00000    -0.26010   -30.74642     0.00000     0.00000
     0.00500    -1.22118    -0.22537     0.00000     0.00000    -0.25752   -24.11093     0.00000     0.00000
     0.01000    -1.20730    -0.22091     0.00000     0.00000    -0.25497   -19.76303     0.00000     0.00000
     0.01500    -1.19365    -0.21656     0.00000     0.00000    -0.25247   -16.69476     0.00000     0.00000
     0.02000    -1.18022    -0.21230     0.00000     0.00000    -0.25000   -14.41445     0.00000     0.00000
     0.02500    -1.16701    -0.20815     0.00000     0.00000    -0.24757   -12.65372     0.00000     0.00000
     0.03000    -1.15401    -0.20408     0.00000     0.00000    -0.24517   -11.25362     0.00000     0.00000
     0.03500    -1.14122    -0.20011     0.00000     0.00000    -0.24281   -10.11404     0.00000     0.00000
     0.04000    -1.12862    -0.19623     0.00000     0.00000    -0.24048    -9.16875     0.00000     0.00000
     0.04500    -1.11621    -0.19243     0.00000     0.00000    -0.23818    -8.37224     0.00000     0.00000
     0.05000    -1.10399    -0.18871     0.00000     0.00000    -0.23592    -7.69216     0.00000     0.00000
     0.05500    -1.09196    -0.18507     0.00000     0.00000    -0.23369    -7.10490     0.00000     0.00000
     0.06000    -1.08009    -0.18150     0.00000     0.00000    -0.23149    -6.59283     0.00000     0.00000
     0.06500    -1.06841    -0.17801     0.00000     0.00000    -0.22932    -6.14252     0.00000     0.00000
     0.07000    -1.05688    -0.17460     0.00000     0.00000    -0.22718    -5.74355     0.00000     0.00000
     0.07500    -1.04553    -0.17125     0.00000     0.00000    -0.22507    -5.38772     0.00000     0.00000
     0.08000    -1.03433    -0.16797     0.00000     0.00000    -0.22299    -5.06847     0.00000     0.00000
     0.08500    -1.02328    -0.16476     0.00000     0.00000    -0.22094    -4.78053     0.00000     0.00000
     0.09000    -1.01239    -0.16161     0.00000     0.00000    -0.21892    -4.51958     0.00000     0.00000
     0.09500    -1.00165    -0.15852     0.00000     0.00000    -0.21693    -4.28205     0.00000     0.00000
     0.10000    -0.99105    -0.15550     0.00000     0.00000    -0.21496    -4.06499     0.00000     0.00000
     0.10500    -0.98060    -0.15253     0.00000     0.00000    -0.21302    -3.86592     0.00000     0.00000
     0.11000    -0.97028    -0.14962     0.00000     0.00000    -0.21110    -3.68272     0.00000     0.00000
     0.11500    -0.96010    -0.14677     0.00000     0.00000    -0.20921    -3.51363     0.00000     0.00000
     0.12000    -0.95005    -0.14397     0.00000     0.00000    -0.20735    -3.35710     0.00000     0.00000
     0.12500    -0.94013    -0.14123     0.00000     0.00000    -0.20551    -3.21183     0.00000     0.00000
     0.13000    -0.93034    -0.13853     0.00000     0.00000    -0.20370    -3.07667     0.00000     0.00000
     0.13500    -0.92067    -0.13589     0.00000     0.00000    -0.20190    -2.95064     0.00000     0.00000
     0.14000    -0.91113    -0.13330     0.00000     0.00000    -0.20014    -2.83286     0.00000     0.00000
     0.14500    -0.90170    -0.13075     0.00000     0.00000    -0.19839    -2.72258     0.00000     0.00000
     0.15000    -0.89240    -0.12825     0.00000     0.00000    -0.19667    -2.61913     0.00000     0.00000
     0.15500    -0.88320    -0.12580     0.00000     0.00000    -0.19497    -2.52191     0.00000     0.00000
     0.16000    -0.87413    -0.12339     0.00000     0.00000    -0.19330    -2.43040     0.00000     0.00000
     0.16500    -0.86516    -0.12103     0.00000     0.00000    -0.19164    -2.34412     0.00000     0.00000
     0.17000    -0.85630    -0.11871     0.00000     0.00000    -0.19001    -2.26265     0.00000     0.00000
     0.17500    -0.84755    -0.11643     0.00000     0.00000    -0.18839    -2.18563     0.00000     0.00000
     0.18000    -0.83891    -0.11419     0.00000     0.00000    -0.18680    -2.11271     0.00000     0.00000
     0.18500    -0.83036    -0.11199     0.00000     0.00000    -0.18523    -2.04358     0.00000     0.00000
     0.19000    -0.82192    -0.10984     0.00000     0.00000    -0.18367    -1.97798     0.00000     0.00000
     0.19500    -0.81358    -0.10771     0.00000     0.00000    -0.18214    -1.91564     0.00000     0.00000
     0.20000    -0.80534    -0.10563     0.00000     0.00000    -0.18062    -1.85635     0.00000     0.00000
     0.20500    -0.79720    -0.10358     0.00000     0.00000    -0.17913    -1.79989     0.00000     0.00000
     0.21000    -0.78915    -0.10157     0.00000     0.00000    -0.17765    -1.74608     0.00000     0.00000
     0.21500    -0.78119    -0.09960     0.00000     0.00000    -0.17619    -1.69474     0.00000     0.00000
     0.22000    -0.77332    -0.09765     0.00000     0.00000    -0.17475    -1.64572     0.00000     0.00000
     0.22500    -0.76555    -0.09575     0.00000     0.00000    -0.17333    -1.59887     0.00000     0.00000
     0.23000    -0.75786    -0.09387     0.00000     0.00000    -0.17192    -1.55406     0.00000     0.00000
     0.23500    -0.75027    -0.09203     0.00000     0.00000    -0.17053    -1.51116     0.00000     0.00000
     0.24000    -0.74276    -0.09022     0.00000     0.00000    -0.16916    -1.47006     0.00000     0.00000
     0.24500    -0.73533    -0.08844     0.00000     0.00000    -0.16780    -1.43066     0.00000     0.00000
     0.25000    -0.72799    -0.08668     0.00000     0.00000    -0.16646    -1.39287     0.00000     0.00000
     0.25500    -0.72073    -0.08496     0.00000     0.00000    -0.16514    -1.35658     0.00000     0.00000
     0.26000    -0.71355    -0.08327     0.00000     0.00000    -0.16383    -1.32172     0.00000     0.00000
     0.26500    -0.70645    -0.08161     0.00000     0.00000    -0.16254    -1.28821     0.00000     0.00000
     0.27000    -0.69943    -0.07998     0.00000     0.00000    -0.16126    -1.25598     0.00000     0.00000
     0.27500    -0.69249    -0.07837     0.00000     0.00000    -0.16000    -1.22495     0.00000     0.00000
     0.28000    -0.68563    -0.07679     0.00000     0.00000    -0.15875    -1.19508     0.00000     0.00000
     0.28500    -0.67884    -0.07523     0.00000     0.00000    -0.15752    -1.16630     0.00000     0.00000
     0.29000    -0.67212    -0.07371     0.00000     0.00000    -0.15630    -1.13855     0.00000     0.00000
     0.29500    -0.66548    -0.07220     0.00000     0.00000    -0.15510    -1.11179     0.00000     0.00000
     0.30000    -0.65891    -0.07073     0.00000     0.00000    -0.15390    -1.08596     0.00000     0.00000
     0.30500    -0.65242    -0.06927     0.00000     0.00000    -0.15273    -1.06103     0.00000     0.00000
     0.31000    -0.64599    -0.06784     0.00000     0.00000    -0.15156    -1.03695     0.00000     0.00000
     0.31500    -0.63963    -0.06644     0.00000     0.00000    -0.15041    -1.01367     0.00000     0.00000
     0.32000    -0.63335    -0.06506     0.00000     0.00000    -0.14928    -0.99117     0.00000     0.00000
     0.32500    -0.62712    -0.06370     0.00000     0.00000    -0.14815    -0.96941     0.00000     0.00000
     0.33000    -0.62097    -0.06236     0.00000     0.00000    -0.14704    -0.94835     0.00000     0.00000
     0.33500    -0.61488    -0.06105     0.00000     0.00000    -0.14594    -0.92797     0.00000     0.00000
     0.34000    -0.60886    -0.05975     0.00000     0.00000    -0.14485    -0.90823     0.00000     0.00000
     0.34500    -0.60290    -0.05848     0.00000     0.00000    -0.14378    -0.88911     0.00000     0.00000
     0.35000    -0.59700    -0.05723     0.00000     0.00000    -0.14272    -0.87058     0.00000     0.00000
     0.35500    -0.59117    -0.05600     0.00000     0.00000    -0.14166    -0.85261     0.00000     0.00000
     0.36000    -0.58540    -0.05479     0.00000     0.00000    -0.14062    -0.83519     0.00000     0.00000
     0.36500    -0.57969    -0.05360     0.00000     0.00000    -0.13960    -0.81829     0.00000     0.00000
     0.37000    -0.57404    -0.05242     0.00000     0.00000    -0.13858    -0.80189     0.00000     0.00000
     0.37500    -0.56845    -0.05127     0.00000     0.00000    -0.13757    -0.78596     0.00000     0.00000
     0.38000    -0.56292    -0.05014     0.00000     0.00000    -0.13658    -0.77050     0.00000     0.00000
     0.38500    -0.55744    -0.04902     0.00000     0.00000    -0.13559    -0.75548     0.00000     0.00000
     0.39000    -0.55203    -0.04792     0.00000     0.00000    -0.13462    -0.74089     0.00000     0.00000
     0.39500    -0.54666    -0.04684     0.00000     0.00000    -0.13366    -0.72670     0.00000     0.00000
     0.40000    -0.54136    -0.04578     0.00000     0.00000    -0.13270    -0.71291     0.00000     0.00000
     0.40500    -0.53611    -0.04474     0.00000     0.00000    -0.13176    -0.69950     0.00000     0.00000
     0.41000    -0.53091    -0.04371     0.00000     0.00000    -0.13083    -0.68646     0.00000     0.00000
     0.41500    -0.52577    -0.04270     0.00000     0.00000    -0.12990    -0.67376     0.00000     0.00000
     0.42000    -0.52068    -0.04170     0.00000     0.00000    -0.12899    -0.66141     0.00000     0.00000
     0.42500    -0.51565    -0.04072     0.00000     0.00000    -0.12809    -0.64938     0.00000     0.00000
     0.43000    -0.51066    -0.03976     0.00000     0.00000    -0.12719    -0.63766     0.00000     0.00000
     0.43500    -0.50573    -0.03881     0.00000     0.00000    -0.12631    -0.62625     0.00000     0.00000
     0.44000    -0.50085    -0.03788     0.00000     0.00000    -0.12543    -0.61514     0.00000     0.00000
     0.44500    -0.49602    -0.03696     0.00000     0.00000    -0.12457    -0.60431     0.00000     0.00000
     0.45000    -0.49123    -0.03606     0.00000     0.00000    -0.12371    -0.59375     0.00000     0.00000
     0.45500    -0.48650    -0.03517     0.00000     0.00000    -0.12286    -0.58346     0.00000     0.00000
     0.46000    -0.48181    -0.03430     0.00000     0.00000    -0.12202    -0.57342     0.00000     0.00000
     0.46500    -0.47717    -0.03344     0.00000     0.00000    -0.12119    -0.56363     0.00000     0.00000
     0.47000    -0.47258    -0.03259     0.00000     0.00000    -0.12037    -0.55408     0.00000     0.00000
     0.47500    -0.46804    -0.03176     0.00000     0.00000    -0.11955    -0.54476     0.00000     0.00000
     0.48000    -0.46354    -0.03094     0.00000     0.00000    -0.11874    -0.53566     0.00000     0.00000
     0.48500    -0.45909    -0.03013     0.00000     0.00000    -0.11795    -0.52678     0.00000     0.00000
     0.49000    -0.45468    -0.02934     0.00000     0.00000    -0.11716    -0.51811     0.00000     0.00000
     0.49500    -0.45032    -0.02856     0.00000     0.00000    -0.11637    -0.50965     0.00000     0.00000
     0.50000    -0.44600    -0.02779     0.00000     0.00000    -0.11560    -0.50138     0.00000     0.00000
     0.50500    -0.44172    -0.02704     0.00000     0.00000    -0.11483    -0.49330     0.00000     0.00000
     0.51000    -0.43749    -0.02630     0.00000     0.00000    -0.11407    -0.48541     0.00000     0.00000
     0.51500    -0.43330    -0.02556     0.00000     0.00000    -0.11332    -0.47769     0.00000     0.00000
     0.52000    -0.42915    -0.02485     0.00000     0.00000    -0.11258    -0.47016     0.00000     0.00000
     0.52500    -0.42504    -0.02414     0.00000     0.00000    -0.11184    -0.46278     0.00000     0.00000
     0.53000    -0.42098    -0.02344     0.00000     0.00000    -0.11111    -0.45558     0.00000     0.00000
     0.53500    -0.41695    -0.02276     0.00000     0.00000    -0.11039    -0.44853     0.00000     0.00000
     0.54000    -0.41297    -0.02208     0.00000     0.00000    -0.10967    -0.44164     0.00000     0.00000
     0.54500    -0.40902    -0.02142     0.00000     0.00000    -0.10896    -0.43489     0.00000     0.00000
     0.55000    -0.40512    -0.02077     0.00000     0.00000    -0.10826    -0.42830     0.00000     0.00000
     0.55500    -0.40125    -0.02012     0.00000     0.00000    -0.10757    -0.42184     0.00000     0.00000
     0.56000    -0.39742    -0.01949     0.00000     0.00000    -0.10688    -0.41552     0.00000     0.00000
     0.56500    -0.39363    -0.01887     0.00000     0.00000    -0.10620    -0.40933     0.00000     0.00000
     0.57000    -0.38988    -0.01826     0.00000     0.00000    -0.10552    -0.40328     0.00000     0.00000
     0.57500    -0.38616    -0.01766     0.00000     0.00000    -0.10485    -0.39735     0.00000     0.00000
     0.58000    -0.38248    -0.01707     0.00000     0.00000    -0.10419    -0.39154     0.00000     0.00000
     0.58500    -0.37884    -0.01648     0.00000     0.00000    -0.10353    -0.38586     0.00000     0.00000
     0.59000    -0.37523    -0.01591     0.00000     0.00000    -0.10288    -0.38029     0.00000     0.00000
     0.59500    -0.37166    -0.01535     0.00000     0.00000    -0.10224    -0.37483     0.00000     0.00000
     0.60000    -0.36812    -0.01479     0.00000     0.00000    -0.10160    -0.36948     0.00000     0.00000
     0.60500    -0.36462    -0.01425     0.00000     0.00000    -0.10097    -0.36424     0.00000     0.00000
     0.61000    -0.36115    -0.01371     0.00000     0.00000    -0.10034    -0.35910     0.00000     0.00000
     0.61500    -0.35772    -0.01318     0.00000     0.00000    -0.09972    -0.35407     0.00000     0.00000
     0.62000    -0.35432    -0.01266     0.00000     0.00000    -0.09911    -0.34913     0.00000     0.00000
     0.62500    -0.35096    -0.01215     0.00000     0.00000    -0.09850    -0.34429     0.00000     0.00000
     0.63000    -0.34762    -0.01165     0.00000     0.00000    -0.09790    -0.33955     0.00000     0.00000
     0.63500    -0.34432    -0.01116     0.00000     0.00000    -0.09730    -0.33490     0.00000     0.00000
     0.64000    -0.34105    -0.01067     0.00000     0.00000    -0.09671    -0.33033     0.00000     0.00000
     0.64500    -0.33782    -0.01019     0.00000     0.00000    -0.09612    -0.32585     0.00000     0.00000
     0.65000    -0.33461    -0.00972     0.00000     0.00000    -0.09554    -0.32146     0.00000     0.00000
     0.65500    -0.33144    -0.00926     0.00000     0.00000    -0.09496    -0.31715     0.00000     0.00000
     0.66000    -0.32830    -0.00880     0.00000     0.00000    -0.09439    -0.31292     0.00000     0.00000
     0.66500    -0.32519    -0.00836     0.00000     0.00000    -0.09382    -0.30877     0.00000     0.00000
     0.67000    -0.32210    -0.00791     0.00000     0.00000    -0.09326    -0.30470     0.00000     0.00000
     0.67500    -0.31905    -0.00748     0.00000     0.00000    -0.09271    -0.30070     0.00000     0.00000
     0.68000    -0.31603    -0.00706     0.00000     0.00000    -0.09216    -0.29678     0.00000     0.00000
     0.68500    -0.31304    -0.00664     0.00000     0.00000    -0.09161    -0.29292     0.00000     0.00000
     0.69000    -0.31007    -0.00623     0.00000     0.00000    -0.09107    -0.28914     0.00000     0.00000
     0.69500    -0.30714    -0.00582     0.00000     0.00000    -0.09053    -0.28542     0.00000     0.00000
     0.70000    -0.30423    -0.00542     0.00000     0.00000    -0.09000    -0.28177     0.00000     0.00000
     0.70500    -0.30135    -0.00503     0.00000     0.00000    -0.08947    -0.27819     0.00000     0.00000
     0.71000    -0.29850    -0.00464     0.00000     0.00000    -0.08895    -0.27467     0.00000     0.00000
     0.71500    -0.29568    -0.00427     0.00000     0.00000    -0.08843    -0.27121     0.00000     0.00000
     0.72000    -0.29289    -0.00389     0.00000     0.00000    -0.08792    -0.26781     0.00000     0.00000
     0.72500    -0.29012    -0.00353     0.00000     0.00000    -0.08741    -0.26447     0.00000     0.00000
     0.73000    -0.28737    -0.00317     0.00000     0.00000    -0.08691    -0.26119     0.00000     0.00000
     0.73500    -0.28466    -0.00281     0.00000     0.00000    -0.08641    -0.25796     0.00000     0.00000
     0.74000    -0.28197    -0.00246     0.00000     0.00000    -0.08591    -0.25479     0.00000     0.00000
     0.74500    -0.27931    -0.00212     0.00000     0.00000    -0.08542    -0.25168     0.00000     0.00000
     0.75000    -0.27667    -0.00179     0.00000     0.00000    -0.08493    -0.24861     0.00000     0.00000
     0.75500    -0.27405    -0.00146     0.00000     0.00000    -0.08445    -0.24560     0.00000     0.00000
     0.76000    -0.27147    -0.00113     0.00000     0.00000    -0.08397    -0.24264     0.00000     0.00000
     0.76500    -0.26890    -0.00081     0.00000     0.00000    -0.08349    -0.23973     0.00000     0.00000
     0.77000    -0.26637    -0.00050     0.00000     0.00000    -0.08302    -0.23687     0.00000     0.00000
     0.77500    -0.26385    -0.00019     0.00000     0.00000    -0.08255    -0.23405     0.00000     0.00000
     0.78000    -0.26136     0.00012     0.00000     0.00000    -0.08209    -0.23128     0.00000     0.00000
     0.78500    -0.25890     0.00041     0.00000     0.00000    -0.08163    -0.22856     0.00000     0.00000
     0.79000    -0.25645     0.00071     0.00000     0.00000    -0.08118    -0.22588     0.00000     0.00000
     0.79500    -0.25404     0.00100     0.00000     0.00000    -0.08073    -0.22324     0.00000     0.00000
     0.80000    -0.25164     0.00128     0.00000     0.00000    -0.08028    -0.22065     0.00000     0.00000
     0.80500    -0.24927     0.00156     0.00000     0.00000    -0.07983    -0.21810     0.00000     0.00000
     0.81000    -0.24692     0.00183     0.00000     0.00000    -0.07939    -0.21558     0.00000     0.00000
     0.81500    -0.24459     0.00210     0.00000     0.00000    -0.07896    -0.21311     0.00000     0.00000
     0.82000    -0.24228     0.00236     0.00000     0.00000    -0.07852    -0.21068     0.00000     0.00000
     0.82500    -0.24000     0.00262     0.00000     0.00000    -0.07809    -0.20829     0.00000     0.00000
     0.83000    -0.23774     0.00288     0.00000     0.00000    -0.07767    -0.20593     0.00000     0.00000
     0.83500    -0.23550     0.00313     0.00000     0.00000    -0.07724    -0.20361     0.00000     0.00000
     0.84000    -0.23328     0.00338     0.00000     0.00000    -0.07683    -0.20133     0.00000     0.00000
     0.84500    -0.23108     0.00362     0.00000     0.00000    -0.07641    -0.19908     0.00000     0.00000
     0.85000    -0.22890     0.00386     0.00000     0.00000    -0.07600    -0.19686     0.00000     0.00000
     0.85500    -0.22674     0.00409     0.00000     0.00000    -0.07559    -0.19468     0.00000     0.00000
     0.86000    -0.22461     0.00432     0.00000     0.00000    -0.07518    -0.19254     0.00000     0.00000
     0.86500    -0.22249     0.00454     0.00000     0.00000    -0.07478    -0.19042     0.00000     0.00000
     0.87000    -0.22040     0.00476     0.00000     0.00000    -0.07438    -0.18834     0.00000     0.00000
     0.87500    -0.21832     0.00498     0.00000     0.00000    -0.07398    -0.18629     0.00000     0.00000
     0.88000    -0.21626     0.00520     0.00000     0.00000    -0.07359    -0.18427     0.00000     0.00000
     0.88500    -0.21423     0.00540     0.00000     0.00000    -0.07320    -0.18228     0.00000     0.00000
     0.89000    -0.21221     0.00561     0.00000     0.00000    -0.07281    -0.18032     0.00000     0.00000
     0.89500    -0.21021     0.00581     0.00000     0.00000    -0.07243    -0.17839     0.00000     0.00000
     0.90000    -0.20823     0.00601     0.00000     0.00000    -0.07205    -0.17649     0.00000     0.00000
     0.90500    -0.20627     0.00620     0.00000     0.00000    -0.07167    -0.17461     0.00000     0.00000
     0.91000    -0.20433     0.00640     0.00000     0.00000    -0.07130    -0.17276     0.00000     0.00000
     0.91500    -0.20240     0.00658     0.00000     0.00000    -0.07093    -0.17094     0.00000     0.00000
     0.92000    -0.20050     0.00677     0.00000     0.00000    -0.07056    -0.16915     0.00000     0.00000
     0.92500    -0.19861     0.00695     0.00000     0.00000    -0.07019    -0.16738     0.00000     0.00000
     0.93000    -0.19674     0.00713     0.00000     0.00000    -0.06983    -0.16563     0.00000     0.00000
     0.93500    -0.19489     0.00730     0.00000     0.00000    -0.06947    -0.16392     0.00000     0.00000
     0.94000    -0.19305     0.00747     0.00000     0.00000    -0.06911    -0.16222     0.00000     0.00000
     0.94500    -0.19123     0.00764     0.00000     0.00000    -0.06875    -0.16055     0.00000     0.00000
     0.95000    -0.18943     0.00780     0.00000     0.00000    -0.06840    -0.15891     0.00000     0.00000
     0.95500    -0.18765     0.00796     0.00000     0.00000    -0.06805    -0.15728     0.00000     0.00000
     0.96000    -0.18588     0.00812     0.00000     0.00000    -0.06771    -0.15568     0.00000     0.00000
     0.96500    -0.18413     0.00828     0.00000     0.00000    -0.06736    -0.15410     0.00000     0.00000
     0.97000    -0.18240     0.00843     0.00000     0.00000    -0.06702    -0.15255     0.00000     0.00000
     0.97500    -0.18068     0.00858     0.00000     0.00000    -0.06668    -0.15101     0.00000     0.00000
     0.98000    -0.17898     0.00872     0.00000     0.00000    -0.06635    -0.14950     0.00000     0.00000
     0.98500    -0.17729     0.00887     0.00000     0.00000    -0.06601    -0.14801     0.00000     0.00000
     0.99000    -0.17562     0.00901     0.00000     0.00000    -0.06568    -0.14653     0.00000     0.00000
     0.99500    -0.17397     0.00915     0.00000     0.00000    -0.06535    -0.14508     0.00000     0.00000
     1.00000    -0.17233     0.00928     0.00000     0.00000    -0.06502    -0.14365     0.00000     0.00000
     1.00500    -0.17071     0.00941     0.00000     0.00000    -0.06470    -0.14223     0.00000     0.00000
     1.01000    -0.16910     0.00954     0.00000     0.00000    -0.06438    -0.14084     0.00000     0.00000
     1.01500    -0.16751     0.00967     0.00000     0.00000    -0.06406    -0.13946     0.00000     0.00000
     1.02000    -0.16593     0.00980     0.00000     0.00000    -0.06374    -0.13811     0.00000     0.00000
     1.02500    -0.16437     0.00992     0.00000     0.00000    -0.06343    -0.13677     0.00000     0.00000
     1.03000    -0.16282     0.01004     0.00000     0.00000    -0.06312    -0.13545     0.00000     0.00000
     1.03500    -0.16128     0.01015     0.00000     0.00000    -0.06281    -0.13414     0.00000     0.00000
     1.04000    -0.15976     0.01027     0.00000     0.00000    -0.06250    -0.13286     0.00000     0.00000
     1.04500    -0.15826     0.01038     0.00000     0.00000    -0.06219    -0.13159     0.00000     0.00000
     1.05000    -0.15676     0.01049     0.00000     0.00000    -0.06189    -0.13033     0.00000     0.00000
     1.05500    -0.15529     0.01060     0.00000     0.00000    -0.06159    -0.12909     0.00000     0.00000
     1.06000    -0.15382     0.01071     0.00000     0.00000    -0.06129    -0.12787     0.00000     0.00000
     1.06500    -0.15237     0.01081     0.00000     0.00000    -0.06100    -0.12667     0.00000     0.00000
     1.07000    -0.15094     0.01091     0.00000     0.00000    -0.06070    -0.12548     0.00000     0.00000
     1.07500    -0.14951     0.01101     0.00000     0.00000    -0.06041    -0.12430     0.00000     0.00000
     1.08000    -0.14810     0.01111     0.00000     0.00000    -0.06012    -0.12314     0.00000     0.00000
     1.08500    -0.14670     0.01120     0.00000     0.00000    -0.05983    -0.12200     0.00000     0.00000
     1.09000    -0.14532     0.01129     0.00000     0.00000    -0.05955    -0.12087     0.00000     0.00000
     1.09500    -0.14395     0.01138     0.00000     0.00000    -0.05926    -0.11975     0.00000     0.00000
     1.10000    -0.14259     0.01147     0.00000     0.00000    -0.05898    -0.11865     0.00000     0.00000
     1.10500    -0.14125     0.01156     0.00000     0.00000    -0.05870    -0.11756     0.00000     0.00000
     1.11000    -0.13991     0.01164     0.00000     0.00000    -0.05842    -0.11649     0.00000     0.00000
     1.11500    -0.13859     0.01173     0.00000     0.00000    -0.05815    -0.11543     0.00000     0.00000
     1.12000    -0.13728     0.01181     0.00000     0.00000    -0.05787    -0.11438     0.00000     0.00000
     1.12500    -0.13599     0.01188     0.00000     0.00000    -0.05760    -0.11334     0.00000     0.00000
     1.13000    -0.13470     0.01196     0.00000     0.00000    -0.05733    -0.11232     0.00000     0.00000
     1.13500    -0.13343     0.01204     0.00000     0.00000    -0.05706    -0.11131     0.00000     0.00000
     1.14000    -0.13217     0.01211     0.00000     0.00000    -0.05680    -0.11031     0.00000     0.00000
     1.14500    -0.13092     0.01218     0.00000     0.00000    -0.05653    -0.10933     0.00000     0.00000
     1.15000    -0.12968     0.01225     0.00000     0.00000    -0.05627    -0.10835     0.00000     0.00000
     1.15500    -0.12846     0.01232     0.00000     0.00000    -0.05601    -0.10739     0.00000     0.00000
     1.16000    -0.12724     0.01239     0.00000     0.00000    -0.05575    -0.10644     0.00000     0.00000
     1.16500    -0.12604     0.01245     0.00000     0.00000    -0.05549    -0.10550     0.00000     0.00000
     1.17000    -0.12485     0.01252     0.00000     0.00000    -0.05524    -0.10458     0.00000     0.00000
     1.17500    -0.12367     0.01258     0.00000     0.00000    -0.05498    -0.10366     0.00000     0.00000
     1.18000    -0.12250     0.01264     0.00000     0.00000    -0.05473    -0.10276     0.00000     0.00000
     1.18500    -0.12134     0.01270     0.00000     0.00000    -0.05448    -0.10186     0.00000     0.00000
     1.19000    -0.12019     0.01275     0.00000     0.00000    -0.05423    -0.10098     0.00000     0.00000
     1.19500    -0.11905     0.01281     0.00000     0.00000    -0.05398    -0.10010     0.00000     0.00000
     1.20000    -0.11792     0.01286     0.00000     0.00000    -0.05374    -0.09924     0.00000     0.00000
     1.20500    -0.11681     0.01292     0.00000     0.00000    -0.05350    -0.09839     0.00000     0.00000
     1.21000    -0.11570     0.01297     0.00000     0.00000    -0.05325    -0.09754     0.00000     0.00000
     1.21500    -0.11460     0.01302     0.00000     0.00000    -0.05301    -0.09671     0.00000     0.00000
     1.22000    -0.11352     0.01306     0.00000     0.00000    -0.05278    -0.09589     0.00000     0.00000
     1.22500    -0.11244     0.01311     0.00000     0.00000    -0.05254    -0.09507     0.00000     0.00000
     1.23000    -0.11137     0.01316     0.00000     0.00000    -0.05230    -0.09427     0.00000     0.00000
     1.23500    -0.11032     0.01320     0.00000     0.00000    -0.05207    -0.09347     0.00000     0.00000
     1.24000    -0.10927     0.01324     0.00000     0.00000    -0.05184    -0.09269     0.00000     0.00000
     1.24500    -0.10823     0.01329     0.00000     0.00000    -0.05161    -0.09191     0.00000     0.00000
     1.25000    -0.10721     0.01333     0.00000     0.00000    -0.05138    -0.09114     0.00000     0.00000
     1.25500    -0.10619     0.01337     0.00000     0.00000    -0.05115    -0.09038     0.00000     0.00000
     1.26000    -0.10518     0.01340     0.00000     0.00000    -0.05092    -0.08963     0.00000     0.00000
     1.26500    -0.10418     0.01344     0.00000     0.00000    -0.05070    -0.08889     0.00000     0.00000
     1.27000    -0.10319     0.01348     0.00000     0.00000    -0.05048    -0.08815     0.00000     0.00000
     1.27500    -0.10221     0.01351     0.00000     0.00000    -0.05025    -0.08743     0.00000     0.00000
     1.28000    -0.10124     0.01354     0.00000     0.00000    -0.05003    -0.08671     0.00000     0.00000
     1.28500    -0.10027     0.01358     0.00000     0.00000    -0.04982    -0.08600     0.00000     0.00000
     1.29000    -0.09932     0.01361     0.00000     0.00000    -0.04960    -0.08530     0.00000     0.00000
     1.29500    -0.09837     0.01364     0.00000     0.00000    -0.04938    -0.08460     0.00000     0.00000
     1.30000    -0.09744     0.01366     0.00000     0.00000    -0.04917    -0.08391     0.00000     0.00000
     1.30500    -0.09651     0.01369     0.00000     0.00000    -0.04895    -0.08324     0.00000     0.00000
     1.31000    -0.09559     0.01372     0.00000     0.00000    -0.04874    -0.08256     0.00000     0.00000
     1.31500    -0.09468     0.01374     0.00000     0.00000    -0.04853    -0.08190     0.00000     0.00000
     1.32000    -0.09378     0.01377     0.00000     0.00000    -0.04832    -0.08124     0.00000     0.00000
     1.32500    -0.09288     0.01379     0.00000     0.00000    -0.04812    -0.08059     0.00000     0.00000
     1.33000    -0.09200     0.01382     0.00000     0.00000    -0.04791    -0.07995     0.00000     0.00000
     1.33500    -0.09112     0.01384     0.00000     0.00000    -0.04771    -0.07931     0.00000     0.00000
     1.34000    -0.09025     0.01386     0.00000     0.00000    -0.04750    -0.07868     0.00000     0.00000
     1.34500    -0.08939     0.01388     0.00000     0.00000    -0.04730    -0.07806     0.00000     0.00000
     1.35000    -0.08853     0.01390     0.00000     0.00000    -0.04710    -0.07745     0.00000     0.00000
     1.35500    -0.08769     0.01391     0.00000     0.00000    -0.04690    -0.07684     0.00000     0.00000
     1.36000    -0.08685     0.01393     0.00000     0.00000    -0.04670    -0.07623     0.00000     0.00000
     1.36500    -0.08602     0.01395     0.00000     0.00000    -0.04650    -0.07564     0.00000     0.00000
     1.37000    -0.08520     0.01396     0.00000     0.00000    -0.04631    -0.07505     0.00000     0.00000
     1.37500    -0.08438     0.01398     0.00000     0.00000    -0.04611    -0.07446     0.00000     0.00000
     1.38000    -0.08357     0.01399     0.00000     0.00000    -0.04592    -0.07389     0.00000     0.00000
     1.38500    -0.08277     0.01400     0.00000     0.00000    -0.04573    -0.07332     0.00000     0.00000
     1.39000    -0.08198     0.01401     0.00000     0.00000    -0.04553    -0.07275     0.00000     0.00000
     1.39500    -0.08119     0.01402     0.00000     0.00000    -0.04534    -0.07219     0.00000     0.00000
     1.40000    -0.08042     0.01404     0.00000     0.00000    -0.04516    -0.07164     0.00000     0.00000
     1.40500    -0.07965     0.01404     0.00000     0.00000    -0.04497    -0.07109     0.00000     0.00000
     1.41000    -0.07888     0.01405     0.00000     0.00000    -0.04478    -0.07055     0.00000     0.00000
     1.41500    -0.07812     0.01406     0.00000     0.00000    -0.04460    -0.07001     0.00000     0.00000
     1.42000    -0.07737     0.01407     0.00000     0.00000    -0.04441    -0.06948     0.00000     0.00000
     1.42500    -0.07663     0.01407     0.00000     0.00000    -0.04423    -0.06895     0.00000     0.00000
     1.43000    -0.07589     0.01408     0.00000     0.00000    -0.04405    -0.06843     0.00000     0.00000
     1.43500    -0.07516     0.01409     0.00000     0.00000    -0.04387    -0.06792     0.00000     0.00000
     1.44000    -0.07444     0.01409     0.00000     0.00000    -0.04369    -0.06741     0.00000     0.00000
     1.44500    -0.07372     0.01409     0.00000     0.00000    -0.04351    -0.06690     0.00000     0.00000
     1.45000    -0.07301     0.01410     0.00000     0.00000    -0.04333    -0.06640     0.00000     0.00000
     1.45500    -0.07231     0.01410     0.00000     0.00000    -0.04316    -0.06591     0.00000     0.00000
     1.46000    -0.07161     0.01410     0.00000     0.00000    -0.04298    -0.06542     0.00000     0.00000
     1.46500    -0.07092     0.01410     0.00000     0.00000    -0.04281    -0.06493     0.00000     0.00000
     1.47000    -0.07024     0.01410     0.00000     0.00000    -0.04263    -0.06445     0.00000     0.00000
     1.47500    -0.06956     0.01410     0.00000     0.00000    -0.04246    -0.06398     0.00000     0.00000
     1.48000    -0.06889     0.01410     0.00000     0.00000    -0.04229    -0.06351     0.00000     0.00000
     1.48500    -0.06822     0.01410     0.00000     0.00000    -0.04212    -0.06304     0.00000     0.00000
     1.49000    -0.06756     0.01410     0.00000     0.00000    -0.04195    -0.06258     0.00000     0.00000
     1.49500    -0.06691     0.01409     0.00000     0.00000    -0.04178    -0.06213     0.00000     0.00000
     1.50000    -0.06626     0.01409     0.00000     0.00000    -0.04162    -0.06167     0.00000     0.00000
     1.50500    -0.06562     0.01409     0.00000     0.00000    -0.04145    -0.06123     0.00000     0.00000
     1.51000    -0.06499     0.01408     0.00000     0.00000    -0.04128    -0.06078     0.00000     0.00000
     1.51500    -0.06436     0.01408     0.00000     0.00000    -0.04112    -0.06034     0.00000     0.00000
     1.52000    -0.06373     0.01407     0.00000     0.00000    -0.04096    -0.05991     0.00000     0.00000
     1.52500    -0.06312     0.01407     0.00000     0.00000    -0.04080    -0.05948     0.00000     0.00000
     1.53000    -0.06250     0.01406     0.00000     0.00000    -0.04063    -0.05905     0.00000     0.00000
     1.53500    -0.06190     0.01405     0.00000     0.00000    -0.04047    -0.05863     0.00000     0.00000
     1.54000    -0.06129     0.01405     0.00000     0.00000    -0.04032    -0.05821     0.00000     0.00000
     1.54500    -0.06070     0.01404     0.00000     0.00000    -0.04016    -0.05780     0.00000     0.00000
     1.55000    -0.06011     0.01403     0.00000     0.00000    -0.04000    -0.05739     0.00000     0.00000
     1.55500    -0.05952     0.01402     0.00000     0.00000    -0.03984    -0.05698     0.00000     0.00000
     1.56000    -0.05894     0.01401     0.00000     0.00000    -0.03969    -0.05658     0.00000     0.00000
     1.56500    -0.05837     0.01400     0.00000     0.00000    -0.03953    -0.05618     0.00000     0.00000
     1.57000    -0.05780     0.01399     0.00000     0.00000    -0.03938    -0.05579     0.00000     0.00000
     1.57500    -0.05724     0.01398     0.00000     0.00000    -0.03923    -0.05540     0.00000     0.00000
     1.58000    -0.05668     0.01397     0.00000     0.00000    -0.03908    -0.05501     0.00000     0.00000
     1.58500    -0.05612     0.01396     0.00000     0.00000    -0.03892    -0.05463     0.00000     0.00000
     1.59000    -0.05558     0.01395     0.00000     0.00000    -0.03877    -0.05425     0.00000     0.00000
     1.59500    -0.05503     0.01393     0.00000     0.00000    -0.03862    -0.05387     0.00000     0.00000
     1.60000    -0.05449     0.01392     0.00000     0.00000    -0.03848    -0.05350     0.00000     0.00000
     1.60500    -0.05396     0.01391     0.00000     0.00000    -0.03833    -0.05313     0.00000     0.00000
     1.61000    -0.05343     0.01389     0.00000     0.00000    -0.03818    -0.05276     0.00000     0.00000
     1.61500    -0.05291     0.01388     0.00000     0.00000    -0.03804    -0.05240     0.00000     0.00000
     1.62000    -0.05239     0.01387     0.00000     0.00000    -0.03789    -0.05204     0.00000     0.00000
     1.62500    -0.05187     0.01385     0.00000     0.00000    -0.03775    -0.05169     0.00000     0.00000
     1.63000    -0.05137     0.01384     0.00000     0.00000    -0.03760    -0.05133     0.00000     0.00000
     1.63500    -0.05086     0.01382     0.00000     0.00000    -0.03746    -0.05099     0.00000     0.00000
     1.64000    -0.05036     0.01380     0.00000     0.00000    -0.03732    -0.05064     0.00000     0.00000
     1.64500    -0.04986     0.01379     0.00000     0.00000    -0.03718    -0.05030     0.00000     0.00000
     1.65000    -0.04937     0.01377     0.00000     0.00000    -0.03704    -0.04996     0.00000     0.00000
     1.65500    -0.04889     0.01375     0.00000     0.00000    -0.03690    -0.04962     0.00000     0.00000
     1.66000    -0.04841     0.01374     0.00000     0.00000    -0.03676    -0.04929     0.00000     0.00000
     1.66500    -0.04793     0.01372     0.00000     0.00000    -0.03662    -0.04896     0.00000     0.00000
     1.67000    -0.04745     0.01370     0.00000     0.00000    -0.03649    -0.04863     0.00000     0.00000
     1.67500    -0.04699     0.01368     0.00000     0.00000    -0.03635    -0.04830     0.00000     0.00000
     1.68000    -0.04652     0.01367     0.00000     0.00000    -0.03621    -0.04798     0.00000     0.00000
     1.68500    -0.04606     0.01365     0.00000     0.00000    -0.03608    -0.04766     0.00000     0.00000
     1.69000    -0.04560     0.01363     0.00000     0.00000    -0.03594    -0.04735     0.00000     0.00000
     1.69500    -0.04515     0.01361     0.00000     0.00000    -0.03581    -0.04703     0.00000     0.00000
     1.70000    -0.04470     0.01359     0.00000     0.00000    -0.03568    -0.04672     0.00000     0.00000
     1.70500    -0.04426     0.01357     0.00000     0.00000    -0.03555    -0.04642     0.00000     0.00000
     1.71000    -0.04382     0.01355     0.00000     0.00000    -0.03542    -0.04611     0.00000     0.00000
     1.71500    -0.04339     0.01353     0.00000     0.00000    -0.03529    -0.04581     0.00000     0.00000
     1.72000    -0.04295     0.01351     0.00000     0.00000    -0.03516    -0.04551     0.00000     0.00000
     1.72500    -0.04253     0.01349     0.00000     0.00000    -0.03503    -0.04521     0.00000     0.00000
     1.73000    -0.04210     0.01347     0.00000     0.00000    -0.03490    -0.04492     0.00000     0.00000
     1.73500    -0.04168     0.01344     0.00000     0.00000    -0.03477    -0.04463     0.00000     0.00000
     1.74000    -0.04127     0.01342     0.00000     0.00000    -0.03464    -0.04434     0.00000     0.00000
     1.74500    -0.04085     0.01340     0.00000     0.00000    -0.03452    -0.04405     0.00000     0.00000
     1.75000    -0.04045     0.01338     0.00000     0.00000    -0.03439    -0.04377     0.00000     0.00000
     1.75500    -0.04004     0.01336     0.00000     0.00000    -0.03427    -0.04349     0.00000     0.00000
     1.76000    -0.03964     0.01333     0.00000     0.00000    -0.03414    -0.04321     0.00000     0.00000
     1.76500    -0.03924     0.01331     0.00000     0.00000    -0.03402    -0.04293     0.00000     0.00000
     1.77000    -0.03885     0.01329     0.00000     0.00000    -0.03390    -0.04266     0.00000     0.00000
     1.77500    -0.03846     0.01327     0.00000     0.00000    -0.03378    -0.04238     0.00000     0.00000
     1.78000    -0.03807     0.01324     0.00000     0.00000    -0.03365    -0.04211     0.00000     0.00000
     1.78500    -0.03769     0.01322     0.00000     0.00000    -0.03353    -0.04185     0.00000     0.00000
     1.79000    -0.03731     0.01319     0.00000     0.00000    -0.03341    -0.04158     0.00000     0.00000
     1.79500    -0.03694     0.01317     0.00000     0.00000    -0.03329    -0.04132     0.00000     0.00000
     1.80000    -0.03656     0.01315     0.00000     0.00000    -0.03318    -0.04106     0.00000     0.00000
     1.80500    -0.03619     0.01312     0.00000     0.00000    -0.03306    -0.04080     0.00000     0.00000
     1.81000    -0.03583     0.01310     0.00000     0.00000    -0.03294    -0.04054     0.00000     0.00000
     1.81500    -0.03547     0.01307     0.00000     0.00000    -0.03282    -0.04029     0.00000     0.00000
     1.82000    -0.03511     0.01305     0.00000     0.00000    -0.03271    -0.04004     0.00000     0.00000
     1.82500    -0.03475     0.01302     0.00000     0.00000    -0.03259    -0.03979     0.00000     0.00000
     1.83000    -0.03440     0.01300     0.00000     0.00000    -0.03248    -0.03954     0.00000     0.00000
     1.83500    -0.03405     0.01297     0.00000     0.00000    -0.03236    -0.03929     0.00000     0.00000
     1.84000    -0.03371     0.01295     0.00000     0.00000    -0.03225    -0.03905     0.00000     0.00000
     1.84500    -0.03336     0.01292     0.00000     0.00000    -0.03213    -0.03881     0.00000     0.00000
     1.85000    -0.03302     0.01289     0.00000     0.00000    -0.03202    -0.03857     0.00000     0.00000
     1.85500    -0.03269     0.01287     0.00000     0.00000    -0.03191    -0.03833     0.00000     0.00000
     1.86000    -0.03235     0.01284     0.00000     0.00000    -0.03180    -0.03810     0.00000     0.00000
     1.86500    -0.03202     0.01282     0.00000     0.00000    -0.03169    -0.03786     0.00000     0.00000
     1.87000    -0.03170     0.01279     0.00000     0.00000    -0.03158    -0.03763     0.00000     0.00000
     1.87500    -0.03137     0.01276     0.00000     0.00000    -0.03147    -0.03740     0.00000     0.00000
     1.88000    -0.03105     0.01274     0.00000     0.00000    -0.03136    -0.03717     0.00000     0.00000
     1.88500    -0.03073     0.01271     0.00000     0.00000    -0.03125    -0.03695     0.00000     0.00000
     1.89000    -0.03042     0.01268     0.00000     0.00000    -0.03114    -0.03672     0.00000     0.00000
     1.89500    -0.03011     0.01266     0.00000     0.00000    -0.03103    -0.03650     0.00000     0.00000
     1.90000    -0.02980     0.01263     0.00000     0.00000    -0.03093    -0.03628     0.00000     0.00000
     1.90500    -0.02949     0.01260     0.00000     0.00000    -0.03082    -0.03606     0.00000     0.00000
     1.91000    -0.02919     0.01257     0.00000     0.00000    -0.03072    -0.03584     0.00000     0.00000
     1.91500    -0.02889     0.01255     0.00000     0.00000    -0.03061    -0.03563     0.00000     0.00000
     1.92000    -0.02859     0.01252     0.00000     0.00000    -0.03051    -0.03542     0.00000     0.00000
     1.92500    -0.02829     0.01249     0.00000     0.00000    -0.03040    -0.03520     0.00000     0.00000
     1.93000    -0.02800     0.01246     0.00000     0.00000    -0.03030    -0.03499     0.00000     0.00000
     1.93500    -0.02771     0.01243     0.00000     0.00000    -0.03019    -0.03479     0.00000     0.00000
     1.94000    -0.02742     0.01241     0.00000     0.00000    -0.03009    -0.03458     0.00000     0.00000
     1.94500    -0.02714     0.01238     0.00000     0.00000    -0.02999    -0.03437     0.00000     0.00000
     1.95000    -0.02686     0.01235     0.00000     0.00000    -0.02989    -0.03417     0.00000     0.00000
     1.95500    -0.02658     0.01232     0.00000     0.00000    -0.02979    -0.03397     0.00000     0.00000
     1.96000    -0.02630     0.01229     0.00000     0.00000    -0.02969    -0.03377     0.00000     0.00000
     1.96500    -0.02603     0.01226     0.00000     0.00000    -0.02959    -0.03357     0.00000     0.00000
     1.97000    -0.02575     0.01224     0.00000     0.00000    -0.02949    -0.03337     0.00000     0.00000
     1.97500    -0.02549     0.01221     0.00000     0.00000    -0.02939    -0.03318     0.00000     0.00000
     1.98000    -0.02522     0.01218     0.00000     0.00000    -0.02929    -0.03298     0.00000     0.00000
     1.98500    -0.02496     0.01215     0.00000     0.00000    -0.02919    -0.03279     0.00000     0.00000
     1.99000    -0.02469     0.01212     0.00000     0.00000    -0.02909    -0.03260     0.00000     0.00000
     1.99500    -0.02443     0.01209     0.00000     0.00000    -0.02900    -0.03241     0.00000     0.00000
     2.00000    -0.02418     0.01206     0.00000     0.00000    -0.02890    -0.03222     0.00000     0.00000
     2.00500    -0.02392     0.01203     0.00000     0.00000    -0.02880    -0.03204     0.00000     0.00000
     2.01000    -0.02367     0.01200     0.00000     0.00000    -0.02871    -0.03185     0.00000     0.00000
     2.01500    -0.02342     0.01197     0.00000     0.00000    -0.02861    -0.03167     0.00000     0.00000
     2.02000    -0.02317     0.01195     0.00000     0.00000    -0.02852    -0.03149     0.00000     0.00000
     2.02500    -0.02293     0.01192     0.00000     0.00000    -0.02842    -0.03130     0.00000     0.00000
     2.03000    -0.02269     0.01189     0.00000     0.00000    -0.02833    -0.03113     0.00000     0.00000
     2.03500    -0.02244     0.01186     0.00000     0.00000    -0.02824    -0.03095     0.00000     0.00000
     2.04000    -0.02221     0.01183     0.00000     0.00000    -0.02814    -0.03077     0.00000     0.00000
     2.04500    -0.02197     0.01180     0.00000     0.00000    -0.02805    -0.03060     0.00000     0.00000
     2.05000    -0.02174     0.01177     0.00000     0.00000    -0.02796    -0.03042     0.00000     0.00000
     2.05500    -0.02150     0.01174     0.00000     0.00000    -0.02787    -0.03025     0.00000     0.00000
     2.06000    -0.02128     0.01171     0.00000     0.00000    -0.02778    -0.03008     0.00000     0.00000
     2.06500    -0.02105     0.01168     0.00000     0.00000    -0.02769    -0.02991     0.00000     0.00000
     2.07000    -0.02082     0.01165     0.00000     0.00000    -0.02760    -0.02974     0.00000     0.00000
     2.07500    -0.02060     0.01162     0.00000     0.00000    -0.02751    -0.02957     0.00000     0.00000
     2.08000    -0.02038     0.01159     0.00000     0.00000    -0.02742    -0.02941     0.00000     0.00000
     2.08500    -0.02016     0.01156     0.00000     0.00000    -0.02733    -0.02924     0.00000     0.00000
     2.09000    -0.01994     0.01153     0.00000     0.00000    -0.02724    -0.02908     0.00000     0.00000
     2.09500    -0.01973     0.01150     0.00000     0.00000    -0.02715    -0.02891     0.00000     0.00000
     2.10000    -0.01951     0.01147     0.00000     0.00000    -0.02707    -0.02875     0.00000     0.00000
     2.10500    -0.01930     0.01144     0.00000     0.00000    -0.02698    -0.02859     0.00000     0.00000
     2.11000    -0.01909     0.01141     0.00000     0.00000    -0.02689    -0.02843     0.00000     0.00000
     2.11500    -0.01889     0.01138     0.00000     0.00000    -0.02681    -0.02828     0.00000     0.00000
     2.12000    -0.01868     0.01135     0.00000     0.00000    -0.02672    -0.02812     0.00000     0.00000
     2.12500    -0.01848     0.01132     0.00000     0.00000    -0.02663    -0.02797     0.00000     0.00000
     2.13000    -0.01828     0.01129     0.00000     0.00000    -0.02655    -0.02781     0.00000     0.00000
     2.13500    -0.01808     0.01126     0.00000     0.00000    -0.02646    -0.02766     0.00000     0.00000
     2.14000    -0.01788     0.01123     0.00000     0.00000    -0.02638    -0.02751     0.00000     0.00000
     2.14500    -0.01768     0.01120     0.00000     0.00000    -0.02630    -0.02736     0.00000     0.00000
     2.15000    -0.01749     0.01117     0.00000     0.00000    -0.02621    -0.02721     0.00000     0.00000
     2.15500    -0.01730     0.01114     0.00000     0.00000    -0.02613    -0.02706     0.00000     0.00000
     2.16000    -0.01711     0.01111     0.00000     0.00000    -0.02605    -0.02691     0.00000     0.00000
     2.16500    -0.01692     0.01108     0.00000     0.00000    -0.02597    -0.02676     0.00000     0.00000
     2.17000    -0.01673     0.01105     0.00000     0.00000    -0.02588    -0.02662     0.00000     0.00000
     2.17500    -0.01655     0.01102     0.00000     0.00000    -0.02580    -0.02647     0.00000     0.00000
     2.18000    -0.01637     0.01099     0.00000     0.00000    -0.02572    -0.02633     0.00000     0.00000
     2.18500    -0.01618     0.01095     0.00000     0.00000    -0.02564    -0.02619     0.00000     0.00000
     2.19000    -0.01600     0.01092     0.00000     0.00000    -0.02556    -0.02605     0.00000     0.00000
     2.19500    -0.01583     0.01089     0.00000     0.00000    -0.02548    -0.02591     0.00000     0.00000
     2.20000    -0.01565     0.01086     0.00000     0.00000    -0.02540    -0.02577     0.00000     0.00000
     2.20500    -0.01547     0.01083     0.00000     0.00000    -0.02532    -0.02563     0.00000     0.00000
     2.21000    -0.01530     0.01080     0.00000     0.00000    -0.02524    -0.02549     0.00000     0.00000
     2.21500    -0.01513     0.01077     0.00000     0.00000    -0.02516    -0.02536     0.00000     0.00000
     2.22000    -0.01496     0.01074     0.00000     0.00000    -0.02509    -0.02522     0.00000     0.00000
     2.22500    -0.01479     0.01071     0.00000     0.00000    -0.02501    -0.02509     0.00000     0.00000
     2.23000    -0.01463     0.01068     0.00000     0.00000    -0.02493    -0.02495     0.00000     0.00000
     2.23500    -0.01446     0.01065     0.00000     0.00000    -0.02485    -0.02482     0.00000     0.00000
     2.24000    -0.01430     0.01062     0.00000     0.00000    -0.02478    -0.02469     0.00000     0.00000
     2.24500    -0.01414     0.01059     0.00000     0.00000    -0.02470    -0.02456     0.00000     0.00000
     2.25000    -0.01398     0.01056     0.00000     0.00000    -0.02462    -0.02443     0.00000     0.00000
     2.25500    -0.01382     0.01053     0.00000     0.00000    -0.02455    -0.02430     0.00000     0.00000
     2.26000    -0.01366     0.01050     0.00000     0.00000    -0.02447    -0.02417     0.00000     0.00000
     2.26500    -0.01350     0.01047     0.00000     0.00000    -0.02440    -0.02405     0.00000     0.00000
     2.27000    -0.01335     0.01044     0.00000     0.00000    -0.02432    -0.02392     0.00000     0.00000
     2.27500    -0.01320     0.01041     0.00000     0.00000    -0.02425    -0.02380     0.00000     0.00000
     2.28000    -0.01304     0.01038     0.00000     0.00000    -0.02418    -0.02367     0.00000     0.00000
     2.28500    -0.01289     0.01035     0.00000     0.00000    -0.02410    -0.02355     0.00000     0.00000
     2.29000    -0.01275     0.01032     0.00000     0.00000    -0.02403    -0.02343     0.00000     0.00000
     2.29500    -0.01260     0.01029     0.00000     0.00000    -0.02396    -0.02331     0.00000     0.00000
     2.30000    -0.01245     0.01026     0.00000     0.00000    -0.02388    -0.02319     0.00000     0.00000
     2.30500    -0.01231     0.01023     0.00000     0.00000    -0.02381    -0.02307     0.00000     0.00000
     2.31000    -0.01217     0.01020     0.00000     0.00000    -0.02374    -0.02295     0.00000     0.00000
     2.31500    -0.01202     0.01017     0.00000     0.00000    -0.02367    -0.02283     0.00000     0.00000
     2.32000    -0.01188     0.01014     0.00000     0.00000    -0.02360    -0.02271     0.00000     0.00000
     2.32500    -0.01174     0.01011     0.00000     0.00000    -0.02353    -0.02259     0.00000     0.00000
     2.33000    -0.01161     0.01008     0.00000     0.00000    -0.02346    -0.02248     0.00000     0.00000
     2.33500    -0.01147     0.01005     0.00000     0.00000    -0.02339    -0.02236     0.00000     0.00000
     2.34000    -0.01134     0.01002     0.00000     0.00000    -0.02332    -0.02225     0.00000     0.00000
     2.34500    -0.01120     0.00999     0.00000     0.00000    -0.02325    -0.02214     0.00000     0.00000
     2.35000    -0.01107     0.00996     0.00000     0.00000    -0.02318    -0.02202     0.00000     0.00000
     2.35500    -0.01094     0.00993     0.00000     0.00000    -0.02311    -0.02191     0.00000     0.00000
     2.36000    -0.01081     0.00990     0.00000     0.00000    -0.02304    -0.02180     0.00000     0.00000
     2.36500    -0.01068     0.00987     0.00000     0.00000    -0.02297    -0.02169     0.00000     0.00000
     2.37000    -0.01055     0.00984     0.00000     0.00000    -0.02290    -0.02158     0.00000     0.00000
     2.37500    -0.01043     0.00981     0.00000     0.00000    -0.02283    -0.02147     0.00000     0.00000
     2.38000    -0.01030     0.00978     0.00000     0.00000    -0.02277    -0.02136     0.00000     0.00000
     2.38500    -0.01018     0.00975     0.00000     0.00000    -0.02270    -0.02126     0.00000     0.00000
     2.39000    -0.01006     0.00972     0.00000     0.00000    -0.02263    -0.02115     0.00000     0.00000
     2.39500    -0.00993     0.00969     0.00000     0.00000    -0.02257    -0.02104     0.00000     0.00000
     2.40000    -0.00981     0.00966     0.00000     0.00000    -0.02250    -0.02094     0.00000     0.00000
     2.40500    -0.00969     0.00963     0.00000     0.00000    -0.02243    -0.02083     0.00000     0.00000
     2.41000    -0.00958     0.00960     0.00000     0.00000    -0.02237    -0.02073     0.00000     0.00000
     2.41500    -0.00946     0.00957     0.00000     0.00000    -0.02230    -0.02063     0.00000     0.00000
     2.42000    -0.00934     0.00954     0.00000     0.00000    -0.02224    -0.02052     0.00000     0.00000
     2.42500    -0.00923     0.00951     0.00000     0.00000    -0.02217    -0.02042     0.00000     0.00000
     2.43000    -0.00912     0.00948     0.00000     0.00000    -0.02211    -0.02032     0.00000     0.00000
     2.43500    -0.00900     0.00945     0.00000     0.00000    -0.02204    -0.02022     0.00000     0.00000
     2.44000    -0.00889     0.00942     0.00000     0.00000    -0.02198    -0.02012     0.00000     0.00000
     2.44500    -0.00878     0.00939     0.00000     0.00000    -0.02192    -0.02002     0.00000     0.00000
     2.45000    -0.00867     0.00936     0.00000     0.00000    -0.02185    -0.01992     0.00000     0.00000
     2.45500    -0.00857     0.00933     0.00000     0.00000    -0.02179    -0.01983     0.00000     0.00000
     2.46000    -0.00846     0.00930     0.00000     0.00000    -0.02173    -0.01973     0.00000     0.00000
     2.46500    -0.00835     0.00927     0.00000     0.00000    -0.02166    -0.01963     0.00000     0.00000
     2.47000    -0.00825     0.00924     0.00000     0.00000    -0.02160    -0.01954     0.00000     0.00000
     2.47500    -0.00814     0.00921     0.00000     0.00000    -0.02154    -0.01944     0.00000     0.00000
     2.48000    -0.00804     0.00919     0.00000     0.00000    -0.02148    -0.01935     0.00000     0.00000
     2.48500    -0.00794     0.00916     0.00000     0.00000    -0.02142    -0.01925     0.00000     0.00000
     2.49000    -0.00784     0.00913     0.00000     0.00000    -0.02135    -0.01916     0.00000     0.00000
     2.49500    -0.00774     0.00910     0.00000     0.00000    -0.02129    -0.01907     0.00000     0.00000
     2.50000    -0.00764     0.00907     0.00000     0.00000    -0.02123    -0.01897     0.00000     0.00000
     2.50500    -0.00754     0.00904     0.00000     0.00000    -0.02117    -0.01888     0.00000     0.00000
     2.51000    -0.00745     0.00901     0.00000     0.00000    -0.02111    -0.01879     0.00000     0.00000
     2.51500    -0.00735     0.00898     0.00000     0.00000    -0.02105    -0.01870     0.00000     0.00000
     2.52000    -0.00725     0.00895     0.00000     0.00000    -0.02099    -0.01861     0.00000     0.00000
     2.52500    -0.00716     0.00892     0.00000     0.00000    -0.02093    -0.01852     0.00000     0.00000
     2.53000    -0.00707     0.00890     0.00000     0.00000    -0.02087    -0.01843     0.00000     0.00000
     2.53500    -0.00697     0.00887     0.00000     0.00000    -0.02081    -0.01835     0.00000     0.00000
     2.54000    -0.00688     0.00884     0.00000     0.00000    -0.02076    -0.01826     0.00000     0.00000
     2.54500    -0.00679     0.00881     0.00000     0.00000    -0.02070    -0.01817     0.00000     0.00000
     2.55000    -0.00670     0.00878     0.00000     0.00000    -0.02064    -0.01809     0.00000     0.00000
     2.55500    -0.00662     0.00875     0.00000     0.00000    -0.02058    -0.01800     0.00000     0.00000
     2.56000    -0.00653     0.00872     0.00000     0.00000    -0.02052    -0.01791     0.00000     0.00000
     2.56500    -0.00644     0.00870     0.00000     0.00000    -0.02047    -0.01783     0.00000     0.00000
     2.57000    -0.00635     0.00867     0.00000     0.00000    -0.02041    -0.01775     0.00000     0.00000
     2.57500    -0.00627     0.00864     0.00000     0.00000    -0.02035    -0.01766     0.00000     0.00000
     2.58000    -0.00618     0.00861     0.00000     0.00000    -0.02029    -0.01758     0.00000     0.00000
     2.58500    -0.00610     0.00858     0.00000     0.00000    -0.02024    -0.01750     0.00000     0.00000
     2.59000    -0.00602     0.00855     0.00000     0.00000    -0.02018    -0.01741     0.00000     0.00000
     2.59500    -0.00594     0.00853     0.00000     0.00000    -0.02013    -0.01733     0.00000     0.00000
     2.60000    -0.00586     0.00850     0.00000     0.00000    -0.02007    -0.01725     0.00000     0.00000
     2.60500    -0.00578     0.00847     0.00000     0.00000    -0.02001    -0.01717     0.00000     0.00000
     2.61000    -0.00570     0.00844     0.00000     0.00000    -0.01996    -0.01709     0.00000     0.00000
     2.61500    -0.00562     0.00841     0.00000     0.00000    -0.01990    -0.01701     0.00000     0.00000
     2.62000    -0.00554     0.00839     0.00000     0.00000    -0.01985    -0.01693     0.00000     0.00000
     2.62500    -0.00546     0.00836     0.00000     0.00000    -0.01979    -0.01685     0.00000     0.00000
     2.63000    -0.00539     0.00833     0.00000     0.00000    -0.01974    -0.01677     0.00000     0.00000
     2.63500    -0.00531     0.00830     0.00000     0.00000    -0.01968    -0.01670     0.00000     0.00000
     2.64000    -0.00524     0.00828     0.00000     0.00000    -0.01963    -0.01662     0.00000     0.00000
     2.64500    -0.00516     0.00825     0.00000     0.00000    -0.01958    -0.01654     0.00000     0.00000
     2.65000    -0.00509     0.00822     0.00000     0.00000    -0.01952    -0.01647     0.00000     0.00000
     2.65500    -0.00502     0.00819     0.00000     0.00000    -0.01947    -0.01639     0.00000     0.00000
     2.66000    -0.00494     0.00817     0.00000     0.00000    -0.01942    -0.01632     0.00000     0.00000
     2.66500    -0.00487     0.00814     0.00000     0.00000    -0.01936    -0.01624     0.00000     0.00000
     2.67000    -0.00480     0.00811     0.00000     0.00000    -0.01931    -0.01617     0.00000     0.00000
     2.67500    -0.00473     0.00808     0.00000     0.00000    -0.01926    -0.01609     0.00000     0.00000
     2.68000    -0.00466     0.00806     0.00000     0.00000    -0.01921    -0.01602     0.00000     0.00000
     2.68500    -0.00460     0.00803     0.00000     0.00000    -0.01915    -0.01595     0.00000     0.00000
     2.69000    -0.00453     0.00800     0.00000     0.00000    -0.01910    -0.01587     0.00000     0.00000
     2.69500    -0.00446     0.00798     0.00000     0.00000    -0.01905    -0.01580     0.00000     0.00000
     2.70000    -0.00440     0.00795     0.00000     0.00000    -0.01900    -0.01573     0.00000     0.00000
     2.70500    -0.00433     0.00792     0.00000     0.00000    -0.01895    -0.01566     0.00000     0.00000
     2.71000    -0.00427     0.00789     0.00000     0.00000    -0.01890    -0.01559     0.00000     0.00000
     2.71500    -0.00420     0.00787     0.00000     0.00000    -0.01885    -0.01552     0.00000     0.00000
     2.72000    -0.00414     0.00784     0.00000     0.00000    -0.01880    -0.01545     0.00000     0.00000
     2.72500    -0.00408     0.00781     0.00000     0.00000    -0.01875    -0.01538     0.00000     0.00000
     2.73000    -0.00401     0.00779     0.00000     0.00000    -0.01869    -0.01531     0.00000     0.00000
     2.73500    -0.00395     0.00776     0.00000     0.00000    -0.01864    -0.01524     0.00000     0.00000
     2.74000    -0.00389     0.00773     0.00000     0.00000    -0.01859    -0.01517     0.00000     0.00000
     2.74500    -0.00383     0.00771     0.00000     0.00000    -0.01855    -0.01510     0.00000     0.00000
     2.75000    -0.00377     0.00768     0.00000     0.00000    -0.01850    -0.01504     0.00000     0.00000
     2.75500    -0.00371     0.00765     0.00000     0.00000    -0.01845    -0.01497     0.00000     0.00000
     2.76000    -0.00365     0.00763     0.00000     0.00000    -0.01840    -0.01490     0.00000     0.00000
     2.76500    -0.00360     0.00760     0.00000     0.00000    -0.01835    -0.01484     0.00000     0.00000
     2.77000    -0.00354     0.00758     0.00000     0.00000    -0.01830    -0.01477     0.00000     0.00000
     2.77500    -0.00348     0.00755     0.00000     0.00000    -0.01825    -0.01471     0.00000     0.00000
     2.78000    -0.00343     0.00752     0.00000     0.00000    -0.01820    -0.01464     0.00000     0.00000
     2.78500    -0.00337     0.00750     0.00000     0.00000    -0.01816    -0.01458     0.00000     0.00000
     2.79000    -0.00332     0.00747     0.00000     0.00000    -0.01811    -0.01451     0.00000     0.00000
     2.79500    -0.00326     0.00745     0.00000     0.00000    -0.01806    -0.01445     0.00000     0.00000
     2.80000    -0.00321     0.00742     0.00000     0.00000    -0.01801    -0.01438     0.00000     0.00000
     2.80500    -0.00315     0.00739     0.00000     0.00000    -0.01797    -0.01432     0.00000     0.00000
     2.81000    -0.00310     0.00737     0.00000     0.00000    -0.01792    -0.01426     0.00000     0.00000
     2.81500    -0.00305     0.00734     0.00000     0.00000    -0.01787    -0.01420     0.00000     0.00000
     2.82000    -0.00300     0.00732     0.00000     0.00000    -0.01782    -0.01413     0.00000     0.00000
     2.82500    -0.00295     0.00729     0.00000     0.00000    -0.01778    -0.01407     0.00000     0.00000
     2.83000    -0.00290     0.00727     0.00000     0.00000    -0.01773    -0.01401     0.00000     0.00000
     2.83500    -0.00285     0.00724     0.00000     0.00000    -0.01769    -0.01395     0.00000     0.00000
     2.84000    -0.00280     0.00721     0.00000     0.00000    -0.01764    -0.01389     0.00000     0.00000
     2.84500    -0.00275     0.00719     0.00000     0.00000    -0.01759    -0.01383     0.00000     0.00000
     2.85000    -0.00270     0.00716     0.00000     0.00000    -0.01755    -0.01377     0.00000     0.00000
     2.85500    -0.00265     0.00714     0.00000     0.00000    -0.01750    -0.01371     0.00000     0.00000
     2.86000    -0.00260     0.00711     0.00000     0.00000    -0.01746    -0.01365     0.00000     0.00000
     2.86500    -0.00256     0.00709     0.00000     0.00000    -0.01741    -0.01359     0.00000     0.00000
     2.87000    -0.00251     0.00706     0.00000     0.00000    -0.01737    -0.01353     0.00000     0.00000
     2.87500    -0.00247     0.00704     0.00000     0.00000    -0.01732    -0.01347     0.00000     0.00000
     2.88000    -0.00242     0.00701     0.00000     0.00000    -0.01728    -0.01342     0.00000     0.00000
     2.88500    -0.00238     0.00699     0.00000     0.00000    -0.01723    -0.01336     0.00000     0.00000
     2.89000    -0.00233     0.00696     0.00000     0.00000    -0.01719    -0.01330     0.00000     0.00000
     2.89500    -0.00229     0.00694     0.00000     0.00000    -0.01714    -0.01324     0.00000     0.00000
     2.90000    -0.00224     0.00691     0.00000     0.00000    -0.01710    -0.01319     0.00000     0.00000
     2.90500    -0.00220     0.00689     0.00000     0.00000    -0.01706    -0.01313     0.00000     0.00000
     2.91000    -0.00216     0.00686     0.00000     0.00000    -0.01701    -0.01308     0.00000     0.00000
     2.91500    -0.00212     0.00684     0.00000     0.00000    -0.01697    -0.01302     0.00000     0.00000
     2.92000    -0.00207     0.00682     0.00000     0.00000    -0.01693    -0.01297     0.00000     0.00000
     2.92500    -0.00203     0.00679     0.00000     0.00000    -0.01688    -0.01291     0.00000     0.00000
     2.93000    -0.00199     0.00677     0.00000     0.00000    -0.01684    -0.01286     0.00000     0.00000
     2.93500    -0.00195     0.00674     0.00000     0.00000    -0.01680    -0.01280     0.00000     0.00000
     2.94000    -0.00191     0.00672     0.00000     0.00000    -0.01676    -0.01275     0.00000     0.00000
     2.94500    -0.00187     0.00669     0.00000     0.00000    -0.01671    -0.01269     0.00000     0.00000
     2.95000    -0.00183     0.00667     0.00000     0.00000    -0.01667    -0.01264     0.00000     0.00000
     2.95500    -0.00180     0.00665     0.00000     0.00000    -0.01663    -0.01259     0.00000     0.00000
     2.96000    -0.00176     0.00662     0.00000     0.00000    -0.01659    -0.01253     0.00000     0.00000
     2.96500    -0.00172     0.00660     0.00000     0.00000    -0.01654    -0.01248     0.00000     0.00000
     2.97000    -0.00168     0.00657     0.00000     0.00000    -0.01650    -0.01243     0.00000     0.00000
     2.97500    -0.00165     0.00655     0.00000     0.00000    -0.01646    -0.01238     0.00000     0.00000
     2.98000    -0.00161     0.00653     0.00000     0.00000    -0.01642    -0.01233     0.00000     0.00000
     2.98500    -0.00157     0.00650     0.00000     0.00000    -0.01638    -0.01227     0.00000     0.00000
     2.99000    -0.00154     0.00648     0.00000     0.00000    -0.01634    -0.01222     0.00000     0.00000
     2.99500    -0.00150     0.00646     0.00000     0.00000    -0.01630    -0.01217     0.00000     0.00000
     3.00000    -0.00147     0.00643     0.00000     0.00000    -0.01626    -0.01212     0.00000     0.00000
     3.00500    -0.00143     0.00641     0.00000     0.00000    -0.01622    -0.01207     0.00000     0.00000
     3.01000    -0.00140     0.00639     0.00000     0.00000    -0.01618    -0.01202     0.00000     0.00000
     3.01500    -0.00137     0.00636     0.00000     0.00000    -0.01613    -0.01197     0.00000     0.00000
     3.02000    -0.00133     0.00634     0.00000     0.00000    -0.01609    -0.01192     0.00000     0.00000
     3.02500    -0.00130     0.00632     0.00000     0.00000    -0.01605    -0.01187     0.00000     0.00000
     3.03000    -0.00127     0.00629     0.00000     0.00000    -0.01602    -0.01182     0.00000     0.00000
     3.03500    -0.00123     0.00627     0.00000     0.00000    -0.01598    -0.01178     0.00000     0.00000
     3.04000    -0.00120     0.00625     0.00000     0.00000    -0.01594    -0.01173     0.00000     0.00000
     3.04500    -0.00117     0.00622     0.00000     0.00000    -0.01590    -0.01168     0.00000     0.00000
     3.05000    -0.00114     0.00620     0.00000     0.00000    -0.01586    -0.01163     0.00000     0.00000
     3.05500    -0.00111     0.00618     0.00000     0.00000    -0.01582    -0.01158     0.00000     0.00000
     3.06000    -0.00108     0.00615     0.00000     0.00000    -0.01578    -0.01154     0.00000     0.00000
     3.06500    -0.00105     0.00613     0.00000     0.00000    -0.01574    -0.01149     0.00000     0.00000
     3.07000    -0.00102     0.00611     0.00000     0.00000    -0.01570    -0.01144     0.00000     0.00000
     3.07500    -0.00099     0.00609     0.00000     0.00000    -0.01566    -0.01140     0.00000     0.00000
     3.08000    -0.00096     0.00606     0.00000     0.00000    -0.01562    -0.01135     0.00000     0.00000
     3.08500    -0.00093     0.00604     0.00000     0.00000    -0.01559    -0.01130     0.00000     0.00000
     3.09000    -0.00090     0.00602     0.00000     0.00000    -0.01555    -0.01126     0.00000     0.00000
     3.09500    -0.00088     0.00600     0.00000     0.00000    -0.01551    -0.01121     0.00000     0.00000
     3.10000    -0.00085     0.00597     0.00000     0.00000    -0.01547    -0.01117     0.00000     0.00000
     3.10500    -0.00082     0.00595     0.00000     0.00000    -0.01544    -0.01112     0.00000     0.00000
     3.11000    -0.00079     0.00593     0.00000     0.00000    -0.01540    -0.01108     0.00000     0.00000
     3.11500    -0.00077     0.00591     0.00000     0.00000    -0.01536    -0.01103     0.00000     0.00000
     3.12000    -0.00074     0.00589     0.00000     0.00000    -0.01532    -0.01099     0.00000     0.00000
     3.12500    -0.00071     0.00586     0.00000     0.00000    -0.01529    -0.01095     0.00000     0.00000
     3.13000    -0.00069     0.00584     0.00000     0.00000    -0.01525    -0.01090     0.00000     0.00000
     3.13500    -0.00066     0.00582     0.00000     0.00000    -0.01521    -0.01086     0.00000     0.00000
     3.14000    -0.00064     0.00580     0.00000     0.00000    -0.01518    -0.01081     0.00000     0.00000
     3.14500    -0.00061     0.00578     0.00000     0.00000    -0.01514    -0.01077     0.00000     0.00000
     3.15000    -0.00059     0.00575     0.00000     0.00000    -0.01510    -0.01073     0.00000     0.00000
     3.15500    -0.00056     0.00573     0.00000     0.00000    -0.01507    -0.01069     0.00000     0.00000
     3.16000    -0.00054     0.00571     0.00000     0.00000    -0.01503    -0.01064     0.00000     0.00000
     3.16500    -0.00052     0.00569     0.00000     0.00000    -0.01499    -0.01060     0.00000     0.00000
     3.17000    -0.00049     0.00567     0.00000     0.00000    -0.01496    -0.01056     0.00000     0.00000
     3.17500    -0.00047     0.00565     0.00000     0.00000    -0.01492    -0.01052     0.00000     0.00000
     3.18000    -0.00045     0.00563     0.00000     0.00000    -0.01489    -0.01048     0.00000     0.00000
     3.18500    -0.00042     0.00560     0.00000     0.00000    -0.01485    -0.01043     0.00000     0.00000
     3.19000    -0.00040     0.00558     0.00000     0.00000    -0.01482    -0.01039     0.00000     0.00000
     3.19500    -0.00038     0.00556     0.00000     0.00000    -0.01478    -0.01035     0.00000     0.00000
     3.20000    -0.00036     0.00554     0.00000     0.00000    -0.01474    -0.01031     0.00000     0.00000
     3.20500    -0.00033     0.00552     0.00000     0.00000    -0.01471    -0.01027     0.00000     0.00000
     3.21000    -0.00031     0.00550     0.00000     0.00000    -0.01467    -0.01023     0.00000     0.00000
     3.21500    -0.00029     0.00548     0.00000     0.00000    -0.01464    -0.01019     0.00000     0.00000
     3.22000    -0.00027     0.00546     0.00000     0.00000    -0.01461    -0.01015     0.00000     0.00000
     3.22500    -0.00025     0.00544     0.00000     0.00000    -0.01457    -0.01011     0.00000     0.00000
     3.23000    -0.00023     0.00542     0.00000     0.00000    -0.01454    -0.01007     0.00000     0.00000
     3.23500    -0.00021     0.00540     0.00000     0.00000    -0.01450    -0.01003     0.00000     0.00000
     3.24000    -0.00019     0.00537     0.00000     0.00000    -0.01447    -0.00999     0.00000     0.00000
     3.24500    -0.00017     0.00535     0.00000     0.00000    -0.01443    -0.00996     0.00000     0.00000
     3.25000    -0.00015     0.00533     0.00000     0.00000    -0.01440    -0.00992     0.00000     0.00000
     3.25500    -0.00013     0.00531     0.00000     0.00000    -0.01437    -0.00988     0.00000     0.00000
     3.26000    -0.00011     0.00529     0.00000     0.00000    -0.01433    -0.00984     0.00000     0.00000
     3.26500    -0.00010     0.00527     0.00000     0.00000    -0.01430    -0.00980     0.00000     0.00000
     3.27000    -0.00008     0.00525     0.00000     0.00000    -0.01427    -0.00976     0.00000     0.00000
     3.27500    -0.00006     0.00523     0.00000     0.00000    -0.01423    -0.00973     0.00000     0.00000
     3.28000    -0.00004     0.00521     0.00000     0.00000    -0.01420    -0.00969     0.00000     0.00000
     3.28500    -0.00002     0.00519     0.00000     0.00000    -0.01417    -0.00965     0.00000     0.00000
     3.29000    -0.00001     0.00517     0.00000     0.00000    -0.01413    -0.00961     0.00000     0.00000
     3.29500     0.00001     0.00515     0.00000     0.00000    -0.01410    -0.00958     0.00000     0.00000
     3.30000     0.00003     0.00513     0.00000     0.00000    -0.01407    -0.00954     0.00000     0.00000
     3.30500     0.00004     0.00511     0.00000     0.00000    -0.01403    -0.00950     0.00000     0.00000
     3.31000     0.00006     0.00509     0.00000     0.00000    -0.01400    -0.00947     0.00000     0.00000
     3.31500     0.00008     0.00507     0.00000     0.00000    -0.01397    -0.00943     0.00000     0.00000
     3.32000     0.00009     0.00505     0.00000     0.00000    -0.01394    -0.00940     0.00000     0.00000
     3.32500     0.00011     0.00503     0.00000     0.00000    -0.01390    -0.00936     0.00000     0.00000
     3.33000     0.00013     0.00501     0.00000     0.00000    -0.01387    -0.00933     0.00000     0.00000
     3.33500     0.00014     0.00499     0.00000     0.00000    -0.01384    -0.00929     0.00000     0.00000
     3.34000     0.00016     0.00498     0.00000     0.00000    -0.01381    -0.00925     0.00000     0.00000
     3.34500     0.00017     0.00496     0.00000     0.00000    -0.01378    -0.00922     0.00000     0.00000
     3.35000     0.00019     0.00494     0.00000     0.00000    -0.01375    -0.00918     0.00000     0.00000
     3.35500     0.00020     0.00492     0.00000     0.00000    -0.01371    -0.00915     0.00000     0.00000
     3.36000     0.00022     0.00490     0.00000     0.00000    -0.01368    -0.00912     0.00000     0.00000
     3.36500     0.00023     0.00488     0.00000     0.00000    -0.01365    -0.00908     0.00000     0.00000
     3.37000     0.00024     0.00486     0.00000     0.00000    -0.01362    -0.00905     0.00000     0.00000
     3.37500     0.00026     0.00484     0.00000     0.00000    -0.01359    -0.00901     0.00000     0.00000
     3.38000     0.00027     0.00482     0.00000     0.00000    -0.01356    -0.00898     0.00000     0.00000
     3.38500     0.00028     0.00480     0.00000     0.00000    -0.01353    -0.00895     0.00000     0.00000
     3.39000     0.00030     0.00478     0.00000     0.00000    -0.01350    -0.00891     0.00000     0.00000
     3.39500     0.00031     0.00477     0.00000     0.00000    -0.01347    -0.00888     0.00000     0.00000
     3.40000     0.00032     0.00475     0.00000     0.00000    -0.01343    -0.00885     0.00000     0.00000
     3.40500     0.00034     0.00473     0.00000     0.00000    -0.01340    -0.00881     0.00000     0.00000
     3.41000     0.00035     0.00471     0.00000     0.00000    -0.01337    -0.00878     0.00000     0.00000
     3.41500     0.00036     0.00469     0.00000     0.00000    -0.01334    -0.00875     0.00000     0.00000
     3.42000     0.00037     0.00467     0.00000     0.00000    -0.01331    -0.00872     0.00000     0.00000
     3.42500     0.00039     0.00465     0.00000     0.00000    -0.01328    -0.00868     0.00000     0.00000
     3.43000     0.00040     0.00464     0.00000     0.00000    -0.01325    -0.00865     0.00000     0.00000
     3.43500     0.00041     0.00462     0.00000     0.00000    -0.01322    -0.00862     0.00000     0.00000
     3.44000     0.00042     0.00460     0.00000     0.00000    -0.01319    -0.00859     0.00000     0.00000
     3.44500     0.00043     0.00458     0.00000     0.00000    -0.01316    -0.00856     0.00000     0.00000
     3.45000     0.00044     0.00456     0.00000     0.00000    -0.01313    -0.00852     0.00000     0.00000
     3.45500     0.00046     0.00454     0.00000     0.00000    -0.01311    -0.00849     0.00000     0.00000
     3.46000     0.00047     0.00453     0.00000     0.00000    -0.01308    -0.00846     0.00000     0.00000
     3.46500     0.00048     0.00451     0.00000     0.00000    -0.01305    -0.00843     0.00000     0.00000
     3.47000     0.00049     0.00449     0.00000     0.00000    -0.01302    -0.00840     0.00000     0.00000
     3.47500     0.00050     0.00447     0.00000     0.00000    -0.01299    -0.00837     0.00000     0.00000
     3.48000     0.00051     0.00446     0.00000     0.00000    -0.01296    -0.00834     0.00000     0.00000
     3.48500     0.00052     0.00444     0.00000     0.00000    -0.01293    -0.00831     0.00000     0.00000
     3.49000     0.00053     0.00442     0.00000     0.00000    -0.01290    -0.00828     0.00000     0.00000
     3.49500     0.00054     0.00440     0.00000     0.00000    -0.01287    -0.00825     0.00000     0.00000
     3.50000     0.00055     0.00438     0.00000     0.00000    -0.01284    -0.00822     0.00000     0.00000
     3.50500     0.00056     0.00437     0.00000     0.00000    -0.01282    -0.00819     0.00000     0.00000
     3.51000     0.00057     0.00435     0.00000     0.00000    -0.01279    -0.00816     0.00000     0.00000
     3.51500     0.00058     0.00433     0.00000     0.00000    -0.01276    -0.00813     0.00000     0.00000
     3.52000     0.00059     0.00431     0.00000     0.00000    -0.01273    -0.00810     0.00000     0.00000
     3.52500     0.00060     0.00430     0.00000     0.00000    -0.01270    -0.00807     0.00000     0.00000
     3.53000     0.00060     0.00428     0.00000     0.00000    -0.01267    -0.00804     0.00000     0.00000
     3.53500     0.00061     0.00426     0.00000     0.00000    -0.01265    -0.00801     0.00000     0.00000
     3.54000     0.00062     0.00425     0.00000     0.00000    -0.01262    -0.00798     0.00000     0.00000
     3.54500     0.00063     0.00423     0.00000     0.00000    -0.01259    -0.00795     0.00000     0.00000
     3.55000     0.00064     0.00421     0.00000     0.00000    -0.01256    -0.00792     0.00000     0.00000
     3.55500     0.00065     0.00419     0.00000     0.00000    -0.01254    -0.00790     0.00000     0.00000
     3.56000     0.00065     0.00418     0.00000     0.00000    -0.01251    -0.00787     0.00000     0.00000
     3.56500     0.00066     0.00416     0.00000     0.00000    -0.01248    -0.00784     0.00000     0.00000
     3.57000     0.00067     0.00414     0.00000     0.00000    -0.01245    -0.00781     0.00000     0.00000
     3.57500     0.00068     0.00413     0.00000     0.00000    -0.01243    -0.00778     0.00000     0.00000
     3.58000     0.00069     0.00411     0.00000     0.00000    -0.01240    -0.00776     0.00000     0.00000
     3.58500     0.00069     0.00409     0.00000     0.00000    -0.01237    -0.00773     0.00000     0.00000
     3.59000     0.00070     0.00408     0.00000     0.00000    -0.01235    -0.00770     0.00000     0.00000
     3.59500     0.00071     0.00406     0.00000     0.00000    -0.01232    -0.00767     0.00000     0.00000
     3.60000     0.00071     0.00404     0.00000     0.00000    -0.01229    -0.00765     0.00000     0.00000
     3.60500     0.00072     0.00403     0.00000     0.00000    -0.01227    -0.00762     0.00000     0.00000
     3.61000     0.00073     0.00401     0.00000     0.00000    -0.01224    -0.00759     0.00000     0.00000
     3.61500     0.00073     0.00400     0.00000     0.00000    -0.01221    -0.00757     0.00000     0.00000
     3.62000     0.00074     0.00398     0.00000     0.00000    -0.01219    -0.00754     0.00000     0.00000
     3.62500     0.00075     0.00396     0.00000     0.00000    -0.01216    -0.00751     0.00000     0.00000
     3.63000     0.00075     0.00395     0.00000     0.00000    -0.01213    -0.00749     0.00000     0.00000
     3.63500     0.00076     0.00393     0.00000     0.00000    -0.01211    -0.00746     0.00000     0.00000
     3.64000     0.00077     0.00391     0.00000     0.00000    -0.01208    -0.00743     0.00000     0.00000
     3.64500     0.00077     0.00390     0.00000     0.00000    -0.01206    -0.00741     0.00000     0.00000
     3.65000     0.00078     0.00388     0.00000     0.00000    -0.01203    -0.00738     0.00000     0.00000
     3.65500     0.00078     0.00387     0.00000     0.00000    -0.01200    -0.00735     0.00000     0.00000
     3.66000     0.00079     0.00385     0.00000     0.00000    -0.01198    -0.00733     0.00000     0.00000
     3.66500     0.00080     0.00384     0.00000     0.00000    -0.01195    -0.00730     0.00000     0.00000
     3.67000     0.00080     0.00382     0.00000     0.00000    -0.01193    -0.00728     0.00000     0.00000
     3.67500     0.00081     0.00380     0.00000     0.00000    -0.01190    -0.00725     0.00000     0.00000
     3.68000     0.00081     0.00379     0.00000     0.00000    -0.01188    -0.00723     0.00000     0.00000
     3.68500     0.00082     0.00377     0.00000     0.00000    -0.01185    -0.00720     0.00000     0.00000
     3.69000     0.00082     0.00376     0.00000     0.00000    -0.01182    -0.00718     0.00000     0.00000
     3.69500     0.00083     0.00374     0.00000     0.00000    -0.01180    -0.00715     0.00000     0.00000
     3.70000     0.00083     0.00373     0.00000     0.00000    -0.01177    -0.00713     0.00000     0.00000
     3.70500     0.00084     0.00371     0.00000     0.00000    -0.01175    -0.00710     0.00000     0.00000
     3.71000     0.00084     0.00370     0.00000     0.00000    -0.01172    -0.00708     0.00000     0.00000
     3.71500     0.00085     0.00368     0.00000     0.00000    -0.01170    -0.00705     0.00000     0.00000
     3.72000     0.00085     0.00367     0.00000     0.00000    -0.01167    -0.00703     0.00000     0.00000
     3.72500     0.00085     0.00365     0.00000     0.00000    -0.01165    -0.00701     0.00000     0.00000
     3.73000     0.00086     0.00363     0.00000     0.00000    -0.01163    -0.00698     0.00000     0.00000
     3.73500     0.00086     0.00362     0.00000     0.00000    -0.01160    -0.00696     0.00000     0.00000
     3.74000     0.00087     0.00360     0.00000     0.00000    -0.01158    -0.00693     0.00000     0.00000
     3.74500     0.00087     0.00359     0.00000     0.00000    -0.01155    -0.00691     0.00000     0.00000
     3.75000     0.00088     0.00358     0.00000     0.00000    -0.01153    -0.00689     0.00000     0.00000
     3.75500     0.00088     0.00356     0.00000     0.00000    -0.01150    -0.00686     0.00000     0.00000
     3.76000     0.00088     0.00355     0.00000     0.00000    -0.01148    -0.00684     0.00000     0.00000
     3.76500     0.00089     0.00353     0.00000     0.00000    -0.01146    -0.00682     0.00000     0.00000
     3.77000     0.00089     0.00352     0.00000     0.00000    -0.01143    -0.00679     0.00000     0.00000
     3.77500     0.00089     0.00350     0.00000     0.00000    -0.01141    -0.00677     0.00000     0.00000
     3.78000     0.00090     0.00349     0.00000     0.00000    -0.01138    -0.00675     0.00000     0.00000
     3.78500     0.00090     0.00347     0.00000     0.00000    -0.01136    -0.00672     0.00000     0.00000
     3.79000     0.00090     0.00346     0.00000     0.00000    -0.01134    -0.00670     0.00000     0.00000
     3.79500     0.00091     0.00344     0.00000     0.00000    -0.01131    -0.00668     0.00000     0.00000
     3.80000     0.00091     0.00343     0.00000     0.00000    -0.01129    -0.00665     0.00000     0.00000
     3.80500     0.00091     0.00341     0.00000     0.00000    -0.01127    -0.00663     0.00000     0.00000
     3.81000     0.00092     0.00340     0.00000     0.00000    -0.01124    -0.00661     0.00000     0.00000
     3.81500     0.00092     0.00339     0.00000     0.00000    -0.01122    -0.00659     0.00000     0.00000
     3.82000     0.00092     0.00337     0.00000     0.00000    -0.01120    -0.00657     0.00000     0.00000
     3.82500     0.00092     0.00336     0.00000     0.00000    -0.01117    -0.00654     0.00000     0.00000
     3.83000     0.00093     0.00334     0.00000     0.00000    -0.01115    -0.00652     0.00000     0.00000
     3.83500     0.00093     0.00333     0.00000     0.00000    -0.01113    -0.00650     0.00000     0.00000
     3.84000     0.00093     0.00332     0.00000     0.00000    -0.01110    -0.00648     0.00000     0.00000
     3.84500     0.00094     0.00330     0.00000     0.00000    -0.01108    -0.00646     0.00000     0.00000
     3.85000     0.00094     0.00329     0.00000     0.00000    -0.01106    -0.00643     0.00000     0.00000
     3.85500     0.00094     0.00327     0.00000     0.00000    -0.01103    -0.00641     0.00000     0.00000
     3.86000     0.00094     0.00326     0.00000     0.00000    -0.01101    -0.00639     0.00000     0.00000
     3.86500     0.00094     0.00325     0.00000     0.00000    -0.01099    -0.00637     0.00000     0.00000
     3.87000     0.00095     0.00323     0.00000     0.00000    -0.01097    -0.00635     0.00000     0.00000
     3.87500     0.00095     0.00322     0.00000     0.00000    -0.01094    -0.00633     0.00000     0.00000
     3.88000     0.00095     0.00321     0.00000     0.00000    -0.01092    -0.00631     0.00000     0.00000
     3.88500     0.00095     0.00319     0.00000     0.00000    -0.01090    -0.00629     0.00000     0.00000
     3.89000     0.00095     0.00318     0.00000     0.00000    -0.01088    -0.00626     0.00000     0.00000
     3.89500     0.00096     0.00316     0.00000     0.00000    -0.01086    -0.00624     0.00000     0.00000
     3.90000     0.00096     0.00315     0.00000     0.00000    -0.01083    -0.00622     0.00000     0.00000
     3.90500     0.00096     0.00314     0.00000     0.00000    -0.01081    -0.00620     0.00000     0.00000
     3.91000     0.00096     0.00312     0.00000     0.00000    -0.01079    -0.00618     0.00000     0.00000
     3.91500     0.00096     0.00311     0.00000     0.00000    -0.01077    -0.00616     0.00000     0.00000
     3.92000     0.00096     0.00310     0.00000     0.00000    -0.01075    -0.00614     0.00000     0.00000
     3.92500     0.00097     0.00308     0.00000     0.00000    -0.01072    -0.00612     0.00000     0.00000
     3.93000     0.00097     0.00307     0.00000     0.00000    -0.01070    -0.00610     0.00000     0.00000
     3.93500     0.00097     0.00306     0.00000     0.00000    -0.01068    -0.00608     0.00000     0.00000
     3.94000     0.00097     0.00305     0.00000     0.00000    -0.01066    -0.00606     0.00000     0.00000
     3.94500     0.00097     0.00303     0.00000     0.00000    -0.01064    -0.00604     0.00000     0.00000
     3.95000     0.00097     0.00302     0.00000     0.00000    -0.01062    -0.00602     0.00000     0.00000
     3.95500     0.00097     0.00301     0.00000     0.00000    -0.01059    -0.00600     0.00000     0.00000
     3.96000     0.00097     0.00299     0.00000     0.00000    -0.01057    -0.00598     0.00000     0.00000
     3.96500     0.00098     0.00298     0.00000     0.00000    -0.01055    -0.00596     0.00000     0.00000
     3.97000     0.00098     0.00297     0.00000     0.00000    -0.01053    -0.00594     0.00000     0.00000
     3.97500     0.00098     0.00296     0.00000     0.00000    -0.01051    -0.00592     0.00000     0.00000
     3.98000     0.00098     0.00294     0.00000     0.00000    -0.01049    -0.00590     0.00000     0.00000
     3.98500     0.00098     0.00293     0.00000     0.00000    -0.01047    -0.00588     0.00000     0.00000
     3.99000     0.00098     0.00292     0.00000     0.00000    -0.01045    -0.00587     0.00000     0.00000
     3.99500     0.00098     0.00291     0.00000     0.00000    -0.01042    -0.00585     0.00000     0.00000
     4.00000     0.00098     0.00289     0.00000     0.00000    -0.01040    -0.00583     0.00000     0.00000
