 # P13_1720 FF
     0.00000     0.31023    -0.74754    -0.11474     0.00000     0.00000     0.00000     0.00000     0.00000
     0.00500     0.30710    -0.73168    -0.13226     0.00000     0.00000     0.00000     0.00000     0.00000
     0.01000     0.30401    -0.71615    -0.14920     0.00000     0.00000     0.00000     0.00000     0.00000
     0.01500     0.30096    -0.70095    -0.16556     0.00000     0.00000     0.00000     0.00000     0.00000
     0.02000     0.29795    -0.68607    -0.18136     0.00000     0.00000     0.00000     0.00000     0.00000
     0.02500     0.29498    -0.67150    -0.19662     0.00000     0.00000     0.00000     0.00000     0.00000
     0.03000     0.29204    -0.65723    -0.21136     0.00000     0.00000     0.00000     0.00000     0.00000
     0.03500     0.28914    -0.64327    -0.22559     0.00000     0.00000     0.00000     0.00000     0.00000
     0.04000     0.28628    -0.62959    -0.23932     0.00000     0.00000     0.00000     0.00000     0.00000
     0.04500     0.28345    -0.61621    -0.25256     0.00000     0.00000     0.00000     0.00000     0.00000
     0.05000     0.28066    -0.60310    -0.26534     0.00000     0.00000     0.00000     0.00000     0.00000
     0.05500     0.27790    -0.59026    -0.27767     0.00000     0.00000     0.00000     0.00000     0.00000
     0.06000     0.27518    -0.57769    -0.28955     0.00000     0.00000     0.00000     0.00000     0.00000
     0.06500     0.27249    -0.56538    -0.30099     0.00000     0.00000     0.00000     0.00000     0.00000
     0.07000     0.26983    -0.55333    -0.31203     0.00000     0.00000     0.00000     0.00000     0.00000
     0.07500     0.26720    -0.54153    -0.32265     0.00000     0.00000     0.00000     0.00000     0.00000
     0.08000     0.26460    -0.52997    -0.33288     0.00000     0.00000     0.00000     0.00000     0.00000
     0.08500     0.26204    -0.51865    -0.34272     0.00000     0.00000     0.00000     0.00000     0.00000
     0.09000     0.25950    -0.50756    -0.35219     0.00000     0.00000     0.00000     0.00000     0.00000
     0.09500     0.25700    -0.49670    -0.36130     0.00000     0.00000     0.00000     0.00000     0.00000
     0.10000     0.25452    -0.48606    -0.37006     0.00000     0.00000     0.00000     0.00000     0.00000
     0.10500     0.25208    -0.47565    -0.37847     0.00000     0.00000     0.00000     0.00000     0.00000
     0.11000     0.24966    -0.46544    -0.38655     0.00000     0.00000     0.00000     0.00000     0.00000
     0.11500     0.24727    -0.45545    -0.39430     0.00000     0.00000     0.00000     0.00000     0.00000
     0.12000     0.24490    -0.44566    -0.40174     0.00000     0.00000     0.00000     0.00000     0.00000
     0.12500     0.24257    -0.43607    -0.40888     0.00000     0.00000     0.00000     0.00000     0.00000
     0.13000     0.24026    -0.42667    -0.41572     0.00000     0.00000     0.00000     0.00000     0.00000
     0.13500     0.23798    -0.41747    -0.42227     0.00000     0.00000     0.00000     0.00000     0.00000
     0.14000     0.23572    -0.40845    -0.42854     0.00000     0.00000     0.00000     0.00000     0.00000
     0.14500     0.23349    -0.39962    -0.43453     0.00000     0.00000     0.00000     0.00000     0.00000
     0.15000     0.23128    -0.39096    -0.44027     0.00000     0.00000     0.00000     0.00000     0.00000
     0.15500     0.22910    -0.38248    -0.44574     0.00000     0.00000     0.00000     0.00000     0.00000
     0.16000     0.22695    -0.37418    -0.45096     0.00000     0.00000     0.00000     0.00000     0.00000
     0.16500     0.22481    -0.36604    -0.45595     0.00000     0.00000     0.00000     0.00000     0.00000
     0.17000     0.22271    -0.35806    -0.46069     0.00000     0.00000     0.00000     0.00000     0.00000
     0.17500     0.22062    -0.35025    -0.46521     0.00000     0.00000     0.00000     0.00000     0.00000
     0.18000     0.21856    -0.34259    -0.46950     0.00000     0.00000     0.00000     0.00000     0.00000
     0.18500     0.21652    -0.33509    -0.47358     0.00000     0.00000     0.00000     0.00000     0.00000
     0.19000     0.21450    -0.32774    -0.47744     0.00000     0.00000     0.00000     0.00000     0.00000
     0.19500     0.21250    -0.32054    -0.48111     0.00000     0.00000     0.00000     0.00000     0.00000
     0.20000     0.21053    -0.31348    -0.48457     0.00000     0.00000     0.00000     0.00000     0.00000
     0.20500     0.20858    -0.30656    -0.48784     0.00000     0.00000     0.00000     0.00000     0.00000
     0.21000     0.20665    -0.29978    -0.49092     0.00000     0.00000     0.00000     0.00000     0.00000
     0.21500     0.20474    -0.29314    -0.49383     0.00000     0.00000     0.00000     0.00000     0.00000
     0.22000     0.20285    -0.28663    -0.49655     0.00000     0.00000     0.00000     0.00000     0.00000
     0.22500     0.20098    -0.28025    -0.49911     0.00000     0.00000     0.00000     0.00000     0.00000
     0.23000     0.19913    -0.27400    -0.50149     0.00000     0.00000     0.00000     0.00000     0.00000
     0.23500     0.19730    -0.26787    -0.50372     0.00000     0.00000     0.00000     0.00000     0.00000
     0.24000     0.19549    -0.26186    -0.50579     0.00000     0.00000     0.00000     0.00000     0.00000
     0.24500     0.19370    -0.25598    -0.50771     0.00000     0.00000     0.00000     0.00000     0.00000
     0.25000     0.19192    -0.25021    -0.50947     0.00000     0.00000     0.00000     0.00000     0.00000
     0.25500     0.19017    -0.24455    -0.51110     0.00000     0.00000     0.00000     0.00000     0.00000
     0.26000     0.18843    -0.23901    -0.51259     0.00000     0.00000     0.00000     0.00000     0.00000
     0.26500     0.18672    -0.23358    -0.51394     0.00000     0.00000     0.00000     0.00000     0.00000
     0.27000     0.18502    -0.22825    -0.51515     0.00000     0.00000     0.00000     0.00000     0.00000
     0.27500     0.18334    -0.22303    -0.51625     0.00000     0.00000     0.00000     0.00000     0.00000
     0.28000     0.18167    -0.21792    -0.51721     0.00000     0.00000     0.00000     0.00000     0.00000
     0.28500     0.18002    -0.21290    -0.51806     0.00000     0.00000     0.00000     0.00000     0.00000
     0.29000     0.17839    -0.20799    -0.51880     0.00000     0.00000     0.00000     0.00000     0.00000
     0.29500     0.17678    -0.20317    -0.51941     0.00000     0.00000     0.00000     0.00000     0.00000
     0.30000     0.17518    -0.19845    -0.51992     0.00000     0.00000     0.00000     0.00000     0.00000
     0.30500     0.17360    -0.19382    -0.52033     0.00000     0.00000     0.00000     0.00000     0.00000
     0.31000     0.17204    -0.18928    -0.52063     0.00000     0.00000     0.00000     0.00000     0.00000
     0.31500     0.17049    -0.18483    -0.52083     0.00000     0.00000     0.00000     0.00000     0.00000
     0.32000     0.16896    -0.18047    -0.52093     0.00000     0.00000     0.00000     0.00000     0.00000
     0.32500     0.16744    -0.17620    -0.52094     0.00000     0.00000     0.00000     0.00000     0.00000
     0.33000     0.16594    -0.17201    -0.52086     0.00000     0.00000     0.00000     0.00000     0.00000
     0.33500     0.16446    -0.16790    -0.52069     0.00000     0.00000     0.00000     0.00000     0.00000
     0.34000     0.16298    -0.16387    -0.52044     0.00000     0.00000     0.00000     0.00000     0.00000
     0.34500     0.16153    -0.15993    -0.52010     0.00000     0.00000     0.00000     0.00000     0.00000
     0.35000     0.16009    -0.15606    -0.51968     0.00000     0.00000     0.00000     0.00000     0.00000
     0.35500     0.15866    -0.15226    -0.51919     0.00000     0.00000     0.00000     0.00000     0.00000
     0.36000     0.15724    -0.14855    -0.51862     0.00000     0.00000     0.00000     0.00000     0.00000
     0.36500     0.15585    -0.14490    -0.51798     0.00000     0.00000     0.00000     0.00000     0.00000
     0.37000     0.15446    -0.14133    -0.51727     0.00000     0.00000     0.00000     0.00000     0.00000
     0.37500     0.15309    -0.13782    -0.51648     0.00000     0.00000     0.00000     0.00000     0.00000
     0.38000     0.15173    -0.13439    -0.51564     0.00000     0.00000     0.00000     0.00000     0.00000
     0.38500     0.15039    -0.13102    -0.51473     0.00000     0.00000     0.00000     0.00000     0.00000
     0.39000     0.14905    -0.12772    -0.51376     0.00000     0.00000     0.00000     0.00000     0.00000
     0.39500     0.14774    -0.12449    -0.51272     0.00000     0.00000     0.00000     0.00000     0.00000
     0.40000     0.14643    -0.12132    -0.51163     0.00000     0.00000     0.00000     0.00000     0.00000
     0.40500     0.14514    -0.11821    -0.51049     0.00000     0.00000     0.00000     0.00000     0.00000
     0.41000     0.14386    -0.11516    -0.50929     0.00000     0.00000     0.00000     0.00000     0.00000
     0.41500     0.14259    -0.11217    -0.50804     0.00000     0.00000     0.00000     0.00000     0.00000
     0.42000     0.14134    -0.10924    -0.50674     0.00000     0.00000     0.00000     0.00000     0.00000
     0.42500     0.14009    -0.10637    -0.50539     0.00000     0.00000     0.00000     0.00000     0.00000
     0.43000     0.13886    -0.10356    -0.50399     0.00000     0.00000     0.00000     0.00000     0.00000
     0.43500     0.13764    -0.10080    -0.50255     0.00000     0.00000     0.00000     0.00000     0.00000
     0.44000     0.13644    -0.09809    -0.50107     0.00000     0.00000     0.00000     0.00000     0.00000
     0.44500     0.13524    -0.09544    -0.49954     0.00000     0.00000     0.00000     0.00000     0.00000
     0.45000     0.13406    -0.09284    -0.49798     0.00000     0.00000     0.00000     0.00000     0.00000
     0.45500     0.13289    -0.09030    -0.49637     0.00000     0.00000     0.00000     0.00000     0.00000
     0.46000     0.13172    -0.08780    -0.49473     0.00000     0.00000     0.00000     0.00000     0.00000
     0.46500     0.13057    -0.08535    -0.49305     0.00000     0.00000     0.00000     0.00000     0.00000
     0.47000     0.12943    -0.08295    -0.49133     0.00000     0.00000     0.00000     0.00000     0.00000
     0.47500     0.12831    -0.08060    -0.48959     0.00000     0.00000     0.00000     0.00000     0.00000
     0.48000     0.12719    -0.07829    -0.48781     0.00000     0.00000     0.00000     0.00000     0.00000
     0.48500     0.12608    -0.07603    -0.48600     0.00000     0.00000     0.00000     0.00000     0.00000
     0.49000     0.12499    -0.07382    -0.48416     0.00000     0.00000     0.00000     0.00000     0.00000
     0.49500     0.12390    -0.07165    -0.48229     0.00000     0.00000     0.00000     0.00000     0.00000
     0.50000     0.12282    -0.06952    -0.48039     0.00000     0.00000     0.00000     0.00000     0.00000
     0.50500     0.12176    -0.06744    -0.47847     0.00000     0.00000     0.00000     0.00000     0.00000
     0.51000     0.12070    -0.06539    -0.47652     0.00000     0.00000     0.00000     0.00000     0.00000
     0.51500     0.11966    -0.06339    -0.47455     0.00000     0.00000     0.00000     0.00000     0.00000
     0.52000     0.11862    -0.06142    -0.47256     0.00000     0.00000     0.00000     0.00000     0.00000
     0.52500     0.11760    -0.05950    -0.47054     0.00000     0.00000     0.00000     0.00000     0.00000
     0.53000     0.11658    -0.05761    -0.46851     0.00000     0.00000     0.00000     0.00000     0.00000
     0.53500     0.11557    -0.05577    -0.46645     0.00000     0.00000     0.00000     0.00000     0.00000
     0.54000     0.11458    -0.05396    -0.46438     0.00000     0.00000     0.00000     0.00000     0.00000
     0.54500     0.11359    -0.05218    -0.46228     0.00000     0.00000     0.00000     0.00000     0.00000
     0.55000     0.11261    -0.05044    -0.46017     0.00000     0.00000     0.00000     0.00000     0.00000
     0.55500     0.11164    -0.04874    -0.45805     0.00000     0.00000     0.00000     0.00000     0.00000
     0.56000     0.11068    -0.04707    -0.45590     0.00000     0.00000     0.00000     0.00000     0.00000
     0.56500     0.10973    -0.04543    -0.45375     0.00000     0.00000     0.00000     0.00000     0.00000
     0.57000     0.10878    -0.04383    -0.45158     0.00000     0.00000     0.00000     0.00000     0.00000
     0.57500     0.10785    -0.04226    -0.44939     0.00000     0.00000     0.00000     0.00000     0.00000
     0.58000     0.10692    -0.04072    -0.44720     0.00000     0.00000     0.00000     0.00000     0.00000
     0.58500     0.10601    -0.03921    -0.44499     0.00000     0.00000     0.00000     0.00000     0.00000
     0.59000     0.10510    -0.03773    -0.44277     0.00000     0.00000     0.00000     0.00000     0.00000
     0.59500     0.10420    -0.03629    -0.44054     0.00000     0.00000     0.00000     0.00000     0.00000
     0.60000     0.10331    -0.03487    -0.43830     0.00000     0.00000     0.00000     0.00000     0.00000
     0.60500     0.10242    -0.03348    -0.43605     0.00000     0.00000     0.00000     0.00000     0.00000
     0.61000     0.10155    -0.03212    -0.43380     0.00000     0.00000     0.00000     0.00000     0.00000
     0.61500     0.10068    -0.03079    -0.43153     0.00000     0.00000     0.00000     0.00000     0.00000
     0.62000     0.09982    -0.02948    -0.42926     0.00000     0.00000     0.00000     0.00000     0.00000
     0.62500     0.09897    -0.02820    -0.42699     0.00000     0.00000     0.00000     0.00000     0.00000
     0.63000     0.09812    -0.02695    -0.42470     0.00000     0.00000     0.00000     0.00000     0.00000
     0.63500     0.09729    -0.02572    -0.42242     0.00000     0.00000     0.00000     0.00000     0.00000
     0.64000     0.09646    -0.02452    -0.42012     0.00000     0.00000     0.00000     0.00000     0.00000
     0.64500     0.09564    -0.02335    -0.41783     0.00000     0.00000     0.00000     0.00000     0.00000
     0.65000     0.09482    -0.02219    -0.41553     0.00000     0.00000     0.00000     0.00000     0.00000
     0.65500     0.09402    -0.02107    -0.41322     0.00000     0.00000     0.00000     0.00000     0.00000
     0.66000     0.09322    -0.01996    -0.41091     0.00000     0.00000     0.00000     0.00000     0.00000
     0.66500     0.09243    -0.01888    -0.40861     0.00000     0.00000     0.00000     0.00000     0.00000
     0.67000     0.09164    -0.01782    -0.40629     0.00000     0.00000     0.00000     0.00000     0.00000
     0.67500     0.09086    -0.01678    -0.40398     0.00000     0.00000     0.00000     0.00000     0.00000
     0.68000     0.09009    -0.01577    -0.40167     0.00000     0.00000     0.00000     0.00000     0.00000
     0.68500     0.08933    -0.01478    -0.39935     0.00000     0.00000     0.00000     0.00000     0.00000
     0.69000     0.08857    -0.01380    -0.39704     0.00000     0.00000     0.00000     0.00000     0.00000
     0.69500     0.08782    -0.01285    -0.39473     0.00000     0.00000     0.00000     0.00000     0.00000
     0.70000     0.08708    -0.01192    -0.39241     0.00000     0.00000     0.00000     0.00000     0.00000
     0.70500     0.08634    -0.01101    -0.39010     0.00000     0.00000     0.00000     0.00000     0.00000
     0.71000     0.08561    -0.01012    -0.38779     0.00000     0.00000     0.00000     0.00000     0.00000
     0.71500     0.08489    -0.00924    -0.38548     0.00000     0.00000     0.00000     0.00000     0.00000
     0.72000     0.08417    -0.00839    -0.38317     0.00000     0.00000     0.00000     0.00000     0.00000
     0.72500     0.08346    -0.00755    -0.38086     0.00000     0.00000     0.00000     0.00000     0.00000
     0.73000     0.08276    -0.00673    -0.37856     0.00000     0.00000     0.00000     0.00000     0.00000
     0.73500     0.08206    -0.00593    -0.37626     0.00000     0.00000     0.00000     0.00000     0.00000
     0.74000     0.08137    -0.00515    -0.37396     0.00000     0.00000     0.00000     0.00000     0.00000
     0.74500     0.08068    -0.00439    -0.37167     0.00000     0.00000     0.00000     0.00000     0.00000
     0.75000     0.08000    -0.00364    -0.36938     0.00000     0.00000     0.00000     0.00000     0.00000
     0.75500     0.07933    -0.00291    -0.36710     0.00000     0.00000     0.00000     0.00000     0.00000
     0.76000     0.07866    -0.00219    -0.36481     0.00000     0.00000     0.00000     0.00000     0.00000
     0.76500     0.07800    -0.00149    -0.36254     0.00000     0.00000     0.00000     0.00000     0.00000
     0.77000     0.07735    -0.00080    -0.36027     0.00000     0.00000     0.00000     0.00000     0.00000
     0.77500     0.07670    -0.00013    -0.35800     0.00000     0.00000     0.00000     0.00000     0.00000
     0.78000     0.07605     0.00052    -0.35574     0.00000     0.00000     0.00000     0.00000     0.00000
     0.78500     0.07542     0.00116    -0.35348     0.00000     0.00000     0.00000     0.00000     0.00000
     0.79000     0.07478     0.00179    -0.35123     0.00000     0.00000     0.00000     0.00000     0.00000
     0.79500     0.07416     0.00240    -0.34899     0.00000     0.00000     0.00000     0.00000     0.00000
     0.80000     0.07353     0.00299    -0.34675     0.00000     0.00000     0.00000     0.00000     0.00000
     0.80500     0.07292     0.00358    -0.34452     0.00000     0.00000     0.00000     0.00000     0.00000
     0.81000     0.07231     0.00415    -0.34229     0.00000     0.00000     0.00000     0.00000     0.00000
     0.81500     0.07170     0.00470    -0.34007     0.00000     0.00000     0.00000     0.00000     0.00000
     0.82000     0.07110     0.00525    -0.33786     0.00000     0.00000     0.00000     0.00000     0.00000
     0.82500     0.07051     0.00578    -0.33565     0.00000     0.00000     0.00000     0.00000     0.00000
     0.83000     0.06992     0.00630    -0.33346     0.00000     0.00000     0.00000     0.00000     0.00000
     0.83500     0.06933     0.00681    -0.33126     0.00000     0.00000     0.00000     0.00000     0.00000
     0.84000     0.06875     0.00730    -0.32908     0.00000     0.00000     0.00000     0.00000     0.00000
     0.84500     0.06818     0.00778    -0.32691     0.00000     0.00000     0.00000     0.00000     0.00000
     0.85000     0.06761     0.00825    -0.32474     0.00000     0.00000     0.00000     0.00000     0.00000
     0.85500     0.06705     0.00871    -0.32258     0.00000     0.00000     0.00000     0.00000     0.00000
     0.86000     0.06649     0.00916    -0.32043     0.00000     0.00000     0.00000     0.00000     0.00000
     0.86500     0.06593     0.00960    -0.31828     0.00000     0.00000     0.00000     0.00000     0.00000
     0.87000     0.06538     0.01003    -0.31615     0.00000     0.00000     0.00000     0.00000     0.00000
     0.87500     0.06484     0.01045    -0.31402     0.00000     0.00000     0.00000     0.00000     0.00000
     0.88000     0.06430     0.01085    -0.31190     0.00000     0.00000     0.00000     0.00000     0.00000
     0.88500     0.06377     0.01125    -0.30979     0.00000     0.00000     0.00000     0.00000     0.00000
     0.89000     0.06323     0.01163    -0.30769     0.00000     0.00000     0.00000     0.00000     0.00000
     0.89500     0.06271     0.01201    -0.30560     0.00000     0.00000     0.00000     0.00000     0.00000
     0.90000     0.06219     0.01238    -0.30351     0.00000     0.00000     0.00000     0.00000     0.00000
     0.90500     0.06167     0.01274    -0.30144     0.00000     0.00000     0.00000     0.00000     0.00000
     0.91000     0.06116     0.01308    -0.29937     0.00000     0.00000     0.00000     0.00000     0.00000
     0.91500     0.06065     0.01342    -0.29731     0.00000     0.00000     0.00000     0.00000     0.00000
     0.92000     0.06015     0.01375    -0.29527     0.00000     0.00000     0.00000     0.00000     0.00000
     0.92500     0.05965     0.01408    -0.29323     0.00000     0.00000     0.00000     0.00000     0.00000
     0.93000     0.05915     0.01439    -0.29120     0.00000     0.00000     0.00000     0.00000     0.00000
     0.93500     0.05866     0.01470    -0.28918     0.00000     0.00000     0.00000     0.00000     0.00000
     0.94000     0.05818     0.01499    -0.28717     0.00000     0.00000     0.00000     0.00000     0.00000
     0.94500     0.05769     0.01528    -0.28517     0.00000     0.00000     0.00000     0.00000     0.00000
     0.95000     0.05722     0.01556    -0.28318     0.00000     0.00000     0.00000     0.00000     0.00000
     0.95500     0.05674     0.01583    -0.28120     0.00000     0.00000     0.00000     0.00000     0.00000
     0.96000     0.05627     0.01610    -0.27923     0.00000     0.00000     0.00000     0.00000     0.00000
     0.96500     0.05581     0.01636    -0.27726     0.00000     0.00000     0.00000     0.00000     0.00000
     0.97000     0.05534     0.01661    -0.27531     0.00000     0.00000     0.00000     0.00000     0.00000
     0.97500     0.05489     0.01685    -0.27337     0.00000     0.00000     0.00000     0.00000     0.00000
     0.98000     0.05443     0.01709    -0.27144     0.00000     0.00000     0.00000     0.00000     0.00000
     0.98500     0.05398     0.01732    -0.26951     0.00000     0.00000     0.00000     0.00000     0.00000
     0.99000     0.05354     0.01754    -0.26760     0.00000     0.00000     0.00000     0.00000     0.00000
     0.99500     0.05309     0.01776    -0.26570     0.00000     0.00000     0.00000     0.00000     0.00000
     1.00000     0.05266     0.01796    -0.26381     0.00000     0.00000     0.00000     0.00000     0.00000
     1.00500     0.05222     0.01817    -0.26192     0.00000     0.00000     0.00000     0.00000     0.00000
     1.01000     0.05179     0.01836    -0.26005     0.00000     0.00000     0.00000     0.00000     0.00000
     1.01500     0.05136     0.01855    -0.25819     0.00000     0.00000     0.00000     0.00000     0.00000
     1.02000     0.05094     0.01874    -0.25633     0.00000     0.00000     0.00000     0.00000     0.00000
     1.02500     0.05052     0.01892    -0.25449     0.00000     0.00000     0.00000     0.00000     0.00000
     1.03000     0.05010     0.01909    -0.25266     0.00000     0.00000     0.00000     0.00000     0.00000
     1.03500     0.04969     0.01926    -0.25084     0.00000     0.00000     0.00000     0.00000     0.00000
     1.04000     0.04928     0.01942    -0.24903     0.00000     0.00000     0.00000     0.00000     0.00000
     1.04500     0.04887     0.01957    -0.24722     0.00000     0.00000     0.00000     0.00000     0.00000
     1.05000     0.04847     0.01972    -0.24543     0.00000     0.00000     0.00000     0.00000     0.00000
     1.05500     0.04807     0.01987    -0.24365     0.00000     0.00000     0.00000     0.00000     0.00000
     1.06000     0.04768     0.02001    -0.24188     0.00000     0.00000     0.00000     0.00000     0.00000
     1.06500     0.04728     0.02014    -0.24012     0.00000     0.00000     0.00000     0.00000     0.00000
     1.07000     0.04690     0.02027    -0.23837     0.00000     0.00000     0.00000     0.00000     0.00000
     1.07500     0.04651     0.02040    -0.23662     0.00000     0.00000     0.00000     0.00000     0.00000
     1.08000     0.04613     0.02052    -0.23489     0.00000     0.00000     0.00000     0.00000     0.00000
     1.08500     0.04575     0.02063    -0.23317     0.00000     0.00000     0.00000     0.00000     0.00000
     1.09000     0.04537     0.02075    -0.23146     0.00000     0.00000     0.00000     0.00000     0.00000
     1.09500     0.04500     0.02085    -0.22976     0.00000     0.00000     0.00000     0.00000     0.00000
     1.10000     0.04463     0.02095    -0.22807     0.00000     0.00000     0.00000     0.00000     0.00000
     1.10500     0.04426     0.02105    -0.22639     0.00000     0.00000     0.00000     0.00000     0.00000
     1.11000     0.04390     0.02114    -0.22472     0.00000     0.00000     0.00000     0.00000     0.00000
     1.11500     0.04354     0.02123    -0.22306     0.00000     0.00000     0.00000     0.00000     0.00000
     1.12000     0.04318     0.02132    -0.22141     0.00000     0.00000     0.00000     0.00000     0.00000
     1.12500     0.04283     0.02140    -0.21977     0.00000     0.00000     0.00000     0.00000     0.00000
     1.13000     0.04248     0.02148    -0.21814     0.00000     0.00000     0.00000     0.00000     0.00000
     1.13500     0.04213     0.02155    -0.21652     0.00000     0.00000     0.00000     0.00000     0.00000
     1.14000     0.04178     0.02162    -0.21491     0.00000     0.00000     0.00000     0.00000     0.00000
     1.14500     0.04144     0.02169    -0.21331     0.00000     0.00000     0.00000     0.00000     0.00000
     1.15000     0.04110     0.02175    -0.21172     0.00000     0.00000     0.00000     0.00000     0.00000
     1.15500     0.04077     0.02181    -0.21014     0.00000     0.00000     0.00000     0.00000     0.00000
     1.16000     0.04043     0.02186    -0.20857     0.00000     0.00000     0.00000     0.00000     0.00000
     1.16500     0.04010     0.02191    -0.20701     0.00000     0.00000     0.00000     0.00000     0.00000
     1.17000     0.03977     0.02196    -0.20546     0.00000     0.00000     0.00000     0.00000     0.00000
     1.17500     0.03945     0.02201    -0.20392     0.00000     0.00000     0.00000     0.00000     0.00000
     1.18000     0.03912     0.02205    -0.20239     0.00000     0.00000     0.00000     0.00000     0.00000
     1.18500     0.03880     0.02209    -0.20086     0.00000     0.00000     0.00000     0.00000     0.00000
     1.19000     0.03849     0.02212    -0.19935     0.00000     0.00000     0.00000     0.00000     0.00000
     1.19500     0.03817     0.02216    -0.19785     0.00000     0.00000     0.00000     0.00000     0.00000
     1.20000     0.03786     0.02219    -0.19636     0.00000     0.00000     0.00000     0.00000     0.00000
     1.20500     0.03755     0.02221    -0.19488     0.00000     0.00000     0.00000     0.00000     0.00000
     1.21000     0.03724     0.02224    -0.19340     0.00000     0.00000     0.00000     0.00000     0.00000
     1.21500     0.03694     0.02226    -0.19194     0.00000     0.00000     0.00000     0.00000     0.00000
     1.22000     0.03664     0.02228    -0.19049     0.00000     0.00000     0.00000     0.00000     0.00000
     1.22500     0.03634     0.02229    -0.18904     0.00000     0.00000     0.00000     0.00000     0.00000
     1.23000     0.03604     0.02231    -0.18761     0.00000     0.00000     0.00000     0.00000     0.00000
     1.23500     0.03575     0.02232    -0.18618     0.00000     0.00000     0.00000     0.00000     0.00000
     1.24000     0.03546     0.02233    -0.18477     0.00000     0.00000     0.00000     0.00000     0.00000
     1.24500     0.03517     0.02233    -0.18336     0.00000     0.00000     0.00000     0.00000     0.00000
     1.25000     0.03488     0.02234    -0.18197     0.00000     0.00000     0.00000     0.00000     0.00000
     1.25500     0.03460     0.02234    -0.18058     0.00000     0.00000     0.00000     0.00000     0.00000
     1.26000     0.03432     0.02234    -0.17920     0.00000     0.00000     0.00000     0.00000     0.00000
     1.26500     0.03404     0.02233    -0.17783     0.00000     0.00000     0.00000     0.00000     0.00000
     1.27000     0.03376     0.02233    -0.17647     0.00000     0.00000     0.00000     0.00000     0.00000
     1.27500     0.03348     0.02232    -0.17512     0.00000     0.00000     0.00000     0.00000     0.00000
     1.28000     0.03321     0.02231    -0.17378     0.00000     0.00000     0.00000     0.00000     0.00000
     1.28500     0.03294     0.02230    -0.17245     0.00000     0.00000     0.00000     0.00000     0.00000
     1.29000     0.03267     0.02229    -0.17113     0.00000     0.00000     0.00000     0.00000     0.00000
     1.29500     0.03241     0.02227    -0.16981     0.00000     0.00000     0.00000     0.00000     0.00000
     1.30000     0.03214     0.02225    -0.16851     0.00000     0.00000     0.00000     0.00000     0.00000
     1.30500     0.03188     0.02223    -0.16721     0.00000     0.00000     0.00000     0.00000     0.00000
     1.31000     0.03162     0.02221    -0.16592     0.00000     0.00000     0.00000     0.00000     0.00000
     1.31500     0.03136     0.02219    -0.16464     0.00000     0.00000     0.00000     0.00000     0.00000
     1.32000     0.03111     0.02217    -0.16338     0.00000     0.00000     0.00000     0.00000     0.00000
     1.32500     0.03086     0.02214    -0.16211     0.00000     0.00000     0.00000     0.00000     0.00000
     1.33000     0.03061     0.02211    -0.16086     0.00000     0.00000     0.00000     0.00000     0.00000
     1.33500     0.03036     0.02208    -0.15962     0.00000     0.00000     0.00000     0.00000     0.00000
     1.34000     0.03011     0.02205    -0.15838     0.00000     0.00000     0.00000     0.00000     0.00000
     1.34500     0.02986     0.02202    -0.15716     0.00000     0.00000     0.00000     0.00000     0.00000
     1.35000     0.02962     0.02198    -0.15594     0.00000     0.00000     0.00000     0.00000     0.00000
     1.35500     0.02938     0.02195    -0.15473     0.00000     0.00000     0.00000     0.00000     0.00000
     1.36000     0.02914     0.02191    -0.15353     0.00000     0.00000     0.00000     0.00000     0.00000
     1.36500     0.02891     0.02187    -0.15234     0.00000     0.00000     0.00000     0.00000     0.00000
     1.37000     0.02867     0.02183    -0.15116     0.00000     0.00000     0.00000     0.00000     0.00000
     1.37500     0.02844     0.02179    -0.14998     0.00000     0.00000     0.00000     0.00000     0.00000
     1.38000     0.02821     0.02175    -0.14881     0.00000     0.00000     0.00000     0.00000     0.00000
     1.38500     0.02798     0.02170    -0.14766     0.00000     0.00000     0.00000     0.00000     0.00000
     1.39000     0.02775     0.02166    -0.14650     0.00000     0.00000     0.00000     0.00000     0.00000
     1.39500     0.02753     0.02161    -0.14536     0.00000     0.00000     0.00000     0.00000     0.00000
     1.40000     0.02730     0.02157    -0.14423     0.00000     0.00000     0.00000     0.00000     0.00000
     1.40500     0.02708     0.02152    -0.14310     0.00000     0.00000     0.00000     0.00000     0.00000
     1.41000     0.02686     0.02147    -0.14198     0.00000     0.00000     0.00000     0.00000     0.00000
     1.41500     0.02665     0.02142    -0.14087     0.00000     0.00000     0.00000     0.00000     0.00000
     1.42000     0.02643     0.02136    -0.13977     0.00000     0.00000     0.00000     0.00000     0.00000
     1.42500     0.02622     0.02131    -0.13868     0.00000     0.00000     0.00000     0.00000     0.00000
     1.43000     0.02600     0.02126    -0.13759     0.00000     0.00000     0.00000     0.00000     0.00000
     1.43500     0.02579     0.02120    -0.13651     0.00000     0.00000     0.00000     0.00000     0.00000
     1.44000     0.02558     0.02115    -0.13544     0.00000     0.00000     0.00000     0.00000     0.00000
     1.44500     0.02538     0.02109    -0.13438     0.00000     0.00000     0.00000     0.00000     0.00000
     1.45000     0.02517     0.02103    -0.13333     0.00000     0.00000     0.00000     0.00000     0.00000
     1.45500     0.02497     0.02097    -0.13228     0.00000     0.00000     0.00000     0.00000     0.00000
     1.46000     0.02477     0.02091    -0.13124     0.00000     0.00000     0.00000     0.00000     0.00000
     1.46500     0.02456     0.02085    -0.13021     0.00000     0.00000     0.00000     0.00000     0.00000
     1.47000     0.02437     0.02079    -0.12918     0.00000     0.00000     0.00000     0.00000     0.00000
     1.47500     0.02417     0.02073    -0.12816     0.00000     0.00000     0.00000     0.00000     0.00000
     1.48000     0.02397     0.02067    -0.12715     0.00000     0.00000     0.00000     0.00000     0.00000
     1.48500     0.02378     0.02061    -0.12615     0.00000     0.00000     0.00000     0.00000     0.00000
     1.49000     0.02359     0.02054    -0.12516     0.00000     0.00000     0.00000     0.00000     0.00000
     1.49500     0.02340     0.02048    -0.12417     0.00000     0.00000     0.00000     0.00000     0.00000
     1.50000     0.02321     0.02041    -0.12319     0.00000     0.00000     0.00000     0.00000     0.00000
     1.50500     0.02302     0.02035    -0.12222     0.00000     0.00000     0.00000     0.00000     0.00000
     1.51000     0.02283     0.02028    -0.12125     0.00000     0.00000     0.00000     0.00000     0.00000
     1.51500     0.02265     0.02021    -0.12029     0.00000     0.00000     0.00000     0.00000     0.00000
     1.52000     0.02247     0.02014    -0.11934     0.00000     0.00000     0.00000     0.00000     0.00000
     1.52500     0.02228     0.02008    -0.11839     0.00000     0.00000     0.00000     0.00000     0.00000
     1.53000     0.02210     0.02001    -0.11746     0.00000     0.00000     0.00000     0.00000     0.00000
     1.53500     0.02193     0.01994    -0.11653     0.00000     0.00000     0.00000     0.00000     0.00000
     1.54000     0.02175     0.01987    -0.11560     0.00000     0.00000     0.00000     0.00000     0.00000
     1.54500     0.02157     0.01980    -0.11469     0.00000     0.00000     0.00000     0.00000     0.00000
     1.55000     0.02140     0.01973    -0.11378     0.00000     0.00000     0.00000     0.00000     0.00000
     1.55500     0.02123     0.01966    -0.11287     0.00000     0.00000     0.00000     0.00000     0.00000
     1.56000     0.02106     0.01958    -0.11198     0.00000     0.00000     0.00000     0.00000     0.00000
     1.56500     0.02089     0.01951    -0.11109     0.00000     0.00000     0.00000     0.00000     0.00000
     1.57000     0.02072     0.01944    -0.11020     0.00000     0.00000     0.00000     0.00000     0.00000
     1.57500     0.02055     0.01937    -0.10933     0.00000     0.00000     0.00000     0.00000     0.00000
     1.58000     0.02038     0.01929    -0.10846     0.00000     0.00000     0.00000     0.00000     0.00000
     1.58500     0.02022     0.01922    -0.10759     0.00000     0.00000     0.00000     0.00000     0.00000
     1.59000     0.02006     0.01914    -0.10673     0.00000     0.00000     0.00000     0.00000     0.00000
     1.59500     0.01989     0.01907    -0.10588     0.00000     0.00000     0.00000     0.00000     0.00000
     1.60000     0.01973     0.01899    -0.10504     0.00000     0.00000     0.00000     0.00000     0.00000
     1.60500     0.01958     0.01892    -0.10420     0.00000     0.00000     0.00000     0.00000     0.00000
     1.61000     0.01942     0.01884    -0.10337     0.00000     0.00000     0.00000     0.00000     0.00000
     1.61500     0.01926     0.01877    -0.10255     0.00000     0.00000     0.00000     0.00000     0.00000
     1.62000     0.01911     0.01869    -0.10173     0.00000     0.00000     0.00000     0.00000     0.00000
     1.62500     0.01895     0.01862    -0.10091     0.00000     0.00000     0.00000     0.00000     0.00000
     1.63000     0.01880     0.01854    -0.10011     0.00000     0.00000     0.00000     0.00000     0.00000
     1.63500     0.01865     0.01846    -0.09931     0.00000     0.00000     0.00000     0.00000     0.00000
     1.64000     0.01850     0.01839    -0.09851     0.00000     0.00000     0.00000     0.00000     0.00000
     1.64500     0.01835     0.01831    -0.09772     0.00000     0.00000     0.00000     0.00000     0.00000
     1.65000     0.01820     0.01823    -0.09694     0.00000     0.00000     0.00000     0.00000     0.00000
     1.65500     0.01805     0.01815    -0.09617     0.00000     0.00000     0.00000     0.00000     0.00000
     1.66000     0.01791     0.01808    -0.09539     0.00000     0.00000     0.00000     0.00000     0.00000
     1.66500     0.01777     0.01800    -0.09463     0.00000     0.00000     0.00000     0.00000     0.00000
     1.67000     0.01762     0.01792    -0.09387     0.00000     0.00000     0.00000     0.00000     0.00000
     1.67500     0.01748     0.01784    -0.09312     0.00000     0.00000     0.00000     0.00000     0.00000
     1.68000     0.01734     0.01776    -0.09237     0.00000     0.00000     0.00000     0.00000     0.00000
     1.68500     0.01720     0.01769    -0.09163     0.00000     0.00000     0.00000     0.00000     0.00000
     1.69000     0.01706     0.01761    -0.09089     0.00000     0.00000     0.00000     0.00000     0.00000
     1.69500     0.01692     0.01753    -0.09016     0.00000     0.00000     0.00000     0.00000     0.00000
     1.70000     0.01679     0.01745    -0.08944     0.00000     0.00000     0.00000     0.00000     0.00000
     1.70500     0.01665     0.01737    -0.08872     0.00000     0.00000     0.00000     0.00000     0.00000
     1.71000     0.01652     0.01729    -0.08801     0.00000     0.00000     0.00000     0.00000     0.00000
     1.71500     0.01639     0.01721    -0.08730     0.00000     0.00000     0.00000     0.00000     0.00000
     1.72000     0.01625     0.01714    -0.08660     0.00000     0.00000     0.00000     0.00000     0.00000
     1.72500     0.01612     0.01706    -0.08590     0.00000     0.00000     0.00000     0.00000     0.00000
     1.73000     0.01599     0.01698    -0.08521     0.00000     0.00000     0.00000     0.00000     0.00000
     1.73500     0.01587     0.01690    -0.08452     0.00000     0.00000     0.00000     0.00000     0.00000
     1.74000     0.01574     0.01682    -0.08384     0.00000     0.00000     0.00000     0.00000     0.00000
     1.74500     0.01561     0.01674    -0.08316     0.00000     0.00000     0.00000     0.00000     0.00000
     1.75000     0.01549     0.01666    -0.08249     0.00000     0.00000     0.00000     0.00000     0.00000
     1.75500     0.01536     0.01658    -0.08183     0.00000     0.00000     0.00000     0.00000     0.00000
     1.76000     0.01524     0.01650    -0.08117     0.00000     0.00000     0.00000     0.00000     0.00000
     1.76500     0.01512     0.01642    -0.08051     0.00000     0.00000     0.00000     0.00000     0.00000
     1.77000     0.01500     0.01635    -0.07986     0.00000     0.00000     0.00000     0.00000     0.00000
     1.77500     0.01487     0.01627    -0.07922     0.00000     0.00000     0.00000     0.00000     0.00000
     1.78000     0.01476     0.01619    -0.07858     0.00000     0.00000     0.00000     0.00000     0.00000
     1.78500     0.01464     0.01611    -0.07794     0.00000     0.00000     0.00000     0.00000     0.00000
     1.79000     0.01452     0.01603    -0.07731     0.00000     0.00000     0.00000     0.00000     0.00000
     1.79500     0.01440     0.01595    -0.07669     0.00000     0.00000     0.00000     0.00000     0.00000
     1.80000     0.01429     0.01587    -0.07607     0.00000     0.00000     0.00000     0.00000     0.00000
     1.80500     0.01417     0.01579    -0.07545     0.00000     0.00000     0.00000     0.00000     0.00000
     1.81000     0.01406     0.01572    -0.07484     0.00000     0.00000     0.00000     0.00000     0.00000
     1.81500     0.01395     0.01564    -0.07424     0.00000     0.00000     0.00000     0.00000     0.00000
     1.82000     0.01383     0.01556    -0.07363     0.00000     0.00000     0.00000     0.00000     0.00000
     1.82500     0.01372     0.01548    -0.07304     0.00000     0.00000     0.00000     0.00000     0.00000
     1.83000     0.01361     0.01540    -0.07245     0.00000     0.00000     0.00000     0.00000     0.00000
     1.83500     0.01350     0.01533    -0.07186     0.00000     0.00000     0.00000     0.00000     0.00000
     1.84000     0.01340     0.01525    -0.07128     0.00000     0.00000     0.00000     0.00000     0.00000
     1.84500     0.01329     0.01517    -0.07070     0.00000     0.00000     0.00000     0.00000     0.00000
     1.85000     0.01318     0.01509    -0.07013     0.00000     0.00000     0.00000     0.00000     0.00000
     1.85500     0.01308     0.01502    -0.06956     0.00000     0.00000     0.00000     0.00000     0.00000
     1.86000     0.01297     0.01494    -0.06899     0.00000     0.00000     0.00000     0.00000     0.00000
     1.86500     0.01287     0.01486    -0.06843     0.00000     0.00000     0.00000     0.00000     0.00000
     1.87000     0.01276     0.01478    -0.06788     0.00000     0.00000     0.00000     0.00000     0.00000
     1.87500     0.01266     0.01471    -0.06732     0.00000     0.00000     0.00000     0.00000     0.00000
     1.88000     0.01256     0.01463    -0.06678     0.00000     0.00000     0.00000     0.00000     0.00000
     1.88500     0.01246     0.01455    -0.06624     0.00000     0.00000     0.00000     0.00000     0.00000
     1.89000     0.01236     0.01448    -0.06570     0.00000     0.00000     0.00000     0.00000     0.00000
     1.89500     0.01226     0.01440    -0.06516     0.00000     0.00000     0.00000     0.00000     0.00000
     1.90000     0.01216     0.01433    -0.06463     0.00000     0.00000     0.00000     0.00000     0.00000
     1.90500     0.01207     0.01425    -0.06411     0.00000     0.00000     0.00000     0.00000     0.00000
     1.91000     0.01197     0.01417    -0.06359     0.00000     0.00000     0.00000     0.00000     0.00000
     1.91500     0.01187     0.01410    -0.06307     0.00000     0.00000     0.00000     0.00000     0.00000
     1.92000     0.01178     0.01402    -0.06256     0.00000     0.00000     0.00000     0.00000     0.00000
     1.92500     0.01168     0.01395    -0.06205     0.00000     0.00000     0.00000     0.00000     0.00000
     1.93000     0.01159     0.01387    -0.06154     0.00000     0.00000     0.00000     0.00000     0.00000
     1.93500     0.01150     0.01380    -0.06104     0.00000     0.00000     0.00000     0.00000     0.00000
     1.94000     0.01140     0.01372    -0.06054     0.00000     0.00000     0.00000     0.00000     0.00000
     1.94500     0.01131     0.01365    -0.06005     0.00000     0.00000     0.00000     0.00000     0.00000
     1.95000     0.01122     0.01358    -0.05956     0.00000     0.00000     0.00000     0.00000     0.00000
     1.95500     0.01113     0.01350    -0.05907     0.00000     0.00000     0.00000     0.00000     0.00000
     1.96000     0.01104     0.01343    -0.05859     0.00000     0.00000     0.00000     0.00000     0.00000
     1.96500     0.01096     0.01335    -0.05811     0.00000     0.00000     0.00000     0.00000     0.00000
     1.97000     0.01087     0.01328    -0.05764     0.00000     0.00000     0.00000     0.00000     0.00000
     1.97500     0.01078     0.01321    -0.05717     0.00000     0.00000     0.00000     0.00000     0.00000
     1.98000     0.01069     0.01314    -0.05670     0.00000     0.00000     0.00000     0.00000     0.00000
     1.98500     0.01061     0.01306    -0.05624     0.00000     0.00000     0.00000     0.00000     0.00000
     1.99000     0.01052     0.01299    -0.05578     0.00000     0.00000     0.00000     0.00000     0.00000
     1.99500     0.01044     0.01292    -0.05533     0.00000     0.00000     0.00000     0.00000     0.00000
     2.00000     0.01036     0.01285    -0.05487     0.00000     0.00000     0.00000     0.00000     0.00000
     2.00500     0.01027     0.01277    -0.05443     0.00000     0.00000     0.00000     0.00000     0.00000
     2.01000     0.01019     0.01270    -0.05398     0.00000     0.00000     0.00000     0.00000     0.00000
     2.01500     0.01011     0.01263    -0.05354     0.00000     0.00000     0.00000     0.00000     0.00000
     2.02000     0.01003     0.01256    -0.05310     0.00000     0.00000     0.00000     0.00000     0.00000
     2.02500     0.00995     0.01249    -0.05267     0.00000     0.00000     0.00000     0.00000     0.00000
     2.03000     0.00987     0.01242    -0.05224     0.00000     0.00000     0.00000     0.00000     0.00000
     2.03500     0.00979     0.01235    -0.05181     0.00000     0.00000     0.00000     0.00000     0.00000
     2.04000     0.00971     0.01228    -0.05139     0.00000     0.00000     0.00000     0.00000     0.00000
     2.04500     0.00964     0.01221    -0.05097     0.00000     0.00000     0.00000     0.00000     0.00000
     2.05000     0.00956     0.01214    -0.05055     0.00000     0.00000     0.00000     0.00000     0.00000
     2.05500     0.00948     0.01207    -0.05014     0.00000     0.00000     0.00000     0.00000     0.00000
     2.06000     0.00941     0.01200    -0.04972     0.00000     0.00000     0.00000     0.00000     0.00000
     2.06500     0.00933     0.01193    -0.04932     0.00000     0.00000     0.00000     0.00000     0.00000
     2.07000     0.00926     0.01187    -0.04891     0.00000     0.00000     0.00000     0.00000     0.00000
     2.07500     0.00918     0.01180    -0.04851     0.00000     0.00000     0.00000     0.00000     0.00000
     2.08000     0.00911     0.01173    -0.04812     0.00000     0.00000     0.00000     0.00000     0.00000
     2.08500     0.00904     0.01166    -0.04772     0.00000     0.00000     0.00000     0.00000     0.00000
     2.09000     0.00896     0.01159    -0.04733     0.00000     0.00000     0.00000     0.00000     0.00000
     2.09500     0.00889     0.01153    -0.04694     0.00000     0.00000     0.00000     0.00000     0.00000
     2.10000     0.00882     0.01146    -0.04656     0.00000     0.00000     0.00000     0.00000     0.00000
     2.10500     0.00875     0.01139    -0.04618     0.00000     0.00000     0.00000     0.00000     0.00000
     2.11000     0.00868     0.01133    -0.04580     0.00000     0.00000     0.00000     0.00000     0.00000
     2.11500     0.00861     0.01126    -0.04542     0.00000     0.00000     0.00000     0.00000     0.00000
     2.12000     0.00854     0.01119    -0.04505     0.00000     0.00000     0.00000     0.00000     0.00000
     2.12500     0.00847     0.01113    -0.04468     0.00000     0.00000     0.00000     0.00000     0.00000
     2.13000     0.00841     0.01106    -0.04431     0.00000     0.00000     0.00000     0.00000     0.00000
     2.13500     0.00834     0.01100    -0.04395     0.00000     0.00000     0.00000     0.00000     0.00000
     2.14000     0.00827     0.01093    -0.04359     0.00000     0.00000     0.00000     0.00000     0.00000
     2.14500     0.00821     0.01087    -0.04323     0.00000     0.00000     0.00000     0.00000     0.00000
     2.15000     0.00814     0.01081    -0.04288     0.00000     0.00000     0.00000     0.00000     0.00000
     2.15500     0.00808     0.01074    -0.04252     0.00000     0.00000     0.00000     0.00000     0.00000
     2.16000     0.00801     0.01068    -0.04217     0.00000     0.00000     0.00000     0.00000     0.00000
     2.16500     0.00795     0.01061    -0.04183     0.00000     0.00000     0.00000     0.00000     0.00000
     2.17000     0.00789     0.01055    -0.04148     0.00000     0.00000     0.00000     0.00000     0.00000
     2.17500     0.00782     0.01049    -0.04114     0.00000     0.00000     0.00000     0.00000     0.00000
     2.18000     0.00776     0.01043    -0.04080     0.00000     0.00000     0.00000     0.00000     0.00000
     2.18500     0.00770     0.01036    -0.04047     0.00000     0.00000     0.00000     0.00000     0.00000
     2.19000     0.00764     0.01030    -0.04014     0.00000     0.00000     0.00000     0.00000     0.00000
     2.19500     0.00758     0.01024    -0.03981     0.00000     0.00000     0.00000     0.00000     0.00000
     2.20000     0.00752     0.01018    -0.03948     0.00000     0.00000     0.00000     0.00000     0.00000
     2.20500     0.00746     0.01012    -0.03915     0.00000     0.00000     0.00000     0.00000     0.00000
     2.21000     0.00740     0.01006    -0.03883     0.00000     0.00000     0.00000     0.00000     0.00000
     2.21500     0.00734     0.01000    -0.03851     0.00000     0.00000     0.00000     0.00000     0.00000
     2.22000     0.00728     0.00994    -0.03820     0.00000     0.00000     0.00000     0.00000     0.00000
     2.22500     0.00722     0.00987    -0.03788     0.00000     0.00000     0.00000     0.00000     0.00000
     2.23000     0.00716     0.00982    -0.03757     0.00000     0.00000     0.00000     0.00000     0.00000
     2.23500     0.00711     0.00976    -0.03726     0.00000     0.00000     0.00000     0.00000     0.00000
     2.24000     0.00705     0.00970    -0.03695     0.00000     0.00000     0.00000     0.00000     0.00000
     2.24500     0.00699     0.00964    -0.03665     0.00000     0.00000     0.00000     0.00000     0.00000
     2.25000     0.00694     0.00958    -0.03635     0.00000     0.00000     0.00000     0.00000     0.00000
     2.25500     0.00688     0.00952    -0.03605     0.00000     0.00000     0.00000     0.00000     0.00000
     2.26000     0.00683     0.00946    -0.03575     0.00000     0.00000     0.00000     0.00000     0.00000
     2.26500     0.00677     0.00940    -0.03546     0.00000     0.00000     0.00000     0.00000     0.00000
     2.27000     0.00672     0.00935    -0.03517     0.00000     0.00000     0.00000     0.00000     0.00000
     2.27500     0.00667     0.00929    -0.03488     0.00000     0.00000     0.00000     0.00000     0.00000
     2.28000     0.00661     0.00923    -0.03459     0.00000     0.00000     0.00000     0.00000     0.00000
     2.28500     0.00656     0.00918    -0.03430     0.00000     0.00000     0.00000     0.00000     0.00000
     2.29000     0.00651     0.00912    -0.03402     0.00000     0.00000     0.00000     0.00000     0.00000
     2.29500     0.00646     0.00906    -0.03374     0.00000     0.00000     0.00000     0.00000     0.00000
     2.30000     0.00640     0.00901    -0.03346     0.00000     0.00000     0.00000     0.00000     0.00000
     2.30500     0.00635     0.00895    -0.03319     0.00000     0.00000     0.00000     0.00000     0.00000
     2.31000     0.00630     0.00890    -0.03291     0.00000     0.00000     0.00000     0.00000     0.00000
     2.31500     0.00625     0.00884    -0.03264     0.00000     0.00000     0.00000     0.00000     0.00000
     2.32000     0.00620     0.00879    -0.03237     0.00000     0.00000     0.00000     0.00000     0.00000
     2.32500     0.00615     0.00873    -0.03210     0.00000     0.00000     0.00000     0.00000     0.00000
     2.33000     0.00610     0.00868    -0.03184     0.00000     0.00000     0.00000     0.00000     0.00000
     2.33500     0.00606     0.00862    -0.03158     0.00000     0.00000     0.00000     0.00000     0.00000
     2.34000     0.00601     0.00857    -0.03132     0.00000     0.00000     0.00000     0.00000     0.00000
     2.34500     0.00596     0.00852    -0.03106     0.00000     0.00000     0.00000     0.00000     0.00000
     2.35000     0.00591     0.00846    -0.03080     0.00000     0.00000     0.00000     0.00000     0.00000
     2.35500     0.00586     0.00841    -0.03055     0.00000     0.00000     0.00000     0.00000     0.00000
     2.36000     0.00582     0.00836    -0.03030     0.00000     0.00000     0.00000     0.00000     0.00000
     2.36500     0.00577     0.00830    -0.03005     0.00000     0.00000     0.00000     0.00000     0.00000
     2.37000     0.00573     0.00825    -0.02980     0.00000     0.00000     0.00000     0.00000     0.00000
     2.37500     0.00568     0.00820    -0.02955     0.00000     0.00000     0.00000     0.00000     0.00000
     2.38000     0.00563     0.00815    -0.02931     0.00000     0.00000     0.00000     0.00000     0.00000
     2.38500     0.00559     0.00810    -0.02907     0.00000     0.00000     0.00000     0.00000     0.00000
     2.39000     0.00555     0.00805    -0.02883     0.00000     0.00000     0.00000     0.00000     0.00000
     2.39500     0.00550     0.00800    -0.02859     0.00000     0.00000     0.00000     0.00000     0.00000
     2.40000     0.00546     0.00794    -0.02835     0.00000     0.00000     0.00000     0.00000     0.00000
     2.40500     0.00541     0.00789    -0.02812     0.00000     0.00000     0.00000     0.00000     0.00000
     2.41000     0.00537     0.00784    -0.02788     0.00000     0.00000     0.00000     0.00000     0.00000
     2.41500     0.00533     0.00779    -0.02765     0.00000     0.00000     0.00000     0.00000     0.00000
     2.42000     0.00529     0.00775    -0.02743     0.00000     0.00000     0.00000     0.00000     0.00000
     2.42500     0.00524     0.00770    -0.02720     0.00000     0.00000     0.00000     0.00000     0.00000
     2.43000     0.00520     0.00765    -0.02697     0.00000     0.00000     0.00000     0.00000     0.00000
     2.43500     0.00516     0.00760    -0.02675     0.00000     0.00000     0.00000     0.00000     0.00000
     2.44000     0.00512     0.00755    -0.02653     0.00000     0.00000     0.00000     0.00000     0.00000
     2.44500     0.00508     0.00750    -0.02631     0.00000     0.00000     0.00000     0.00000     0.00000
     2.45000     0.00504     0.00745    -0.02609     0.00000     0.00000     0.00000     0.00000     0.00000
     2.45500     0.00500     0.00741    -0.02588     0.00000     0.00000     0.00000     0.00000     0.00000
     2.46000     0.00496     0.00736    -0.02566     0.00000     0.00000     0.00000     0.00000     0.00000
     2.46500     0.00492     0.00731    -0.02545     0.00000     0.00000     0.00000     0.00000     0.00000
     2.47000     0.00488     0.00726    -0.02524     0.00000     0.00000     0.00000     0.00000     0.00000
     2.47500     0.00484     0.00722    -0.02503     0.00000     0.00000     0.00000     0.00000     0.00000
     2.48000     0.00480     0.00717    -0.02482     0.00000     0.00000     0.00000     0.00000     0.00000
     2.48500     0.00476     0.00713    -0.02462     0.00000     0.00000     0.00000     0.00000     0.00000
     2.49000     0.00473     0.00708    -0.02441     0.00000     0.00000     0.00000     0.00000     0.00000
     2.49500     0.00469     0.00703    -0.02421     0.00000     0.00000     0.00000     0.00000     0.00000
     2.50000     0.00465     0.00699    -0.02401     0.00000     0.00000     0.00000     0.00000     0.00000
     2.50500     0.00462     0.00694    -0.02381     0.00000     0.00000     0.00000     0.00000     0.00000
     2.51000     0.00458     0.00690    -0.02362     0.00000     0.00000     0.00000     0.00000     0.00000
     2.51500     0.00454     0.00685    -0.02342     0.00000     0.00000     0.00000     0.00000     0.00000
     2.52000     0.00451     0.00681    -0.02323     0.00000     0.00000     0.00000     0.00000     0.00000
     2.52500     0.00447     0.00677    -0.02303     0.00000     0.00000     0.00000     0.00000     0.00000
     2.53000     0.00443     0.00672    -0.02284     0.00000     0.00000     0.00000     0.00000     0.00000
     2.53500     0.00440     0.00668    -0.02265     0.00000     0.00000     0.00000     0.00000     0.00000
     2.54000     0.00436     0.00664    -0.02247     0.00000     0.00000     0.00000     0.00000     0.00000
     2.54500     0.00433     0.00659    -0.02228     0.00000     0.00000     0.00000     0.00000     0.00000
     2.55000     0.00430     0.00655    -0.02210     0.00000     0.00000     0.00000     0.00000     0.00000
     2.55500     0.00426     0.00651    -0.02191     0.00000     0.00000     0.00000     0.00000     0.00000
     2.56000     0.00423     0.00646    -0.02173     0.00000     0.00000     0.00000     0.00000     0.00000
     2.56500     0.00419     0.00642    -0.02155     0.00000     0.00000     0.00000     0.00000     0.00000
     2.57000     0.00416     0.00638    -0.02137     0.00000     0.00000     0.00000     0.00000     0.00000
     2.57500     0.00413     0.00634    -0.02120     0.00000     0.00000     0.00000     0.00000     0.00000
     2.58000     0.00409     0.00630    -0.02102     0.00000     0.00000     0.00000     0.00000     0.00000
     2.58500     0.00406     0.00626    -0.02085     0.00000     0.00000     0.00000     0.00000     0.00000
     2.59000     0.00403     0.00621    -0.02067     0.00000     0.00000     0.00000     0.00000     0.00000
     2.59500     0.00400     0.00617    -0.02050     0.00000     0.00000     0.00000     0.00000     0.00000
     2.60000     0.00397     0.00613    -0.02033     0.00000     0.00000     0.00000     0.00000     0.00000
     2.60500     0.00393     0.00609    -0.02016     0.00000     0.00000     0.00000     0.00000     0.00000
     2.61000     0.00390     0.00605    -0.02000     0.00000     0.00000     0.00000     0.00000     0.00000
     2.61500     0.00387     0.00601    -0.01983     0.00000     0.00000     0.00000     0.00000     0.00000
     2.62000     0.00384     0.00597    -0.01967     0.00000     0.00000     0.00000     0.00000     0.00000
     2.62500     0.00381     0.00593    -0.01950     0.00000     0.00000     0.00000     0.00000     0.00000
     2.63000     0.00378     0.00590    -0.01934     0.00000     0.00000     0.00000     0.00000     0.00000
     2.63500     0.00375     0.00586    -0.01918     0.00000     0.00000     0.00000     0.00000     0.00000
     2.64000     0.00372     0.00582    -0.01902     0.00000     0.00000     0.00000     0.00000     0.00000
     2.64500     0.00369     0.00578    -0.01886     0.00000     0.00000     0.00000     0.00000     0.00000
     2.65000     0.00366     0.00574    -0.01871     0.00000     0.00000     0.00000     0.00000     0.00000
     2.65500     0.00363     0.00570    -0.01855     0.00000     0.00000     0.00000     0.00000     0.00000
     2.66000     0.00360     0.00567    -0.01840     0.00000     0.00000     0.00000     0.00000     0.00000
     2.66500     0.00358     0.00563    -0.01825     0.00000     0.00000     0.00000     0.00000     0.00000
     2.67000     0.00355     0.00559    -0.01810     0.00000     0.00000     0.00000     0.00000     0.00000
     2.67500     0.00352     0.00555    -0.01794     0.00000     0.00000     0.00000     0.00000     0.00000
     2.68000     0.00349     0.00552    -0.01780     0.00000     0.00000     0.00000     0.00000     0.00000
     2.68500     0.00346     0.00548    -0.01765     0.00000     0.00000     0.00000     0.00000     0.00000
     2.69000     0.00344     0.00544    -0.01750     0.00000     0.00000     0.00000     0.00000     0.00000
     2.69500     0.00341     0.00541    -0.01736     0.00000     0.00000     0.00000     0.00000     0.00000
     2.70000     0.00338     0.00537    -0.01721     0.00000     0.00000     0.00000     0.00000     0.00000
     2.70500     0.00335     0.00534    -0.01707     0.00000     0.00000     0.00000     0.00000     0.00000
     2.71000     0.00333     0.00530    -0.01693     0.00000     0.00000     0.00000     0.00000     0.00000
     2.71500     0.00330     0.00527    -0.01679     0.00000     0.00000     0.00000     0.00000     0.00000
     2.72000     0.00328     0.00523    -0.01665     0.00000     0.00000     0.00000     0.00000     0.00000
     2.72500     0.00325     0.00520    -0.01651     0.00000     0.00000     0.00000     0.00000     0.00000
     2.73000     0.00322     0.00516    -0.01637     0.00000     0.00000     0.00000     0.00000     0.00000
     2.73500     0.00320     0.00513    -0.01624     0.00000     0.00000     0.00000     0.00000     0.00000
     2.74000     0.00317     0.00509    -0.01610     0.00000     0.00000     0.00000     0.00000     0.00000
     2.74500     0.00315     0.00506    -0.01597     0.00000     0.00000     0.00000     0.00000     0.00000
     2.75000     0.00312     0.00502    -0.01584     0.00000     0.00000     0.00000     0.00000     0.00000
     2.75500     0.00310     0.00499    -0.01570     0.00000     0.00000     0.00000     0.00000     0.00000
     2.76000     0.00307     0.00496    -0.01557     0.00000     0.00000     0.00000     0.00000     0.00000
     2.76500     0.00305     0.00492    -0.01544     0.00000     0.00000     0.00000     0.00000     0.00000
     2.77000     0.00302     0.00489    -0.01532     0.00000     0.00000     0.00000     0.00000     0.00000
     2.77500     0.00300     0.00486    -0.01519     0.00000     0.00000     0.00000     0.00000     0.00000
     2.78000     0.00298     0.00482    -0.01506     0.00000     0.00000     0.00000     0.00000     0.00000
     2.78500     0.00295     0.00479    -0.01494     0.00000     0.00000     0.00000     0.00000     0.00000
     2.79000     0.00293     0.00476    -0.01481     0.00000     0.00000     0.00000     0.00000     0.00000
     2.79500     0.00291     0.00473    -0.01469     0.00000     0.00000     0.00000     0.00000     0.00000
     2.80000     0.00288     0.00470    -0.01457     0.00000     0.00000     0.00000     0.00000     0.00000
     2.80500     0.00286     0.00466    -0.01445     0.00000     0.00000     0.00000     0.00000     0.00000
     2.81000     0.00284     0.00463    -0.01433     0.00000     0.00000     0.00000     0.00000     0.00000
     2.81500     0.00282     0.00460    -0.01421     0.00000     0.00000     0.00000     0.00000     0.00000
     2.82000     0.00279     0.00457    -0.01409     0.00000     0.00000     0.00000     0.00000     0.00000
     2.82500     0.00277     0.00454    -0.01397     0.00000     0.00000     0.00000     0.00000     0.00000
     2.83000     0.00275     0.00451    -0.01386     0.00000     0.00000     0.00000     0.00000     0.00000
     2.83500     0.00273     0.00448    -0.01374     0.00000     0.00000     0.00000     0.00000     0.00000
     2.84000     0.00271     0.00445    -0.01363     0.00000     0.00000     0.00000     0.00000     0.00000
     2.84500     0.00268     0.00442    -0.01351     0.00000     0.00000     0.00000     0.00000     0.00000
     2.85000     0.00266     0.00439    -0.01340     0.00000     0.00000     0.00000     0.00000     0.00000
     2.85500     0.00264     0.00436    -0.01329     0.00000     0.00000     0.00000     0.00000     0.00000
     2.86000     0.00262     0.00433    -0.01318     0.00000     0.00000     0.00000     0.00000     0.00000
     2.86500     0.00260     0.00430    -0.01307     0.00000     0.00000     0.00000     0.00000     0.00000
     2.87000     0.00258     0.00427    -0.01296     0.00000     0.00000     0.00000     0.00000     0.00000
     2.87500     0.00256     0.00424    -0.01285     0.00000     0.00000     0.00000     0.00000     0.00000
     2.88000     0.00254     0.00421    -0.01275     0.00000     0.00000     0.00000     0.00000     0.00000
     2.88500     0.00252     0.00418    -0.01264     0.00000     0.00000     0.00000     0.00000     0.00000
     2.89000     0.00250     0.00416    -0.01254     0.00000     0.00000     0.00000     0.00000     0.00000
     2.89500     0.00248     0.00413    -0.01243     0.00000     0.00000     0.00000     0.00000     0.00000
     2.90000     0.00246     0.00410    -0.01233     0.00000     0.00000     0.00000     0.00000     0.00000
     2.90500     0.00244     0.00407    -0.01223     0.00000     0.00000     0.00000     0.00000     0.00000
     2.91000     0.00242     0.00404    -0.01213     0.00000     0.00000     0.00000     0.00000     0.00000
     2.91500     0.00240     0.00402    -0.01202     0.00000     0.00000     0.00000     0.00000     0.00000
     2.92000     0.00238     0.00399    -0.01192     0.00000     0.00000     0.00000     0.00000     0.00000
     2.92500     0.00236     0.00396    -0.01183     0.00000     0.00000     0.00000     0.00000     0.00000
     2.93000     0.00234     0.00393    -0.01173     0.00000     0.00000     0.00000     0.00000     0.00000
     2.93500     0.00233     0.00391    -0.01163     0.00000     0.00000     0.00000     0.00000     0.00000
     2.94000     0.00231     0.00388    -0.01153     0.00000     0.00000     0.00000     0.00000     0.00000
     2.94500     0.00229     0.00385    -0.01144     0.00000     0.00000     0.00000     0.00000     0.00000
     2.95000     0.00227     0.00383    -0.01134     0.00000     0.00000     0.00000     0.00000     0.00000
     2.95500     0.00225     0.00380    -0.01125     0.00000     0.00000     0.00000     0.00000     0.00000
     2.96000     0.00224     0.00377    -0.01115     0.00000     0.00000     0.00000     0.00000     0.00000
     2.96500     0.00222     0.00375    -0.01106     0.00000     0.00000     0.00000     0.00000     0.00000
     2.97000     0.00220     0.00372    -0.01097     0.00000     0.00000     0.00000     0.00000     0.00000
     2.97500     0.00218     0.00370    -0.01088     0.00000     0.00000     0.00000     0.00000     0.00000
     2.98000     0.00217     0.00367    -0.01079     0.00000     0.00000     0.00000     0.00000     0.00000
     2.98500     0.00215     0.00365    -0.01070     0.00000     0.00000     0.00000     0.00000     0.00000
     2.99000     0.00213     0.00362    -0.01061     0.00000     0.00000     0.00000     0.00000     0.00000
     2.99500     0.00211     0.00360    -0.01052     0.00000     0.00000     0.00000     0.00000     0.00000
     3.00000     0.00210     0.00357    -0.01043     0.00000     0.00000     0.00000     0.00000     0.00000
     3.00500     0.00208     0.00355    -0.01035     0.00000     0.00000     0.00000     0.00000     0.00000
     3.01000     0.00206     0.00352    -0.01026     0.00000     0.00000     0.00000     0.00000     0.00000
     3.01500     0.00205     0.00350    -0.01017     0.00000     0.00000     0.00000     0.00000     0.00000
     3.02000     0.00203     0.00347    -0.01009     0.00000     0.00000     0.00000     0.00000     0.00000
     3.02500     0.00202     0.00345    -0.01001     0.00000     0.00000     0.00000     0.00000     0.00000
     3.03000     0.00200     0.00343    -0.00992     0.00000     0.00000     0.00000     0.00000     0.00000
     3.03500     0.00198     0.00340    -0.00984     0.00000     0.00000     0.00000     0.00000     0.00000
     3.04000     0.00197     0.00338    -0.00976     0.00000     0.00000     0.00000     0.00000     0.00000
     3.04500     0.00195     0.00336    -0.00968     0.00000     0.00000     0.00000     0.00000     0.00000
     3.05000     0.00194     0.00333    -0.00960     0.00000     0.00000     0.00000     0.00000     0.00000
     3.05500     0.00192     0.00331    -0.00952     0.00000     0.00000     0.00000     0.00000     0.00000
     3.06000     0.00191     0.00329    -0.00944     0.00000     0.00000     0.00000     0.00000     0.00000
     3.06500     0.00189     0.00326    -0.00936     0.00000     0.00000     0.00000     0.00000     0.00000
     3.07000     0.00188     0.00324    -0.00928     0.00000     0.00000     0.00000     0.00000     0.00000
     3.07500     0.00186     0.00322    -0.00920     0.00000     0.00000     0.00000     0.00000     0.00000
     3.08000     0.00185     0.00320    -0.00913     0.00000     0.00000     0.00000     0.00000     0.00000
     3.08500     0.00183     0.00318    -0.00905     0.00000     0.00000     0.00000     0.00000     0.00000
     3.09000     0.00182     0.00315    -0.00898     0.00000     0.00000     0.00000     0.00000     0.00000
     3.09500     0.00180     0.00313    -0.00890     0.00000     0.00000     0.00000     0.00000     0.00000
     3.10000     0.00179     0.00311    -0.00883     0.00000     0.00000     0.00000     0.00000     0.00000
     3.10500     0.00178     0.00309    -0.00875     0.00000     0.00000     0.00000     0.00000     0.00000
     3.11000     0.00176     0.00307    -0.00868     0.00000     0.00000     0.00000     0.00000     0.00000
     3.11500     0.00175     0.00305    -0.00861     0.00000     0.00000     0.00000     0.00000     0.00000
     3.12000     0.00173     0.00302    -0.00854     0.00000     0.00000     0.00000     0.00000     0.00000
     3.12500     0.00172     0.00300    -0.00847     0.00000     0.00000     0.00000     0.00000     0.00000
     3.13000     0.00171     0.00298    -0.00840     0.00000     0.00000     0.00000     0.00000     0.00000
     3.13500     0.00169     0.00296    -0.00833     0.00000     0.00000     0.00000     0.00000     0.00000
     3.14000     0.00168     0.00294    -0.00826     0.00000     0.00000     0.00000     0.00000     0.00000
     3.14500     0.00167     0.00292    -0.00819     0.00000     0.00000     0.00000     0.00000     0.00000
     3.15000     0.00165     0.00290    -0.00812     0.00000     0.00000     0.00000     0.00000     0.00000
     3.15500     0.00164     0.00288    -0.00805     0.00000     0.00000     0.00000     0.00000     0.00000
     3.16000     0.00163     0.00286    -0.00798     0.00000     0.00000     0.00000     0.00000     0.00000
     3.16500     0.00161     0.00284    -0.00792     0.00000     0.00000     0.00000     0.00000     0.00000
     3.17000     0.00160     0.00282    -0.00785     0.00000     0.00000     0.00000     0.00000     0.00000
     3.17500     0.00159     0.00280    -0.00779     0.00000     0.00000     0.00000     0.00000     0.00000
     3.18000     0.00158     0.00278    -0.00772     0.00000     0.00000     0.00000     0.00000     0.00000
     3.18500     0.00156     0.00276    -0.00766     0.00000     0.00000     0.00000     0.00000     0.00000
     3.19000     0.00155     0.00274    -0.00759     0.00000     0.00000     0.00000     0.00000     0.00000
     3.19500     0.00154     0.00272    -0.00753     0.00000     0.00000     0.00000     0.00000     0.00000
     3.20000     0.00153     0.00270    -0.00747     0.00000     0.00000     0.00000     0.00000     0.00000
     3.20500     0.00151     0.00268    -0.00741     0.00000     0.00000     0.00000     0.00000     0.00000
     3.21000     0.00150     0.00267    -0.00734     0.00000     0.00000     0.00000     0.00000     0.00000
     3.21500     0.00149     0.00265    -0.00728     0.00000     0.00000     0.00000     0.00000     0.00000
     3.22000     0.00148     0.00263    -0.00722     0.00000     0.00000     0.00000     0.00000     0.00000
     3.22500     0.00147     0.00261    -0.00716     0.00000     0.00000     0.00000     0.00000     0.00000
     3.23000     0.00146     0.00259    -0.00710     0.00000     0.00000     0.00000     0.00000     0.00000
     3.23500     0.00144     0.00257    -0.00704     0.00000     0.00000     0.00000     0.00000     0.00000
     3.24000     0.00143     0.00256    -0.00698     0.00000     0.00000     0.00000     0.00000     0.00000
     3.24500     0.00142     0.00254    -0.00693     0.00000     0.00000     0.00000     0.00000     0.00000
     3.25000     0.00141     0.00252    -0.00687     0.00000     0.00000     0.00000     0.00000     0.00000
     3.25500     0.00140     0.00250    -0.00681     0.00000     0.00000     0.00000     0.00000     0.00000
     3.26000     0.00139     0.00248    -0.00675     0.00000     0.00000     0.00000     0.00000     0.00000
     3.26500     0.00138     0.00247    -0.00670     0.00000     0.00000     0.00000     0.00000     0.00000
     3.27000     0.00137     0.00245    -0.00664     0.00000     0.00000     0.00000     0.00000     0.00000
     3.27500     0.00135     0.00243    -0.00659     0.00000     0.00000     0.00000     0.00000     0.00000
     3.28000     0.00134     0.00242    -0.00653     0.00000     0.00000     0.00000     0.00000     0.00000
     3.28500     0.00133     0.00240    -0.00648     0.00000     0.00000     0.00000     0.00000     0.00000
     3.29000     0.00132     0.00238    -0.00642     0.00000     0.00000     0.00000     0.00000     0.00000
     3.29500     0.00131     0.00236    -0.00637     0.00000     0.00000     0.00000     0.00000     0.00000
     3.30000     0.00130     0.00235    -0.00632     0.00000     0.00000     0.00000     0.00000     0.00000
     3.30500     0.00129     0.00233    -0.00626     0.00000     0.00000     0.00000     0.00000     0.00000
     3.31000     0.00128     0.00231    -0.00621     0.00000     0.00000     0.00000     0.00000     0.00000
     3.31500     0.00127     0.00230    -0.00616     0.00000     0.00000     0.00000     0.00000     0.00000
     3.32000     0.00126     0.00228    -0.00611     0.00000     0.00000     0.00000     0.00000     0.00000
     3.32500     0.00125     0.00227    -0.00606     0.00000     0.00000     0.00000     0.00000     0.00000
     3.33000     0.00124     0.00225    -0.00601     0.00000     0.00000     0.00000     0.00000     0.00000
     3.33500     0.00123     0.00223    -0.00596     0.00000     0.00000     0.00000     0.00000     0.00000
     3.34000     0.00122     0.00222    -0.00591     0.00000     0.00000     0.00000     0.00000     0.00000
     3.34500     0.00121     0.00220    -0.00586     0.00000     0.00000     0.00000     0.00000     0.00000
     3.35000     0.00120     0.00219    -0.00581     0.00000     0.00000     0.00000     0.00000     0.00000
     3.35500     0.00119     0.00217    -0.00576     0.00000     0.00000     0.00000     0.00000     0.00000
     3.36000     0.00118     0.00216    -0.00571     0.00000     0.00000     0.00000     0.00000     0.00000
     3.36500     0.00117     0.00214    -0.00567     0.00000     0.00000     0.00000     0.00000     0.00000
     3.37000     0.00117     0.00213    -0.00562     0.00000     0.00000     0.00000     0.00000     0.00000
     3.37500     0.00116     0.00211    -0.00557     0.00000     0.00000     0.00000     0.00000     0.00000
     3.38000     0.00115     0.00210    -0.00553     0.00000     0.00000     0.00000     0.00000     0.00000
     3.38500     0.00114     0.00208    -0.00548     0.00000     0.00000     0.00000     0.00000     0.00000
     3.39000     0.00113     0.00207    -0.00543     0.00000     0.00000     0.00000     0.00000     0.00000
     3.39500     0.00112     0.00205    -0.00539     0.00000     0.00000     0.00000     0.00000     0.00000
     3.40000     0.00111     0.00204    -0.00534     0.00000     0.00000     0.00000     0.00000     0.00000
     3.40500     0.00110     0.00202    -0.00530     0.00000     0.00000     0.00000     0.00000     0.00000
     3.41000     0.00109     0.00201    -0.00526     0.00000     0.00000     0.00000     0.00000     0.00000
     3.41500     0.00108     0.00199    -0.00521     0.00000     0.00000     0.00000     0.00000     0.00000
     3.42000     0.00108     0.00198    -0.00517     0.00000     0.00000     0.00000     0.00000     0.00000
     3.42500     0.00107     0.00197    -0.00513     0.00000     0.00000     0.00000     0.00000     0.00000
     3.43000     0.00106     0.00195    -0.00508     0.00000     0.00000     0.00000     0.00000     0.00000
     3.43500     0.00105     0.00194    -0.00504     0.00000     0.00000     0.00000     0.00000     0.00000
     3.44000     0.00104     0.00192    -0.00500     0.00000     0.00000     0.00000     0.00000     0.00000
     3.44500     0.00103     0.00191    -0.00496     0.00000     0.00000     0.00000     0.00000     0.00000
     3.45000     0.00103     0.00190    -0.00492     0.00000     0.00000     0.00000     0.00000     0.00000
     3.45500     0.00102     0.00188    -0.00487     0.00000     0.00000     0.00000     0.00000     0.00000
     3.46000     0.00101     0.00187    -0.00483     0.00000     0.00000     0.00000     0.00000     0.00000
     3.46500     0.00100     0.00186    -0.00479     0.00000     0.00000     0.00000     0.00000     0.00000
     3.47000     0.00099     0.00184    -0.00475     0.00000     0.00000     0.00000     0.00000     0.00000
     3.47500     0.00099     0.00183    -0.00471     0.00000     0.00000     0.00000     0.00000     0.00000
     3.48000     0.00098     0.00182    -0.00467     0.00000     0.00000     0.00000     0.00000     0.00000
     3.48500     0.00097     0.00180    -0.00464     0.00000     0.00000     0.00000     0.00000     0.00000
     3.49000     0.00096     0.00179    -0.00460     0.00000     0.00000     0.00000     0.00000     0.00000
     3.49500     0.00096     0.00178    -0.00456     0.00000     0.00000     0.00000     0.00000     0.00000
     3.50000     0.00095     0.00177    -0.00452     0.00000     0.00000     0.00000     0.00000     0.00000
     3.50500     0.00094     0.00175    -0.00448     0.00000     0.00000     0.00000     0.00000     0.00000
     3.51000     0.00093     0.00174    -0.00445     0.00000     0.00000     0.00000     0.00000     0.00000
     3.51500     0.00093     0.00173    -0.00441     0.00000     0.00000     0.00000     0.00000     0.00000
     3.52000     0.00092     0.00172    -0.00437     0.00000     0.00000     0.00000     0.00000     0.00000
     3.52500     0.00091     0.00170    -0.00434     0.00000     0.00000     0.00000     0.00000     0.00000
     3.53000     0.00090     0.00169    -0.00430     0.00000     0.00000     0.00000     0.00000     0.00000
     3.53500     0.00090     0.00168    -0.00426     0.00000     0.00000     0.00000     0.00000     0.00000
     3.54000     0.00089     0.00167    -0.00423     0.00000     0.00000     0.00000     0.00000     0.00000
     3.54500     0.00088     0.00166    -0.00419     0.00000     0.00000     0.00000     0.00000     0.00000
     3.55000     0.00088     0.00164    -0.00416     0.00000     0.00000     0.00000     0.00000     0.00000
     3.55500     0.00087     0.00163    -0.00412     0.00000     0.00000     0.00000     0.00000     0.00000
     3.56000     0.00086     0.00162    -0.00409     0.00000     0.00000     0.00000     0.00000     0.00000
     3.56500     0.00086     0.00161    -0.00405     0.00000     0.00000     0.00000     0.00000     0.00000
     3.57000     0.00085     0.00160    -0.00402     0.00000     0.00000     0.00000     0.00000     0.00000
     3.57500     0.00084     0.00159    -0.00399     0.00000     0.00000     0.00000     0.00000     0.00000
     3.58000     0.00083     0.00157    -0.00395     0.00000     0.00000     0.00000     0.00000     0.00000
     3.58500     0.00083     0.00156    -0.00392     0.00000     0.00000     0.00000     0.00000     0.00000
     3.59000     0.00082     0.00155    -0.00389     0.00000     0.00000     0.00000     0.00000     0.00000
     3.59500     0.00082     0.00154    -0.00386     0.00000     0.00000     0.00000     0.00000     0.00000
     3.60000     0.00081     0.00153    -0.00382     0.00000     0.00000     0.00000     0.00000     0.00000
     3.60500     0.00080     0.00152    -0.00379     0.00000     0.00000     0.00000     0.00000     0.00000
     3.61000     0.00080     0.00151    -0.00376     0.00000     0.00000     0.00000     0.00000     0.00000
     3.61500     0.00079     0.00150    -0.00373     0.00000     0.00000     0.00000     0.00000     0.00000
     3.62000     0.00078     0.00149    -0.00370     0.00000     0.00000     0.00000     0.00000     0.00000
     3.62500     0.00078     0.00148    -0.00367     0.00000     0.00000     0.00000     0.00000     0.00000
     3.63000     0.00077     0.00147    -0.00364     0.00000     0.00000     0.00000     0.00000     0.00000
     3.63500     0.00077     0.00145    -0.00361     0.00000     0.00000     0.00000     0.00000     0.00000
     3.64000     0.00076     0.00144    -0.00358     0.00000     0.00000     0.00000     0.00000     0.00000
     3.64500     0.00075     0.00143    -0.00355     0.00000     0.00000     0.00000     0.00000     0.00000
     3.65000     0.00075     0.00142    -0.00352     0.00000     0.00000     0.00000     0.00000     0.00000
     3.65500     0.00074     0.00141    -0.00349     0.00000     0.00000     0.00000     0.00000     0.00000
     3.66000     0.00074     0.00140    -0.00346     0.00000     0.00000     0.00000     0.00000     0.00000
     3.66500     0.00073     0.00139    -0.00343     0.00000     0.00000     0.00000     0.00000     0.00000
     3.67000     0.00072     0.00138    -0.00340     0.00000     0.00000     0.00000     0.00000     0.00000
     3.67500     0.00072     0.00137    -0.00337     0.00000     0.00000     0.00000     0.00000     0.00000
     3.68000     0.00071     0.00136    -0.00335     0.00000     0.00000     0.00000     0.00000     0.00000
     3.68500     0.00071     0.00135    -0.00332     0.00000     0.00000     0.00000     0.00000     0.00000
     3.69000     0.00070     0.00134    -0.00329     0.00000     0.00000     0.00000     0.00000     0.00000
     3.69500     0.00070     0.00133    -0.00326     0.00000     0.00000     0.00000     0.00000     0.00000
     3.70000     0.00069     0.00132    -0.00323     0.00000     0.00000     0.00000     0.00000     0.00000
     3.70500     0.00068     0.00131    -0.00321     0.00000     0.00000     0.00000     0.00000     0.00000
     3.71000     0.00068     0.00131    -0.00318     0.00000     0.00000     0.00000     0.00000     0.00000
     3.71500     0.00067     0.00130    -0.00315     0.00000     0.00000     0.00000     0.00000     0.00000
     3.72000     0.00067     0.00129    -0.00313     0.00000     0.00000     0.00000     0.00000     0.00000
     3.72500     0.00066     0.00128    -0.00310     0.00000     0.00000     0.00000     0.00000     0.00000
     3.73000     0.00066     0.00127    -0.00308     0.00000     0.00000     0.00000     0.00000     0.00000
     3.73500     0.00065     0.00126    -0.00305     0.00000     0.00000     0.00000     0.00000     0.00000
     3.74000     0.00065     0.00125    -0.00303     0.00000     0.00000     0.00000     0.00000     0.00000
     3.74500     0.00064     0.00124    -0.00300     0.00000     0.00000     0.00000     0.00000     0.00000
     3.75000     0.00064     0.00123    -0.00298     0.00000     0.00000     0.00000     0.00000     0.00000
     3.75500     0.00063     0.00122    -0.00295     0.00000     0.00000     0.00000     0.00000     0.00000
     3.76000     0.00063     0.00121    -0.00293     0.00000     0.00000     0.00000     0.00000     0.00000
     3.76500     0.00062     0.00121    -0.00290     0.00000     0.00000     0.00000     0.00000     0.00000
     3.77000     0.00062     0.00120    -0.00288     0.00000     0.00000     0.00000     0.00000     0.00000
     3.77500     0.00061     0.00119    -0.00285     0.00000     0.00000     0.00000     0.00000     0.00000
     3.78000     0.00061     0.00118    -0.00283     0.00000     0.00000     0.00000     0.00000     0.00000
     3.78500     0.00060     0.00117    -0.00281     0.00000     0.00000     0.00000     0.00000     0.00000
     3.79000     0.00060     0.00116    -0.00278     0.00000     0.00000     0.00000     0.00000     0.00000
     3.79500     0.00059     0.00115    -0.00276     0.00000     0.00000     0.00000     0.00000     0.00000
     3.80000     0.00059     0.00115    -0.00274     0.00000     0.00000     0.00000     0.00000     0.00000
     3.80500     0.00058     0.00114    -0.00271     0.00000     0.00000     0.00000     0.00000     0.00000
     3.81000     0.00058     0.00113    -0.00269     0.00000     0.00000     0.00000     0.00000     0.00000
     3.81500     0.00058     0.00112    -0.00267     0.00000     0.00000     0.00000     0.00000     0.00000
     3.82000     0.00057     0.00111    -0.00265     0.00000     0.00000     0.00000     0.00000     0.00000
     3.82500     0.00057     0.00110    -0.00262     0.00000     0.00000     0.00000     0.00000     0.00000
     3.83000     0.00056     0.00110    -0.00260     0.00000     0.00000     0.00000     0.00000     0.00000
     3.83500     0.00056     0.00109    -0.00258     0.00000     0.00000     0.00000     0.00000     0.00000
     3.84000     0.00055     0.00108    -0.00256     0.00000     0.00000     0.00000     0.00000     0.00000
     3.84500     0.00055     0.00107    -0.00254     0.00000     0.00000     0.00000     0.00000     0.00000
     3.85000     0.00054     0.00107    -0.00252     0.00000     0.00000     0.00000     0.00000     0.00000
     3.85500     0.00054     0.00106    -0.00250     0.00000     0.00000     0.00000     0.00000     0.00000
     3.86000     0.00054     0.00105    -0.00248     0.00000     0.00000     0.00000     0.00000     0.00000
     3.86500     0.00053     0.00104    -0.00245     0.00000     0.00000     0.00000     0.00000     0.00000
     3.87000     0.00053     0.00103    -0.00243     0.00000     0.00000     0.00000     0.00000     0.00000
     3.87500     0.00052     0.00103    -0.00241     0.00000     0.00000     0.00000     0.00000     0.00000
     3.88000     0.00052     0.00102    -0.00239     0.00000     0.00000     0.00000     0.00000     0.00000
     3.88500     0.00051     0.00101    -0.00237     0.00000     0.00000     0.00000     0.00000     0.00000
     3.89000     0.00051     0.00101    -0.00235     0.00000     0.00000     0.00000     0.00000     0.00000
     3.89500     0.00051     0.00100    -0.00233     0.00000     0.00000     0.00000     0.00000     0.00000
     3.90000     0.00050     0.00099    -0.00231     0.00000     0.00000     0.00000     0.00000     0.00000
     3.90500     0.00050     0.00098    -0.00230     0.00000     0.00000     0.00000     0.00000     0.00000
     3.91000     0.00049     0.00098    -0.00228     0.00000     0.00000     0.00000     0.00000     0.00000
     3.91500     0.00049     0.00097    -0.00226     0.00000     0.00000     0.00000     0.00000     0.00000
     3.92000     0.00049     0.00096    -0.00224     0.00000     0.00000     0.00000     0.00000     0.00000
     3.92500     0.00048     0.00096    -0.00222     0.00000     0.00000     0.00000     0.00000     0.00000
     3.93000     0.00048     0.00095    -0.00220     0.00000     0.00000     0.00000     0.00000     0.00000
     3.93500     0.00048     0.00094    -0.00218     0.00000     0.00000     0.00000     0.00000     0.00000
     3.94000     0.00047     0.00093    -0.00216     0.00000     0.00000     0.00000     0.00000     0.00000
     3.94500     0.00047     0.00093    -0.00215     0.00000     0.00000     0.00000     0.00000     0.00000
     3.95000     0.00046     0.00092    -0.00213     0.00000     0.00000     0.00000     0.00000     0.00000
     3.95500     0.00046     0.00091    -0.00211     0.00000     0.00000     0.00000     0.00000     0.00000
     3.96000     0.00046     0.00091    -0.00209     0.00000     0.00000     0.00000     0.00000     0.00000
     3.96500     0.00045     0.00090    -0.00208     0.00000     0.00000     0.00000     0.00000     0.00000
     3.97000     0.00045     0.00089    -0.00206     0.00000     0.00000     0.00000     0.00000     0.00000
     3.97500     0.00045     0.00089    -0.00204     0.00000     0.00000     0.00000     0.00000     0.00000
     3.98000     0.00044     0.00088    -0.00202     0.00000     0.00000     0.00000     0.00000     0.00000
     3.98500     0.00044     0.00087    -0.00201     0.00000     0.00000     0.00000     0.00000     0.00000
     3.99000     0.00044     0.00087    -0.00199     0.00000     0.00000     0.00000     0.00000     0.00000
     3.99500     0.00043     0.00086    -0.00197     0.00000     0.00000     0.00000     0.00000     0.00000
     4.00000     0.00043     0.00086    -0.00196     0.00000     0.00000     0.00000     0.00000     0.00000
