 # P13_1720 FF
     0.00000    -0.09714     0.25919    -0.33645     0.00000     0.00000     0.00000     0.00000     0.00000
     0.00500    -0.09884     0.26039    -0.33612     0.00000     0.00000     0.00000     0.00000     0.00000
     0.01000    -0.10048     0.26148    -0.33568     0.00000     0.00000     0.00000     0.00000     0.00000
     0.01500    -0.10207     0.26249    -0.33516     0.00000     0.00000     0.00000     0.00000     0.00000
     0.02000    -0.10361     0.26340    -0.33455     0.00000     0.00000     0.00000     0.00000     0.00000
     0.02500    -0.10510     0.26423    -0.33385     0.00000     0.00000     0.00000     0.00000     0.00000
     0.03000    -0.10654     0.26497    -0.33308     0.00000     0.00000     0.00000     0.00000     0.00000
     0.03500    -0.10793     0.26563    -0.33223     0.00000     0.00000     0.00000     0.00000     0.00000
     0.04000    -0.10927     0.26622    -0.33131     0.00000     0.00000     0.00000     0.00000     0.00000
     0.04500    -0.11057     0.26673    -0.33032     0.00000     0.00000     0.00000     0.00000     0.00000
     0.05000    -0.11183     0.26717    -0.32927     0.00000     0.00000     0.00000     0.00000     0.00000
     0.05500    -0.11304     0.26754    -0.32816     0.00000     0.00000     0.00000     0.00000     0.00000
     0.06000    -0.11420     0.26785    -0.32700     0.00000     0.00000     0.00000     0.00000     0.00000
     0.06500    -0.11533     0.26809    -0.32578     0.00000     0.00000     0.00000     0.00000     0.00000
     0.07000    -0.11642     0.26828    -0.32451     0.00000     0.00000     0.00000     0.00000     0.00000
     0.07500    -0.11746     0.26840    -0.32319     0.00000     0.00000     0.00000     0.00000     0.00000
     0.08000    -0.11847     0.26847    -0.32182     0.00000     0.00000     0.00000     0.00000     0.00000
     0.08500    -0.11944     0.26848    -0.32041     0.00000     0.00000     0.00000     0.00000     0.00000
     0.09000    -0.12037     0.26844    -0.31897     0.00000     0.00000     0.00000     0.00000     0.00000
     0.09500    -0.12126     0.26835    -0.31748     0.00000     0.00000     0.00000     0.00000     0.00000
     0.10000    -0.12212     0.26822    -0.31596     0.00000     0.00000     0.00000     0.00000     0.00000
     0.10500    -0.12295     0.26803    -0.31440     0.00000     0.00000     0.00000     0.00000     0.00000
     0.11000    -0.12374     0.26781    -0.31282     0.00000     0.00000     0.00000     0.00000     0.00000
     0.11500    -0.12450     0.26753    -0.31120     0.00000     0.00000     0.00000     0.00000     0.00000
     0.12000    -0.12522     0.26722    -0.30956     0.00000     0.00000     0.00000     0.00000     0.00000
     0.12500    -0.12592     0.26687    -0.30789     0.00000     0.00000     0.00000     0.00000     0.00000
     0.13000    -0.12658     0.26648    -0.30620     0.00000     0.00000     0.00000     0.00000     0.00000
     0.13500    -0.12721     0.26605    -0.30448     0.00000     0.00000     0.00000     0.00000     0.00000
     0.14000    -0.12782     0.26559    -0.30274     0.00000     0.00000     0.00000     0.00000     0.00000
     0.14500    -0.12839     0.26510    -0.30099     0.00000     0.00000     0.00000     0.00000     0.00000
     0.15000    -0.12894     0.26457    -0.29921     0.00000     0.00000     0.00000     0.00000     0.00000
     0.15500    -0.12946     0.26401    -0.29742     0.00000     0.00000     0.00000     0.00000     0.00000
     0.16000    -0.12995     0.26342    -0.29562     0.00000     0.00000     0.00000     0.00000     0.00000
     0.16500    -0.13042     0.26280    -0.29380     0.00000     0.00000     0.00000     0.00000     0.00000
     0.17000    -0.13086     0.26216    -0.29197     0.00000     0.00000     0.00000     0.00000     0.00000
     0.17500    -0.13127     0.26149    -0.29012     0.00000     0.00000     0.00000     0.00000     0.00000
     0.18000    -0.13167     0.26079    -0.28827     0.00000     0.00000     0.00000     0.00000     0.00000
     0.18500    -0.13203     0.26007    -0.28640     0.00000     0.00000     0.00000     0.00000     0.00000
     0.19000    -0.13238     0.25932    -0.28453     0.00000     0.00000     0.00000     0.00000     0.00000
     0.19500    -0.13270     0.25856    -0.28265     0.00000     0.00000     0.00000     0.00000     0.00000
     0.20000    -0.13300     0.25777    -0.28077     0.00000     0.00000     0.00000     0.00000     0.00000
     0.20500    -0.13328     0.25696    -0.27888     0.00000     0.00000     0.00000     0.00000     0.00000
     0.21000    -0.13353     0.25613    -0.27698     0.00000     0.00000     0.00000     0.00000     0.00000
     0.21500    -0.13377     0.25528    -0.27508     0.00000     0.00000     0.00000     0.00000     0.00000
     0.22000    -0.13398     0.25442    -0.27317     0.00000     0.00000     0.00000     0.00000     0.00000
     0.22500    -0.13418     0.25353    -0.27127     0.00000     0.00000     0.00000     0.00000     0.00000
     0.23000    -0.13435     0.25263    -0.26936     0.00000     0.00000     0.00000     0.00000     0.00000
     0.23500    -0.13451     0.25172    -0.26745     0.00000     0.00000     0.00000     0.00000     0.00000
     0.24000    -0.13465     0.25079    -0.26554     0.00000     0.00000     0.00000     0.00000     0.00000
     0.24500    -0.13477     0.24984    -0.26363     0.00000     0.00000     0.00000     0.00000     0.00000
     0.25000    -0.13487     0.24888    -0.26172     0.00000     0.00000     0.00000     0.00000     0.00000
     0.25500    -0.13496     0.24791    -0.25982     0.00000     0.00000     0.00000     0.00000     0.00000
     0.26000    -0.13503     0.24693    -0.25791     0.00000     0.00000     0.00000     0.00000     0.00000
     0.26500    -0.13508     0.24593    -0.25601     0.00000     0.00000     0.00000     0.00000     0.00000
     0.27000    -0.13512     0.24493    -0.25411     0.00000     0.00000     0.00000     0.00000     0.00000
     0.27500    -0.13514     0.24391    -0.25221     0.00000     0.00000     0.00000     0.00000     0.00000
     0.28000    -0.13515     0.24288    -0.25032     0.00000     0.00000     0.00000     0.00000     0.00000
     0.28500    -0.13514     0.24184    -0.24843     0.00000     0.00000     0.00000     0.00000     0.00000
     0.29000    -0.13512     0.24080    -0.24654     0.00000     0.00000     0.00000     0.00000     0.00000
     0.29500    -0.13508     0.23974    -0.24467     0.00000     0.00000     0.00000     0.00000     0.00000
     0.30000    -0.13503     0.23868    -0.24279     0.00000     0.00000     0.00000     0.00000     0.00000
     0.30500    -0.13496     0.23761    -0.24092     0.00000     0.00000     0.00000     0.00000     0.00000
     0.31000    -0.13488     0.23653    -0.23906     0.00000     0.00000     0.00000     0.00000     0.00000
     0.31500    -0.13479     0.23544    -0.23720     0.00000     0.00000     0.00000     0.00000     0.00000
     0.32000    -0.13469     0.23435    -0.23535     0.00000     0.00000     0.00000     0.00000     0.00000
     0.32500    -0.13457     0.23326    -0.23351     0.00000     0.00000     0.00000     0.00000     0.00000
     0.33000    -0.13445     0.23215    -0.23167     0.00000     0.00000     0.00000     0.00000     0.00000
     0.33500    -0.13431     0.23104    -0.22985     0.00000     0.00000     0.00000     0.00000     0.00000
     0.34000    -0.13416     0.22993    -0.22803     0.00000     0.00000     0.00000     0.00000     0.00000
     0.34500    -0.13400     0.22881    -0.22621     0.00000     0.00000     0.00000     0.00000     0.00000
     0.35000    -0.13382     0.22769    -0.22441     0.00000     0.00000     0.00000     0.00000     0.00000
     0.35500    -0.13364     0.22657    -0.22261     0.00000     0.00000     0.00000     0.00000     0.00000
     0.36000    -0.13345     0.22544    -0.22082     0.00000     0.00000     0.00000     0.00000     0.00000
     0.36500    -0.13325     0.22430    -0.21904     0.00000     0.00000     0.00000     0.00000     0.00000
     0.37000    -0.13303     0.22317    -0.21727     0.00000     0.00000     0.00000     0.00000     0.00000
     0.37500    -0.13281     0.22203    -0.21551     0.00000     0.00000     0.00000     0.00000     0.00000
     0.38000    -0.13258     0.22089    -0.21376     0.00000     0.00000     0.00000     0.00000     0.00000
     0.38500    -0.13234     0.21975    -0.21201     0.00000     0.00000     0.00000     0.00000     0.00000
     0.39000    -0.13209     0.21860    -0.21028     0.00000     0.00000     0.00000     0.00000     0.00000
     0.39500    -0.13183     0.21746    -0.20856     0.00000     0.00000     0.00000     0.00000     0.00000
     0.40000    -0.13157     0.21631    -0.20684     0.00000     0.00000     0.00000     0.00000     0.00000
     0.40500    -0.13129     0.21516    -0.20513     0.00000     0.00000     0.00000     0.00000     0.00000
     0.41000    -0.13101     0.21401    -0.20344     0.00000     0.00000     0.00000     0.00000     0.00000
     0.41500    -0.13072     0.21287    -0.20175     0.00000     0.00000     0.00000     0.00000     0.00000
     0.42000    -0.13043     0.21171    -0.20008     0.00000     0.00000     0.00000     0.00000     0.00000
     0.42500    -0.13012     0.21056    -0.19841     0.00000     0.00000     0.00000     0.00000     0.00000
     0.43000    -0.12981     0.20941    -0.19676     0.00000     0.00000     0.00000     0.00000     0.00000
     0.43500    -0.12949     0.20826    -0.19511     0.00000     0.00000     0.00000     0.00000     0.00000
     0.44000    -0.12917     0.20711    -0.19348     0.00000     0.00000     0.00000     0.00000     0.00000
     0.44500    -0.12884     0.20597    -0.19185     0.00000     0.00000     0.00000     0.00000     0.00000
     0.45000    -0.12850     0.20482    -0.19024     0.00000     0.00000     0.00000     0.00000     0.00000
     0.45500    -0.12816     0.20367    -0.18864     0.00000     0.00000     0.00000     0.00000     0.00000
     0.46000    -0.12781     0.20252    -0.18704     0.00000     0.00000     0.00000     0.00000     0.00000
     0.46500    -0.12745     0.20138    -0.18546     0.00000     0.00000     0.00000     0.00000     0.00000
     0.47000    -0.12709     0.20023    -0.18389     0.00000     0.00000     0.00000     0.00000     0.00000
     0.47500    -0.12672     0.19909    -0.18233     0.00000     0.00000     0.00000     0.00000     0.00000
     0.48000    -0.12635     0.19795    -0.18078     0.00000     0.00000     0.00000     0.00000     0.00000
     0.48500    -0.12598     0.19681    -0.17924     0.00000     0.00000     0.00000     0.00000     0.00000
     0.49000    -0.12559     0.19567    -0.17771     0.00000     0.00000     0.00000     0.00000     0.00000
     0.49500    -0.12521     0.19454    -0.17619     0.00000     0.00000     0.00000     0.00000     0.00000
     0.50000    -0.12482     0.19341    -0.17468     0.00000     0.00000     0.00000     0.00000     0.00000
     0.50500    -0.12442     0.19227    -0.17318     0.00000     0.00000     0.00000     0.00000     0.00000
     0.51000    -0.12402     0.19115    -0.17170     0.00000     0.00000     0.00000     0.00000     0.00000
     0.51500    -0.12362     0.19002    -0.17022     0.00000     0.00000     0.00000     0.00000     0.00000
     0.52000    -0.12321     0.18890    -0.16876     0.00000     0.00000     0.00000     0.00000     0.00000
     0.52500    -0.12280     0.18778    -0.16730     0.00000     0.00000     0.00000     0.00000     0.00000
     0.53000    -0.12238     0.18666    -0.16586     0.00000     0.00000     0.00000     0.00000     0.00000
     0.53500    -0.12196     0.18554    -0.16442     0.00000     0.00000     0.00000     0.00000     0.00000
     0.54000    -0.12154     0.18443    -0.16300     0.00000     0.00000     0.00000     0.00000     0.00000
     0.54500    -0.12111     0.18332    -0.16159     0.00000     0.00000     0.00000     0.00000     0.00000
     0.55000    -0.12068     0.18222    -0.16019     0.00000     0.00000     0.00000     0.00000     0.00000
     0.55500    -0.12025     0.18112    -0.15880     0.00000     0.00000     0.00000     0.00000     0.00000
     0.56000    -0.11982     0.18002    -0.15742     0.00000     0.00000     0.00000     0.00000     0.00000
     0.56500    -0.11938     0.17892    -0.15605     0.00000     0.00000     0.00000     0.00000     0.00000
     0.57000    -0.11893     0.17783    -0.15469     0.00000     0.00000     0.00000     0.00000     0.00000
     0.57500    -0.11849     0.17674    -0.15334     0.00000     0.00000     0.00000     0.00000     0.00000
     0.58000    -0.11804     0.17566    -0.15200     0.00000     0.00000     0.00000     0.00000     0.00000
     0.58500    -0.11759     0.17458    -0.15067     0.00000     0.00000     0.00000     0.00000     0.00000
     0.59000    -0.11714     0.17350    -0.14935     0.00000     0.00000     0.00000     0.00000     0.00000
     0.59500    -0.11669     0.17243    -0.14804     0.00000     0.00000     0.00000     0.00000     0.00000
     0.60000    -0.11623     0.17136    -0.14674     0.00000     0.00000     0.00000     0.00000     0.00000
     0.60500    -0.11577     0.17029    -0.14546     0.00000     0.00000     0.00000     0.00000     0.00000
     0.61000    -0.11531     0.16923    -0.14418     0.00000     0.00000     0.00000     0.00000     0.00000
     0.61500    -0.11485     0.16817    -0.14291     0.00000     0.00000     0.00000     0.00000     0.00000
     0.62000    -0.11438     0.16712    -0.14166     0.00000     0.00000     0.00000     0.00000     0.00000
     0.62500    -0.11392     0.16607    -0.14041     0.00000     0.00000     0.00000     0.00000     0.00000
     0.63000    -0.11345     0.16502    -0.13917     0.00000     0.00000     0.00000     0.00000     0.00000
     0.63500    -0.11298     0.16398    -0.13794     0.00000     0.00000     0.00000     0.00000     0.00000
     0.64000    -0.11251     0.16294    -0.13673     0.00000     0.00000     0.00000     0.00000     0.00000
     0.64500    -0.11204     0.16191    -0.13552     0.00000     0.00000     0.00000     0.00000     0.00000
     0.65000    -0.11156     0.16088    -0.13432     0.00000     0.00000     0.00000     0.00000     0.00000
     0.65500    -0.11109     0.15986    -0.13313     0.00000     0.00000     0.00000     0.00000     0.00000
     0.66000    -0.11061     0.15884    -0.13196     0.00000     0.00000     0.00000     0.00000     0.00000
     0.66500    -0.11013     0.15782    -0.13079     0.00000     0.00000     0.00000     0.00000     0.00000
     0.67000    -0.10966     0.15681    -0.12963     0.00000     0.00000     0.00000     0.00000     0.00000
     0.67500    -0.10918     0.15581    -0.12848     0.00000     0.00000     0.00000     0.00000     0.00000
     0.68000    -0.10870     0.15481    -0.12734     0.00000     0.00000     0.00000     0.00000     0.00000
     0.68500    -0.10822     0.15381    -0.12621     0.00000     0.00000     0.00000     0.00000     0.00000
     0.69000    -0.10773     0.15282    -0.12509     0.00000     0.00000     0.00000     0.00000     0.00000
     0.69500    -0.10725     0.15183    -0.12397     0.00000     0.00000     0.00000     0.00000     0.00000
     0.70000    -0.10677     0.15084    -0.12287     0.00000     0.00000     0.00000     0.00000     0.00000
     0.70500    -0.10629     0.14987    -0.12178     0.00000     0.00000     0.00000     0.00000     0.00000
     0.71000    -0.10580     0.14889    -0.12069     0.00000     0.00000     0.00000     0.00000     0.00000
     0.71500    -0.10532     0.14792    -0.11962     0.00000     0.00000     0.00000     0.00000     0.00000
     0.72000    -0.10483     0.14696    -0.11855     0.00000     0.00000     0.00000     0.00000     0.00000
     0.72500    -0.10435     0.14600    -0.11750     0.00000     0.00000     0.00000     0.00000     0.00000
     0.73000    -0.10386     0.14504    -0.11645     0.00000     0.00000     0.00000     0.00000     0.00000
     0.73500    -0.10338     0.14409    -0.11541     0.00000     0.00000     0.00000     0.00000     0.00000
     0.74000    -0.10289     0.14314    -0.11438     0.00000     0.00000     0.00000     0.00000     0.00000
     0.74500    -0.10240     0.14220    -0.11335     0.00000     0.00000     0.00000     0.00000     0.00000
     0.75000    -0.10192     0.14127    -0.11234     0.00000     0.00000     0.00000     0.00000     0.00000
     0.75500    -0.10143     0.14033    -0.11134     0.00000     0.00000     0.00000     0.00000     0.00000
     0.76000    -0.10095     0.13941    -0.11034     0.00000     0.00000     0.00000     0.00000     0.00000
     0.76500    -0.10046     0.13848    -0.10935     0.00000     0.00000     0.00000     0.00000     0.00000
     0.77000    -0.09997     0.13757    -0.10837     0.00000     0.00000     0.00000     0.00000     0.00000
     0.77500    -0.09949     0.13665    -0.10740     0.00000     0.00000     0.00000     0.00000     0.00000
     0.78000    -0.09900     0.13575    -0.10644     0.00000     0.00000     0.00000     0.00000     0.00000
     0.78500    -0.09852     0.13484    -0.10549     0.00000     0.00000     0.00000     0.00000     0.00000
     0.79000    -0.09803     0.13394    -0.10454     0.00000     0.00000     0.00000     0.00000     0.00000
     0.79500    -0.09755     0.13305    -0.10360     0.00000     0.00000     0.00000     0.00000     0.00000
     0.80000    -0.09707     0.13216    -0.10267     0.00000     0.00000     0.00000     0.00000     0.00000
     0.80500    -0.09658     0.13128    -0.10175     0.00000     0.00000     0.00000     0.00000     0.00000
     0.81000    -0.09610     0.13040    -0.10084     0.00000     0.00000     0.00000     0.00000     0.00000
     0.81500    -0.09562     0.12952    -0.09993     0.00000     0.00000     0.00000     0.00000     0.00000
     0.82000    -0.09514     0.12865    -0.09903     0.00000     0.00000     0.00000     0.00000     0.00000
     0.82500    -0.09466     0.12779    -0.09814     0.00000     0.00000     0.00000     0.00000     0.00000
     0.83000    -0.09417     0.12693    -0.09726     0.00000     0.00000     0.00000     0.00000     0.00000
     0.83500    -0.09370     0.12607    -0.09639     0.00000     0.00000     0.00000     0.00000     0.00000
     0.84000    -0.09322     0.12522    -0.09552     0.00000     0.00000     0.00000     0.00000     0.00000
     0.84500    -0.09274     0.12437    -0.09466     0.00000     0.00000     0.00000     0.00000     0.00000
     0.85000    -0.09226     0.12353    -0.09381     0.00000     0.00000     0.00000     0.00000     0.00000
     0.85500    -0.09178     0.12270    -0.09296     0.00000     0.00000     0.00000     0.00000     0.00000
     0.86000    -0.09131     0.12186    -0.09213     0.00000     0.00000     0.00000     0.00000     0.00000
     0.86500    -0.09083     0.12104    -0.09130     0.00000     0.00000     0.00000     0.00000     0.00000
     0.87000    -0.09036     0.12021    -0.09048     0.00000     0.00000     0.00000     0.00000     0.00000
     0.87500    -0.08989     0.11940    -0.08966     0.00000     0.00000     0.00000     0.00000     0.00000
     0.88000    -0.08941     0.11858    -0.08885     0.00000     0.00000     0.00000     0.00000     0.00000
     0.88500    -0.08894     0.11777    -0.08805     0.00000     0.00000     0.00000     0.00000     0.00000
     0.89000    -0.08847     0.11697    -0.08726     0.00000     0.00000     0.00000     0.00000     0.00000
     0.89500    -0.08800     0.11617    -0.08647     0.00000     0.00000     0.00000     0.00000     0.00000
     0.90000    -0.08753     0.11538    -0.08569     0.00000     0.00000     0.00000     0.00000     0.00000
     0.90500    -0.08707     0.11459    -0.08492     0.00000     0.00000     0.00000     0.00000     0.00000
     0.91000    -0.08660     0.11380    -0.08415     0.00000     0.00000     0.00000     0.00000     0.00000
     0.91500    -0.08614     0.11302    -0.08339     0.00000     0.00000     0.00000     0.00000     0.00000
     0.92000    -0.08567     0.11224    -0.08264     0.00000     0.00000     0.00000     0.00000     0.00000
     0.92500    -0.08521     0.11147    -0.08189     0.00000     0.00000     0.00000     0.00000     0.00000
     0.93000    -0.08475     0.11070    -0.08115     0.00000     0.00000     0.00000     0.00000     0.00000
     0.93500    -0.08429     0.10994    -0.08042     0.00000     0.00000     0.00000     0.00000     0.00000
     0.94000    -0.08383     0.10918    -0.07969     0.00000     0.00000     0.00000     0.00000     0.00000
     0.94500    -0.08337     0.10843    -0.07897     0.00000     0.00000     0.00000     0.00000     0.00000
     0.95000    -0.08292     0.10768    -0.07826     0.00000     0.00000     0.00000     0.00000     0.00000
     0.95500    -0.08246     0.10694    -0.07755     0.00000     0.00000     0.00000     0.00000     0.00000
     0.96000    -0.08201     0.10620    -0.07685     0.00000     0.00000     0.00000     0.00000     0.00000
     0.96500    -0.08155     0.10546    -0.07616     0.00000     0.00000     0.00000     0.00000     0.00000
     0.97000    -0.08110     0.10473    -0.07547     0.00000     0.00000     0.00000     0.00000     0.00000
     0.97500    -0.08065     0.10401    -0.07479     0.00000     0.00000     0.00000     0.00000     0.00000
     0.98000    -0.08021     0.10328    -0.07411     0.00000     0.00000     0.00000     0.00000     0.00000
     0.98500    -0.07976     0.10257    -0.07344     0.00000     0.00000     0.00000     0.00000     0.00000
     0.99000    -0.07931     0.10185    -0.07278     0.00000     0.00000     0.00000     0.00000     0.00000
     0.99500    -0.07887     0.10114    -0.07212     0.00000     0.00000     0.00000     0.00000     0.00000
     1.00000    -0.07843     0.10044    -0.07147     0.00000     0.00000     0.00000     0.00000     0.00000
     1.00500    -0.07799     0.09974    -0.07082     0.00000     0.00000     0.00000     0.00000     0.00000
     1.01000    -0.07755     0.09904    -0.07018     0.00000     0.00000     0.00000     0.00000     0.00000
     1.01500    -0.07711     0.09835    -0.06954     0.00000     0.00000     0.00000     0.00000     0.00000
     1.02000    -0.07667     0.09766    -0.06891     0.00000     0.00000     0.00000     0.00000     0.00000
     1.02500    -0.07624     0.09698    -0.06829     0.00000     0.00000     0.00000     0.00000     0.00000
     1.03000    -0.07580     0.09630    -0.06767     0.00000     0.00000     0.00000     0.00000     0.00000
     1.03500    -0.07537     0.09563    -0.06706     0.00000     0.00000     0.00000     0.00000     0.00000
     1.04000    -0.07494     0.09496    -0.06645     0.00000     0.00000     0.00000     0.00000     0.00000
     1.04500    -0.07451     0.09429    -0.06585     0.00000     0.00000     0.00000     0.00000     0.00000
     1.05000    -0.07408     0.09363    -0.06526     0.00000     0.00000     0.00000     0.00000     0.00000
     1.05500    -0.07366     0.09297    -0.06466     0.00000     0.00000     0.00000     0.00000     0.00000
     1.06000    -0.07323     0.09232    -0.06408     0.00000     0.00000     0.00000     0.00000     0.00000
     1.06500    -0.07281     0.09167    -0.06350     0.00000     0.00000     0.00000     0.00000     0.00000
     1.07000    -0.07239     0.09103    -0.06292     0.00000     0.00000     0.00000     0.00000     0.00000
     1.07500    -0.07197     0.09038    -0.06235     0.00000     0.00000     0.00000     0.00000     0.00000
     1.08000    -0.07155     0.08975    -0.06179     0.00000     0.00000     0.00000     0.00000     0.00000
     1.08500    -0.07113     0.08912    -0.06123     0.00000     0.00000     0.00000     0.00000     0.00000
     1.09000    -0.07072     0.08849    -0.06068     0.00000     0.00000     0.00000     0.00000     0.00000
     1.09500    -0.07031     0.08786    -0.06013     0.00000     0.00000     0.00000     0.00000     0.00000
     1.10000    -0.06989     0.08724    -0.05958     0.00000     0.00000     0.00000     0.00000     0.00000
     1.10500    -0.06948     0.08662    -0.05904     0.00000     0.00000     0.00000     0.00000     0.00000
     1.11000    -0.06908     0.08601    -0.05851     0.00000     0.00000     0.00000     0.00000     0.00000
     1.11500    -0.06867     0.08540    -0.05798     0.00000     0.00000     0.00000     0.00000     0.00000
     1.12000    -0.06827     0.08480    -0.05745     0.00000     0.00000     0.00000     0.00000     0.00000
     1.12500    -0.06786     0.08420    -0.05693     0.00000     0.00000     0.00000     0.00000     0.00000
     1.13000    -0.06746     0.08360    -0.05642     0.00000     0.00000     0.00000     0.00000     0.00000
     1.13500    -0.06706     0.08301    -0.05590     0.00000     0.00000     0.00000     0.00000     0.00000
     1.14000    -0.06666     0.08242    -0.05540     0.00000     0.00000     0.00000     0.00000     0.00000
     1.14500    -0.06627     0.08183    -0.05490     0.00000     0.00000     0.00000     0.00000     0.00000
     1.15000    -0.06587     0.08125    -0.05440     0.00000     0.00000     0.00000     0.00000     0.00000
     1.15500    -0.06548     0.08067    -0.05391     0.00000     0.00000     0.00000     0.00000     0.00000
     1.16000    -0.06509     0.08010    -0.05342     0.00000     0.00000     0.00000     0.00000     0.00000
     1.16500    -0.06470     0.07953    -0.05293     0.00000     0.00000     0.00000     0.00000     0.00000
     1.17000    -0.06431     0.07896    -0.05245     0.00000     0.00000     0.00000     0.00000     0.00000
     1.17500    -0.06392     0.07840    -0.05198     0.00000     0.00000     0.00000     0.00000     0.00000
     1.18000    -0.06354     0.07784    -0.05151     0.00000     0.00000     0.00000     0.00000     0.00000
     1.18500    -0.06316     0.07728    -0.05104     0.00000     0.00000     0.00000     0.00000     0.00000
     1.19000    -0.06277     0.07673    -0.05058     0.00000     0.00000     0.00000     0.00000     0.00000
     1.19500    -0.06240     0.07618    -0.05012     0.00000     0.00000     0.00000     0.00000     0.00000
     1.20000    -0.06202     0.07564    -0.04967     0.00000     0.00000     0.00000     0.00000     0.00000
     1.20500    -0.06164     0.07510    -0.04922     0.00000     0.00000     0.00000     0.00000     0.00000
     1.21000    -0.06127     0.07456    -0.04877     0.00000     0.00000     0.00000     0.00000     0.00000
     1.21500    -0.06089     0.07403    -0.04833     0.00000     0.00000     0.00000     0.00000     0.00000
     1.22000    -0.06052     0.07350    -0.04789     0.00000     0.00000     0.00000     0.00000     0.00000
     1.22500    -0.06015     0.07297    -0.04746     0.00000     0.00000     0.00000     0.00000     0.00000
     1.23000    -0.05979     0.07245    -0.04703     0.00000     0.00000     0.00000     0.00000     0.00000
     1.23500    -0.05942     0.07193    -0.04660     0.00000     0.00000     0.00000     0.00000     0.00000
     1.24000    -0.05906     0.07141    -0.04618     0.00000     0.00000     0.00000     0.00000     0.00000
     1.24500    -0.05870     0.07090    -0.04576     0.00000     0.00000     0.00000     0.00000     0.00000
     1.25000    -0.05834     0.07039    -0.04535     0.00000     0.00000     0.00000     0.00000     0.00000
     1.25500    -0.05798     0.06988    -0.04494     0.00000     0.00000     0.00000     0.00000     0.00000
     1.26000    -0.05762     0.06938    -0.04453     0.00000     0.00000     0.00000     0.00000     0.00000
     1.26500    -0.05726     0.06888    -0.04413     0.00000     0.00000     0.00000     0.00000     0.00000
     1.27000    -0.05691     0.06839    -0.04373     0.00000     0.00000     0.00000     0.00000     0.00000
     1.27500    -0.05656     0.06789    -0.04333     0.00000     0.00000     0.00000     0.00000     0.00000
     1.28000    -0.05621     0.06740    -0.04294     0.00000     0.00000     0.00000     0.00000     0.00000
     1.28500    -0.05586     0.06692    -0.04255     0.00000     0.00000     0.00000     0.00000     0.00000
     1.29000    -0.05551     0.06644    -0.04216     0.00000     0.00000     0.00000     0.00000     0.00000
     1.29500    -0.05517     0.06596    -0.04178     0.00000     0.00000     0.00000     0.00000     0.00000
     1.30000    -0.05482     0.06548    -0.04140     0.00000     0.00000     0.00000     0.00000     0.00000
     1.30500    -0.05448     0.06501    -0.04103     0.00000     0.00000     0.00000     0.00000     0.00000
     1.31000    -0.05414     0.06454    -0.04066     0.00000     0.00000     0.00000     0.00000     0.00000
     1.31500    -0.05381     0.06407    -0.04029     0.00000     0.00000     0.00000     0.00000     0.00000
     1.32000    -0.05347     0.06361    -0.03993     0.00000     0.00000     0.00000     0.00000     0.00000
     1.32500    -0.05313     0.06315    -0.03956     0.00000     0.00000     0.00000     0.00000     0.00000
     1.33000    -0.05280     0.06269    -0.03921     0.00000     0.00000     0.00000     0.00000     0.00000
     1.33500    -0.05247     0.06224    -0.03885     0.00000     0.00000     0.00000     0.00000     0.00000
     1.34000    -0.05214     0.06179    -0.03850     0.00000     0.00000     0.00000     0.00000     0.00000
     1.34500    -0.05181     0.06134    -0.03815     0.00000     0.00000     0.00000     0.00000     0.00000
     1.35000    -0.05149     0.06090    -0.03781     0.00000     0.00000     0.00000     0.00000     0.00000
     1.35500    -0.05116     0.06045    -0.03746     0.00000     0.00000     0.00000     0.00000     0.00000
     1.36000    -0.05084     0.06002    -0.03713     0.00000     0.00000     0.00000     0.00000     0.00000
     1.36500    -0.05052     0.05958    -0.03679     0.00000     0.00000     0.00000     0.00000     0.00000
     1.37000    -0.05020     0.05915    -0.03646     0.00000     0.00000     0.00000     0.00000     0.00000
     1.37500    -0.04988     0.05872    -0.03613     0.00000     0.00000     0.00000     0.00000     0.00000
     1.38000    -0.04956     0.05829    -0.03580     0.00000     0.00000     0.00000     0.00000     0.00000
     1.38500    -0.04925     0.05787    -0.03548     0.00000     0.00000     0.00000     0.00000     0.00000
     1.39000    -0.04893     0.05745    -0.03516     0.00000     0.00000     0.00000     0.00000     0.00000
     1.39500    -0.04862     0.05703    -0.03484     0.00000     0.00000     0.00000     0.00000     0.00000
     1.40000    -0.04831     0.05662    -0.03452     0.00000     0.00000     0.00000     0.00000     0.00000
     1.40500    -0.04801     0.05620    -0.03421     0.00000     0.00000     0.00000     0.00000     0.00000
     1.41000    -0.04770     0.05579    -0.03390     0.00000     0.00000     0.00000     0.00000     0.00000
     1.41500    -0.04739     0.05539    -0.03359     0.00000     0.00000     0.00000     0.00000     0.00000
     1.42000    -0.04709     0.05499    -0.03329     0.00000     0.00000     0.00000     0.00000     0.00000
     1.42500    -0.04679     0.05458    -0.03299     0.00000     0.00000     0.00000     0.00000     0.00000
     1.43000    -0.04649     0.05419    -0.03269     0.00000     0.00000     0.00000     0.00000     0.00000
     1.43500    -0.04619     0.05379    -0.03240     0.00000     0.00000     0.00000     0.00000     0.00000
     1.44000    -0.04590     0.05340    -0.03210     0.00000     0.00000     0.00000     0.00000     0.00000
     1.44500    -0.04560     0.05301    -0.03181     0.00000     0.00000     0.00000     0.00000     0.00000
     1.45000    -0.04531     0.05262    -0.03153     0.00000     0.00000     0.00000     0.00000     0.00000
     1.45500    -0.04502     0.05224    -0.03124     0.00000     0.00000     0.00000     0.00000     0.00000
     1.46000    -0.04473     0.05186    -0.03096     0.00000     0.00000     0.00000     0.00000     0.00000
     1.46500    -0.04444     0.05148    -0.03068     0.00000     0.00000     0.00000     0.00000     0.00000
     1.47000    -0.04415     0.05110    -0.03040     0.00000     0.00000     0.00000     0.00000     0.00000
     1.47500    -0.04386     0.05073    -0.03013     0.00000     0.00000     0.00000     0.00000     0.00000
     1.48000    -0.04358     0.05036    -0.02986     0.00000     0.00000     0.00000     0.00000     0.00000
     1.48500    -0.04330     0.04999    -0.02959     0.00000     0.00000     0.00000     0.00000     0.00000
     1.49000    -0.04302     0.04962    -0.02932     0.00000     0.00000     0.00000     0.00000     0.00000
     1.49500    -0.04274     0.04926    -0.02905     0.00000     0.00000     0.00000     0.00000     0.00000
     1.50000    -0.04246     0.04890    -0.02879     0.00000     0.00000     0.00000     0.00000     0.00000
     1.50500    -0.04219     0.04854    -0.02853     0.00000     0.00000     0.00000     0.00000     0.00000
     1.51000    -0.04191     0.04818    -0.02827     0.00000     0.00000     0.00000     0.00000     0.00000
     1.51500    -0.04164     0.04783    -0.02802     0.00000     0.00000     0.00000     0.00000     0.00000
     1.52000    -0.04137     0.04748    -0.02777     0.00000     0.00000     0.00000     0.00000     0.00000
     1.52500    -0.04110     0.04713    -0.02752     0.00000     0.00000     0.00000     0.00000     0.00000
     1.53000    -0.04083     0.04679    -0.02727     0.00000     0.00000     0.00000     0.00000     0.00000
     1.53500    -0.04056     0.04644    -0.02702     0.00000     0.00000     0.00000     0.00000     0.00000
     1.54000    -0.04030     0.04610    -0.02678     0.00000     0.00000     0.00000     0.00000     0.00000
     1.54500    -0.04003     0.04576    -0.02654     0.00000     0.00000     0.00000     0.00000     0.00000
     1.55000    -0.03977     0.04543    -0.02630     0.00000     0.00000     0.00000     0.00000     0.00000
     1.55500    -0.03951     0.04509    -0.02606     0.00000     0.00000     0.00000     0.00000     0.00000
     1.56000    -0.03925     0.04476    -0.02582     0.00000     0.00000     0.00000     0.00000     0.00000
     1.56500    -0.03899     0.04443    -0.02559     0.00000     0.00000     0.00000     0.00000     0.00000
     1.57000    -0.03874     0.04411    -0.02536     0.00000     0.00000     0.00000     0.00000     0.00000
     1.57500    -0.03848     0.04378    -0.02513     0.00000     0.00000     0.00000     0.00000     0.00000
     1.58000    -0.03823     0.04346    -0.02490     0.00000     0.00000     0.00000     0.00000     0.00000
     1.58500    -0.03798     0.04314    -0.02468     0.00000     0.00000     0.00000     0.00000     0.00000
     1.59000    -0.03773     0.04282    -0.02446     0.00000     0.00000     0.00000     0.00000     0.00000
     1.59500    -0.03748     0.04251    -0.02424     0.00000     0.00000     0.00000     0.00000     0.00000
     1.60000    -0.03723     0.04219    -0.02402     0.00000     0.00000     0.00000     0.00000     0.00000
     1.60500    -0.03698     0.04188    -0.02380     0.00000     0.00000     0.00000     0.00000     0.00000
     1.61000    -0.03674     0.04157    -0.02359     0.00000     0.00000     0.00000     0.00000     0.00000
     1.61500    -0.03650     0.04127    -0.02338     0.00000     0.00000     0.00000     0.00000     0.00000
     1.62000    -0.03625     0.04096    -0.02316     0.00000     0.00000     0.00000     0.00000     0.00000
     1.62500    -0.03601     0.04066    -0.02296     0.00000     0.00000     0.00000     0.00000     0.00000
     1.63000    -0.03577     0.04036    -0.02275     0.00000     0.00000     0.00000     0.00000     0.00000
     1.63500    -0.03554     0.04006    -0.02254     0.00000     0.00000     0.00000     0.00000     0.00000
     1.64000    -0.03530     0.03977    -0.02234     0.00000     0.00000     0.00000     0.00000     0.00000
     1.64500    -0.03507     0.03947    -0.02214     0.00000     0.00000     0.00000     0.00000     0.00000
     1.65000    -0.03483     0.03918    -0.02194     0.00000     0.00000     0.00000     0.00000     0.00000
     1.65500    -0.03460     0.03889    -0.02174     0.00000     0.00000     0.00000     0.00000     0.00000
     1.66000    -0.03437     0.03861    -0.02155     0.00000     0.00000     0.00000     0.00000     0.00000
     1.66500    -0.03414     0.03832    -0.02135     0.00000     0.00000     0.00000     0.00000     0.00000
     1.67000    -0.03391     0.03804    -0.02116     0.00000     0.00000     0.00000     0.00000     0.00000
     1.67500    -0.03369     0.03776    -0.02097     0.00000     0.00000     0.00000     0.00000     0.00000
     1.68000    -0.03346     0.03748    -0.02078     0.00000     0.00000     0.00000     0.00000     0.00000
     1.68500    -0.03324     0.03720    -0.02060     0.00000     0.00000     0.00000     0.00000     0.00000
     1.69000    -0.03302     0.03692    -0.02041     0.00000     0.00000     0.00000     0.00000     0.00000
     1.69500    -0.03280     0.03665    -0.02023     0.00000     0.00000     0.00000     0.00000     0.00000
     1.70000    -0.03258     0.03638    -0.02004     0.00000     0.00000     0.00000     0.00000     0.00000
     1.70500    -0.03236     0.03611    -0.01986     0.00000     0.00000     0.00000     0.00000     0.00000
     1.71000    -0.03214     0.03584    -0.01969     0.00000     0.00000     0.00000     0.00000     0.00000
     1.71500    -0.03192     0.03558    -0.01951     0.00000     0.00000     0.00000     0.00000     0.00000
     1.72000    -0.03171     0.03531    -0.01933     0.00000     0.00000     0.00000     0.00000     0.00000
     1.72500    -0.03150     0.03505    -0.01916     0.00000     0.00000     0.00000     0.00000     0.00000
     1.73000    -0.03129     0.03479    -0.01899     0.00000     0.00000     0.00000     0.00000     0.00000
     1.73500    -0.03107     0.03453    -0.01882     0.00000     0.00000     0.00000     0.00000     0.00000
     1.74000    -0.03087     0.03428    -0.01865     0.00000     0.00000     0.00000     0.00000     0.00000
     1.74500    -0.03066     0.03402    -0.01848     0.00000     0.00000     0.00000     0.00000     0.00000
     1.75000    -0.03045     0.03377    -0.01831     0.00000     0.00000     0.00000     0.00000     0.00000
     1.75500    -0.03025     0.03352    -0.01815     0.00000     0.00000     0.00000     0.00000     0.00000
     1.76000    -0.03004     0.03327    -0.01799     0.00000     0.00000     0.00000     0.00000     0.00000
     1.76500    -0.02984     0.03303    -0.01782     0.00000     0.00000     0.00000     0.00000     0.00000
     1.77000    -0.02964     0.03278    -0.01766     0.00000     0.00000     0.00000     0.00000     0.00000
     1.77500    -0.02944     0.03254    -0.01751     0.00000     0.00000     0.00000     0.00000     0.00000
     1.78000    -0.02924     0.03229    -0.01735     0.00000     0.00000     0.00000     0.00000     0.00000
     1.78500    -0.02904     0.03205    -0.01719     0.00000     0.00000     0.00000     0.00000     0.00000
     1.79000    -0.02884     0.03182    -0.01704     0.00000     0.00000     0.00000     0.00000     0.00000
     1.79500    -0.02865     0.03158    -0.01688     0.00000     0.00000     0.00000     0.00000     0.00000
     1.80000    -0.02845     0.03135    -0.01673     0.00000     0.00000     0.00000     0.00000     0.00000
     1.80500    -0.02826     0.03111    -0.01658     0.00000     0.00000     0.00000     0.00000     0.00000
     1.81000    -0.02807     0.03088    -0.01643     0.00000     0.00000     0.00000     0.00000     0.00000
     1.81500    -0.02788     0.03065    -0.01629     0.00000     0.00000     0.00000     0.00000     0.00000
     1.82000    -0.02769     0.03042    -0.01614     0.00000     0.00000     0.00000     0.00000     0.00000
     1.82500    -0.02750     0.03020    -0.01600     0.00000     0.00000     0.00000     0.00000     0.00000
     1.83000    -0.02731     0.02997    -0.01585     0.00000     0.00000     0.00000     0.00000     0.00000
     1.83500    -0.02713     0.02975    -0.01571     0.00000     0.00000     0.00000     0.00000     0.00000
     1.84000    -0.02694     0.02953    -0.01557     0.00000     0.00000     0.00000     0.00000     0.00000
     1.84500    -0.02676     0.02931    -0.01543     0.00000     0.00000     0.00000     0.00000     0.00000
     1.85000    -0.02657     0.02909    -0.01529     0.00000     0.00000     0.00000     0.00000     0.00000
     1.85500    -0.02639     0.02887    -0.01515     0.00000     0.00000     0.00000     0.00000     0.00000
     1.86000    -0.02621     0.02866    -0.01502     0.00000     0.00000     0.00000     0.00000     0.00000
     1.86500    -0.02603     0.02844    -0.01488     0.00000     0.00000     0.00000     0.00000     0.00000
     1.87000    -0.02586     0.02823    -0.01475     0.00000     0.00000     0.00000     0.00000     0.00000
     1.87500    -0.02568     0.02802    -0.01462     0.00000     0.00000     0.00000     0.00000     0.00000
     1.88000    -0.02550     0.02781    -0.01449     0.00000     0.00000     0.00000     0.00000     0.00000
     1.88500    -0.02533     0.02760    -0.01436     0.00000     0.00000     0.00000     0.00000     0.00000
     1.89000    -0.02515     0.02740    -0.01423     0.00000     0.00000     0.00000     0.00000     0.00000
     1.89500    -0.02498     0.02719    -0.01410     0.00000     0.00000     0.00000     0.00000     0.00000
     1.90000    -0.02481     0.02699    -0.01397     0.00000     0.00000     0.00000     0.00000     0.00000
     1.90500    -0.02464     0.02679    -0.01385     0.00000     0.00000     0.00000     0.00000     0.00000
     1.91000    -0.02447     0.02659    -0.01372     0.00000     0.00000     0.00000     0.00000     0.00000
     1.91500    -0.02430     0.02639    -0.01360     0.00000     0.00000     0.00000     0.00000     0.00000
     1.92000    -0.02414     0.02619    -0.01348     0.00000     0.00000     0.00000     0.00000     0.00000
     1.92500    -0.02397     0.02600    -0.01336     0.00000     0.00000     0.00000     0.00000     0.00000
     1.93000    -0.02381     0.02580    -0.01324     0.00000     0.00000     0.00000     0.00000     0.00000
     1.93500    -0.02364     0.02561    -0.01312     0.00000     0.00000     0.00000     0.00000     0.00000
     1.94000    -0.02348     0.02542    -0.01300     0.00000     0.00000     0.00000     0.00000     0.00000
     1.94500    -0.02332     0.02523    -0.01289     0.00000     0.00000     0.00000     0.00000     0.00000
     1.95000    -0.02316     0.02504    -0.01277     0.00000     0.00000     0.00000     0.00000     0.00000
     1.95500    -0.02300     0.02485    -0.01266     0.00000     0.00000     0.00000     0.00000     0.00000
     1.96000    -0.02284     0.02467    -0.01254     0.00000     0.00000     0.00000     0.00000     0.00000
     1.96500    -0.02268     0.02448    -0.01243     0.00000     0.00000     0.00000     0.00000     0.00000
     1.97000    -0.02252     0.02430    -0.01232     0.00000     0.00000     0.00000     0.00000     0.00000
     1.97500    -0.02237     0.02412    -0.01221     0.00000     0.00000     0.00000     0.00000     0.00000
     1.98000    -0.02221     0.02394    -0.01210     0.00000     0.00000     0.00000     0.00000     0.00000
     1.98500    -0.02206     0.02376    -0.01199     0.00000     0.00000     0.00000     0.00000     0.00000
     1.99000    -0.02191     0.02358    -0.01189     0.00000     0.00000     0.00000     0.00000     0.00000
     1.99500    -0.02176     0.02340    -0.01178     0.00000     0.00000     0.00000     0.00000     0.00000
     2.00000    -0.02160     0.02323    -0.01167     0.00000     0.00000     0.00000     0.00000     0.00000
     2.00500    -0.02145     0.02305    -0.01157     0.00000     0.00000     0.00000     0.00000     0.00000
     2.01000    -0.02131     0.02288    -0.01147     0.00000     0.00000     0.00000     0.00000     0.00000
     2.01500    -0.02116     0.02271    -0.01136     0.00000     0.00000     0.00000     0.00000     0.00000
     2.02000    -0.02101     0.02254    -0.01126     0.00000     0.00000     0.00000     0.00000     0.00000
     2.02500    -0.02087     0.02237    -0.01116     0.00000     0.00000     0.00000     0.00000     0.00000
     2.03000    -0.02072     0.02220    -0.01106     0.00000     0.00000     0.00000     0.00000     0.00000
     2.03500    -0.02058     0.02204    -0.01096     0.00000     0.00000     0.00000     0.00000     0.00000
     2.04000    -0.02043     0.02187    -0.01087     0.00000     0.00000     0.00000     0.00000     0.00000
     2.04500    -0.02029     0.02171    -0.01077     0.00000     0.00000     0.00000     0.00000     0.00000
     2.05000    -0.02015     0.02154    -0.01067     0.00000     0.00000     0.00000     0.00000     0.00000
     2.05500    -0.02001     0.02138    -0.01058     0.00000     0.00000     0.00000     0.00000     0.00000
     2.06000    -0.01987     0.02122    -0.01048     0.00000     0.00000     0.00000     0.00000     0.00000
     2.06500    -0.01973     0.02106    -0.01039     0.00000     0.00000     0.00000     0.00000     0.00000
     2.07000    -0.01959     0.02090    -0.01030     0.00000     0.00000     0.00000     0.00000     0.00000
     2.07500    -0.01946     0.02075    -0.01020     0.00000     0.00000     0.00000     0.00000     0.00000
     2.08000    -0.01932     0.02059    -0.01011     0.00000     0.00000     0.00000     0.00000     0.00000
     2.08500    -0.01919     0.02044    -0.01002     0.00000     0.00000     0.00000     0.00000     0.00000
     2.09000    -0.01905     0.02028    -0.00993     0.00000     0.00000     0.00000     0.00000     0.00000
     2.09500    -0.01892     0.02013    -0.00984     0.00000     0.00000     0.00000     0.00000     0.00000
     2.10000    -0.01879     0.01998    -0.00976     0.00000     0.00000     0.00000     0.00000     0.00000
     2.10500    -0.01866     0.01983    -0.00967     0.00000     0.00000     0.00000     0.00000     0.00000
     2.11000    -0.01853     0.01968    -0.00958     0.00000     0.00000     0.00000     0.00000     0.00000
     2.11500    -0.01840     0.01953    -0.00950     0.00000     0.00000     0.00000     0.00000     0.00000
     2.12000    -0.01827     0.01939    -0.00941     0.00000     0.00000     0.00000     0.00000     0.00000
     2.12500    -0.01814     0.01924    -0.00933     0.00000     0.00000     0.00000     0.00000     0.00000
     2.13000    -0.01801     0.01910    -0.00925     0.00000     0.00000     0.00000     0.00000     0.00000
     2.13500    -0.01789     0.01895    -0.00916     0.00000     0.00000     0.00000     0.00000     0.00000
     2.14000    -0.01776     0.01881    -0.00908     0.00000     0.00000     0.00000     0.00000     0.00000
     2.14500    -0.01764     0.01867    -0.00900     0.00000     0.00000     0.00000     0.00000     0.00000
     2.15000    -0.01751     0.01853    -0.00892     0.00000     0.00000     0.00000     0.00000     0.00000
     2.15500    -0.01739     0.01839    -0.00884     0.00000     0.00000     0.00000     0.00000     0.00000
     2.16000    -0.01727     0.01825    -0.00876     0.00000     0.00000     0.00000     0.00000     0.00000
     2.16500    -0.01715     0.01811    -0.00868     0.00000     0.00000     0.00000     0.00000     0.00000
     2.17000    -0.01703     0.01798    -0.00861     0.00000     0.00000     0.00000     0.00000     0.00000
     2.17500    -0.01691     0.01784    -0.00853     0.00000     0.00000     0.00000     0.00000     0.00000
     2.18000    -0.01679     0.01771    -0.00845     0.00000     0.00000     0.00000     0.00000     0.00000
     2.18500    -0.01667     0.01757    -0.00838     0.00000     0.00000     0.00000     0.00000     0.00000
     2.19000    -0.01655     0.01744    -0.00830     0.00000     0.00000     0.00000     0.00000     0.00000
     2.19500    -0.01644     0.01731    -0.00823     0.00000     0.00000     0.00000     0.00000     0.00000
     2.20000    -0.01632     0.01718    -0.00816     0.00000     0.00000     0.00000     0.00000     0.00000
     2.20500    -0.01621     0.01705    -0.00809     0.00000     0.00000     0.00000     0.00000     0.00000
     2.21000    -0.01609     0.01692    -0.00801     0.00000     0.00000     0.00000     0.00000     0.00000
     2.21500    -0.01598     0.01679    -0.00794     0.00000     0.00000     0.00000     0.00000     0.00000
     2.22000    -0.01587     0.01667    -0.00787     0.00000     0.00000     0.00000     0.00000     0.00000
     2.22500    -0.01575     0.01654    -0.00780     0.00000     0.00000     0.00000     0.00000     0.00000
     2.23000    -0.01564     0.01642    -0.00773     0.00000     0.00000     0.00000     0.00000     0.00000
     2.23500    -0.01553     0.01629    -0.00766     0.00000     0.00000     0.00000     0.00000     0.00000
     2.24000    -0.01542     0.01617    -0.00759     0.00000     0.00000     0.00000     0.00000     0.00000
     2.24500    -0.01531     0.01605    -0.00753     0.00000     0.00000     0.00000     0.00000     0.00000
     2.25000    -0.01521     0.01593    -0.00746     0.00000     0.00000     0.00000     0.00000     0.00000
     2.25500    -0.01510     0.01581    -0.00739     0.00000     0.00000     0.00000     0.00000     0.00000
     2.26000    -0.01499     0.01569    -0.00733     0.00000     0.00000     0.00000     0.00000     0.00000
     2.26500    -0.01489     0.01557    -0.00726     0.00000     0.00000     0.00000     0.00000     0.00000
     2.27000    -0.01478     0.01545    -0.00720     0.00000     0.00000     0.00000     0.00000     0.00000
     2.27500    -0.01468     0.01534    -0.00713     0.00000     0.00000     0.00000     0.00000     0.00000
     2.28000    -0.01457     0.01522    -0.00707     0.00000     0.00000     0.00000     0.00000     0.00000
     2.28500    -0.01447     0.01510    -0.00701     0.00000     0.00000     0.00000     0.00000     0.00000
     2.29000    -0.01437     0.01499    -0.00695     0.00000     0.00000     0.00000     0.00000     0.00000
     2.29500    -0.01426     0.01488    -0.00688     0.00000     0.00000     0.00000     0.00000     0.00000
     2.30000    -0.01416     0.01477    -0.00682     0.00000     0.00000     0.00000     0.00000     0.00000
     2.30500    -0.01406     0.01465    -0.00676     0.00000     0.00000     0.00000     0.00000     0.00000
     2.31000    -0.01396     0.01454    -0.00670     0.00000     0.00000     0.00000     0.00000     0.00000
     2.31500    -0.01386     0.01443    -0.00664     0.00000     0.00000     0.00000     0.00000     0.00000
     2.32000    -0.01376     0.01432    -0.00658     0.00000     0.00000     0.00000     0.00000     0.00000
     2.32500    -0.01367     0.01422    -0.00653     0.00000     0.00000     0.00000     0.00000     0.00000
     2.33000    -0.01357     0.01411    -0.00647     0.00000     0.00000     0.00000     0.00000     0.00000
     2.33500    -0.01347     0.01400    -0.00641     0.00000     0.00000     0.00000     0.00000     0.00000
     2.34000    -0.01338     0.01390    -0.00635     0.00000     0.00000     0.00000     0.00000     0.00000
     2.34500    -0.01328     0.01379    -0.00630     0.00000     0.00000     0.00000     0.00000     0.00000
     2.35000    -0.01319     0.01369    -0.00624     0.00000     0.00000     0.00000     0.00000     0.00000
     2.35500    -0.01309     0.01358    -0.00619     0.00000     0.00000     0.00000     0.00000     0.00000
     2.36000    -0.01300     0.01348    -0.00613     0.00000     0.00000     0.00000     0.00000     0.00000
     2.36500    -0.01291     0.01338    -0.00608     0.00000     0.00000     0.00000     0.00000     0.00000
     2.37000    -0.01282     0.01328    -0.00602     0.00000     0.00000     0.00000     0.00000     0.00000
     2.37500    -0.01273     0.01318    -0.00597     0.00000     0.00000     0.00000     0.00000     0.00000
     2.38000    -0.01263     0.01308    -0.00592     0.00000     0.00000     0.00000     0.00000     0.00000
     2.38500    -0.01254     0.01298    -0.00586     0.00000     0.00000     0.00000     0.00000     0.00000
     2.39000    -0.01246     0.01288    -0.00581     0.00000     0.00000     0.00000     0.00000     0.00000
     2.39500    -0.01237     0.01278    -0.00576     0.00000     0.00000     0.00000     0.00000     0.00000
     2.40000    -0.01228     0.01269    -0.00571     0.00000     0.00000     0.00000     0.00000     0.00000
     2.40500    -0.01219     0.01259    -0.00566     0.00000     0.00000     0.00000     0.00000     0.00000
     2.41000    -0.01210     0.01249    -0.00561     0.00000     0.00000     0.00000     0.00000     0.00000
     2.41500    -0.01202     0.01240    -0.00556     0.00000     0.00000     0.00000     0.00000     0.00000
     2.42000    -0.01193     0.01231    -0.00551     0.00000     0.00000     0.00000     0.00000     0.00000
     2.42500    -0.01185     0.01221    -0.00546     0.00000     0.00000     0.00000     0.00000     0.00000
     2.43000    -0.01176     0.01212    -0.00541     0.00000     0.00000     0.00000     0.00000     0.00000
     2.43500    -0.01168     0.01203    -0.00536     0.00000     0.00000     0.00000     0.00000     0.00000
     2.44000    -0.01159     0.01194    -0.00532     0.00000     0.00000     0.00000     0.00000     0.00000
     2.44500    -0.01151     0.01185    -0.00527     0.00000     0.00000     0.00000     0.00000     0.00000
     2.45000    -0.01143     0.01176    -0.00522     0.00000     0.00000     0.00000     0.00000     0.00000
     2.45500    -0.01135     0.01167    -0.00518     0.00000     0.00000     0.00000     0.00000     0.00000
     2.46000    -0.01127     0.01158    -0.00513     0.00000     0.00000     0.00000     0.00000     0.00000
     2.46500    -0.01118     0.01149    -0.00509     0.00000     0.00000     0.00000     0.00000     0.00000
     2.47000    -0.01110     0.01140    -0.00504     0.00000     0.00000     0.00000     0.00000     0.00000
     2.47500    -0.01103     0.01132    -0.00500     0.00000     0.00000     0.00000     0.00000     0.00000
     2.48000    -0.01095     0.01123    -0.00495     0.00000     0.00000     0.00000     0.00000     0.00000
     2.48500    -0.01087     0.01115    -0.00491     0.00000     0.00000     0.00000     0.00000     0.00000
     2.49000    -0.01079     0.01106    -0.00486     0.00000     0.00000     0.00000     0.00000     0.00000
     2.49500    -0.01071     0.01098    -0.00482     0.00000     0.00000     0.00000     0.00000     0.00000
     2.50000    -0.01064     0.01090    -0.00478     0.00000     0.00000     0.00000     0.00000     0.00000
     2.50500    -0.01056     0.01081    -0.00474     0.00000     0.00000     0.00000     0.00000     0.00000
     2.51000    -0.01048     0.01073    -0.00469     0.00000     0.00000     0.00000     0.00000     0.00000
     2.51500    -0.01041     0.01065    -0.00465     0.00000     0.00000     0.00000     0.00000     0.00000
     2.52000    -0.01033     0.01057    -0.00461     0.00000     0.00000     0.00000     0.00000     0.00000
     2.52500    -0.01026     0.01049    -0.00457     0.00000     0.00000     0.00000     0.00000     0.00000
     2.53000    -0.01019     0.01041    -0.00453     0.00000     0.00000     0.00000     0.00000     0.00000
     2.53500    -0.01011     0.01033    -0.00449     0.00000     0.00000     0.00000     0.00000     0.00000
     2.54000    -0.01004     0.01025    -0.00445     0.00000     0.00000     0.00000     0.00000     0.00000
     2.54500    -0.00997     0.01017    -0.00441     0.00000     0.00000     0.00000     0.00000     0.00000
     2.55000    -0.00990     0.01010    -0.00437     0.00000     0.00000     0.00000     0.00000     0.00000
     2.55500    -0.00982     0.01002    -0.00433     0.00000     0.00000     0.00000     0.00000     0.00000
     2.56000    -0.00975     0.00994    -0.00430     0.00000     0.00000     0.00000     0.00000     0.00000
     2.56500    -0.00968     0.00987    -0.00426     0.00000     0.00000     0.00000     0.00000     0.00000
     2.57000    -0.00961     0.00979    -0.00422     0.00000     0.00000     0.00000     0.00000     0.00000
     2.57500    -0.00954     0.00972    -0.00418     0.00000     0.00000     0.00000     0.00000     0.00000
     2.58000    -0.00948     0.00965    -0.00415     0.00000     0.00000     0.00000     0.00000     0.00000
     2.58500    -0.00941     0.00957    -0.00411     0.00000     0.00000     0.00000     0.00000     0.00000
     2.59000    -0.00934     0.00950    -0.00407     0.00000     0.00000     0.00000     0.00000     0.00000
     2.59500    -0.00927     0.00943    -0.00404     0.00000     0.00000     0.00000     0.00000     0.00000
     2.60000    -0.00921     0.00936    -0.00400     0.00000     0.00000     0.00000     0.00000     0.00000
     2.60500    -0.00914     0.00928    -0.00397     0.00000     0.00000     0.00000     0.00000     0.00000
     2.61000    -0.00907     0.00921    -0.00393     0.00000     0.00000     0.00000     0.00000     0.00000
     2.61500    -0.00901     0.00914    -0.00390     0.00000     0.00000     0.00000     0.00000     0.00000
     2.62000    -0.00894     0.00907    -0.00386     0.00000     0.00000     0.00000     0.00000     0.00000
     2.62500    -0.00888     0.00901    -0.00383     0.00000     0.00000     0.00000     0.00000     0.00000
     2.63000    -0.00881     0.00894    -0.00379     0.00000     0.00000     0.00000     0.00000     0.00000
     2.63500    -0.00875     0.00887    -0.00376     0.00000     0.00000     0.00000     0.00000     0.00000
     2.64000    -0.00869     0.00880    -0.00373     0.00000     0.00000     0.00000     0.00000     0.00000
     2.64500    -0.00862     0.00873    -0.00369     0.00000     0.00000     0.00000     0.00000     0.00000
     2.65000    -0.00856     0.00867    -0.00366     0.00000     0.00000     0.00000     0.00000     0.00000
     2.65500    -0.00850     0.00860    -0.00363     0.00000     0.00000     0.00000     0.00000     0.00000
     2.66000    -0.00844     0.00854    -0.00360     0.00000     0.00000     0.00000     0.00000     0.00000
     2.66500    -0.00838     0.00847    -0.00357     0.00000     0.00000     0.00000     0.00000     0.00000
     2.67000    -0.00832     0.00841    -0.00353     0.00000     0.00000     0.00000     0.00000     0.00000
     2.67500    -0.00826     0.00834    -0.00350     0.00000     0.00000     0.00000     0.00000     0.00000
     2.68000    -0.00820     0.00828    -0.00347     0.00000     0.00000     0.00000     0.00000     0.00000
     2.68500    -0.00814     0.00822    -0.00344     0.00000     0.00000     0.00000     0.00000     0.00000
     2.69000    -0.00808     0.00815    -0.00341     0.00000     0.00000     0.00000     0.00000     0.00000
     2.69500    -0.00802     0.00809    -0.00338     0.00000     0.00000     0.00000     0.00000     0.00000
     2.70000    -0.00796     0.00803    -0.00335     0.00000     0.00000     0.00000     0.00000     0.00000
     2.70500    -0.00790     0.00797    -0.00332     0.00000     0.00000     0.00000     0.00000     0.00000
     2.71000    -0.00785     0.00791    -0.00329     0.00000     0.00000     0.00000     0.00000     0.00000
     2.71500    -0.00779     0.00785    -0.00326     0.00000     0.00000     0.00000     0.00000     0.00000
     2.72000    -0.00773     0.00779    -0.00323     0.00000     0.00000     0.00000     0.00000     0.00000
     2.72500    -0.00768     0.00773    -0.00321     0.00000     0.00000     0.00000     0.00000     0.00000
     2.73000    -0.00762     0.00767    -0.00318     0.00000     0.00000     0.00000     0.00000     0.00000
     2.73500    -0.00757     0.00761    -0.00315     0.00000     0.00000     0.00000     0.00000     0.00000
     2.74000    -0.00751     0.00755    -0.00312     0.00000     0.00000     0.00000     0.00000     0.00000
     2.74500    -0.00746     0.00750    -0.00309     0.00000     0.00000     0.00000     0.00000     0.00000
     2.75000    -0.00740     0.00744    -0.00307     0.00000     0.00000     0.00000     0.00000     0.00000
     2.75500    -0.00735     0.00738    -0.00304     0.00000     0.00000     0.00000     0.00000     0.00000
     2.76000    -0.00730     0.00733    -0.00301     0.00000     0.00000     0.00000     0.00000     0.00000
     2.76500    -0.00724     0.00727    -0.00299     0.00000     0.00000     0.00000     0.00000     0.00000
     2.77000    -0.00719     0.00722    -0.00296     0.00000     0.00000     0.00000     0.00000     0.00000
     2.77500    -0.00714     0.00716    -0.00293     0.00000     0.00000     0.00000     0.00000     0.00000
     2.78000    -0.00709     0.00711    -0.00291     0.00000     0.00000     0.00000     0.00000     0.00000
     2.78500    -0.00703     0.00705    -0.00288     0.00000     0.00000     0.00000     0.00000     0.00000
     2.79000    -0.00698     0.00700    -0.00286     0.00000     0.00000     0.00000     0.00000     0.00000
     2.79500    -0.00693     0.00694    -0.00283     0.00000     0.00000     0.00000     0.00000     0.00000
     2.80000    -0.00688     0.00689    -0.00281     0.00000     0.00000     0.00000     0.00000     0.00000
     2.80500    -0.00683     0.00684    -0.00278     0.00000     0.00000     0.00000     0.00000     0.00000
     2.81000    -0.00678     0.00679    -0.00276     0.00000     0.00000     0.00000     0.00000     0.00000
     2.81500    -0.00673     0.00674    -0.00273     0.00000     0.00000     0.00000     0.00000     0.00000
     2.82000    -0.00668     0.00668    -0.00271     0.00000     0.00000     0.00000     0.00000     0.00000
     2.82500    -0.00663     0.00663    -0.00269     0.00000     0.00000     0.00000     0.00000     0.00000
     2.83000    -0.00659     0.00658    -0.00266     0.00000     0.00000     0.00000     0.00000     0.00000
     2.83500    -0.00654     0.00653    -0.00264     0.00000     0.00000     0.00000     0.00000     0.00000
     2.84000    -0.00649     0.00648    -0.00262     0.00000     0.00000     0.00000     0.00000     0.00000
     2.84500    -0.00644     0.00643    -0.00259     0.00000     0.00000     0.00000     0.00000     0.00000
     2.85000    -0.00640     0.00638    -0.00257     0.00000     0.00000     0.00000     0.00000     0.00000
     2.85500    -0.00635     0.00634    -0.00255     0.00000     0.00000     0.00000     0.00000     0.00000
     2.86000    -0.00630     0.00629    -0.00253     0.00000     0.00000     0.00000     0.00000     0.00000
     2.86500    -0.00626     0.00624    -0.00250     0.00000     0.00000     0.00000     0.00000     0.00000
     2.87000    -0.00621     0.00619    -0.00248     0.00000     0.00000     0.00000     0.00000     0.00000
     2.87500    -0.00617     0.00614    -0.00246     0.00000     0.00000     0.00000     0.00000     0.00000
     2.88000    -0.00612     0.00610    -0.00244     0.00000     0.00000     0.00000     0.00000     0.00000
     2.88500    -0.00608     0.00605    -0.00242     0.00000     0.00000     0.00000     0.00000     0.00000
     2.89000    -0.00603     0.00600    -0.00240     0.00000     0.00000     0.00000     0.00000     0.00000
     2.89500    -0.00599     0.00596    -0.00237     0.00000     0.00000     0.00000     0.00000     0.00000
     2.90000    -0.00594     0.00591    -0.00235     0.00000     0.00000     0.00000     0.00000     0.00000
     2.90500    -0.00590     0.00587    -0.00233     0.00000     0.00000     0.00000     0.00000     0.00000
     2.91000    -0.00586     0.00582    -0.00231     0.00000     0.00000     0.00000     0.00000     0.00000
     2.91500    -0.00581     0.00578    -0.00229     0.00000     0.00000     0.00000     0.00000     0.00000
     2.92000    -0.00577     0.00573    -0.00227     0.00000     0.00000     0.00000     0.00000     0.00000
     2.92500    -0.00573     0.00569    -0.00225     0.00000     0.00000     0.00000     0.00000     0.00000
     2.93000    -0.00569     0.00565    -0.00223     0.00000     0.00000     0.00000     0.00000     0.00000
     2.93500    -0.00565     0.00560    -0.00221     0.00000     0.00000     0.00000     0.00000     0.00000
     2.94000    -0.00561     0.00556    -0.00219     0.00000     0.00000     0.00000     0.00000     0.00000
     2.94500    -0.00556     0.00552    -0.00217     0.00000     0.00000     0.00000     0.00000     0.00000
     2.95000    -0.00552     0.00548    -0.00216     0.00000     0.00000     0.00000     0.00000     0.00000
     2.95500    -0.00548     0.00543    -0.00214     0.00000     0.00000     0.00000     0.00000     0.00000
     2.96000    -0.00544     0.00539    -0.00212     0.00000     0.00000     0.00000     0.00000     0.00000
     2.96500    -0.00540     0.00535    -0.00210     0.00000     0.00000     0.00000     0.00000     0.00000
     2.97000    -0.00536     0.00531    -0.00208     0.00000     0.00000     0.00000     0.00000     0.00000
     2.97500    -0.00532     0.00527    -0.00206     0.00000     0.00000     0.00000     0.00000     0.00000
     2.98000    -0.00529     0.00523    -0.00204     0.00000     0.00000     0.00000     0.00000     0.00000
     2.98500    -0.00525     0.00519    -0.00203     0.00000     0.00000     0.00000     0.00000     0.00000
     2.99000    -0.00521     0.00515    -0.00201     0.00000     0.00000     0.00000     0.00000     0.00000
     2.99500    -0.00517     0.00511    -0.00199     0.00000     0.00000     0.00000     0.00000     0.00000
     3.00000    -0.00513     0.00507    -0.00197     0.00000     0.00000     0.00000     0.00000     0.00000
     3.00500    -0.00509     0.00503    -0.00196     0.00000     0.00000     0.00000     0.00000     0.00000
     3.01000    -0.00506     0.00500    -0.00194     0.00000     0.00000     0.00000     0.00000     0.00000
     3.01500    -0.00502     0.00496    -0.00192     0.00000     0.00000     0.00000     0.00000     0.00000
     3.02000    -0.00498     0.00492    -0.00191     0.00000     0.00000     0.00000     0.00000     0.00000
     3.02500    -0.00495     0.00488    -0.00189     0.00000     0.00000     0.00000     0.00000     0.00000
     3.03000    -0.00491     0.00484    -0.00187     0.00000     0.00000     0.00000     0.00000     0.00000
     3.03500    -0.00487     0.00481    -0.00186     0.00000     0.00000     0.00000     0.00000     0.00000
     3.04000    -0.00484     0.00477    -0.00184     0.00000     0.00000     0.00000     0.00000     0.00000
     3.04500    -0.00480     0.00473    -0.00182     0.00000     0.00000     0.00000     0.00000     0.00000
     3.05000    -0.00477     0.00470    -0.00181     0.00000     0.00000     0.00000     0.00000     0.00000
     3.05500    -0.00473     0.00466    -0.00179     0.00000     0.00000     0.00000     0.00000     0.00000
     3.06000    -0.00470     0.00463    -0.00178     0.00000     0.00000     0.00000     0.00000     0.00000
     3.06500    -0.00466     0.00459    -0.00176     0.00000     0.00000     0.00000     0.00000     0.00000
     3.07000    -0.00463     0.00456    -0.00174     0.00000     0.00000     0.00000     0.00000     0.00000
     3.07500    -0.00459     0.00452    -0.00173     0.00000     0.00000     0.00000     0.00000     0.00000
     3.08000    -0.00456     0.00449    -0.00171     0.00000     0.00000     0.00000     0.00000     0.00000
     3.08500    -0.00453     0.00445    -0.00170     0.00000     0.00000     0.00000     0.00000     0.00000
     3.09000    -0.00449     0.00442    -0.00168     0.00000     0.00000     0.00000     0.00000     0.00000
     3.09500    -0.00446     0.00438    -0.00167     0.00000     0.00000     0.00000     0.00000     0.00000
     3.10000    -0.00443     0.00435    -0.00166     0.00000     0.00000     0.00000     0.00000     0.00000
     3.10500    -0.00440     0.00432    -0.00164     0.00000     0.00000     0.00000     0.00000     0.00000
     3.11000    -0.00436     0.00428    -0.00163     0.00000     0.00000     0.00000     0.00000     0.00000
     3.11500    -0.00433     0.00425    -0.00161     0.00000     0.00000     0.00000     0.00000     0.00000
     3.12000    -0.00430     0.00422    -0.00160     0.00000     0.00000     0.00000     0.00000     0.00000
     3.12500    -0.00427     0.00419    -0.00158     0.00000     0.00000     0.00000     0.00000     0.00000
     3.13000    -0.00424     0.00415    -0.00157     0.00000     0.00000     0.00000     0.00000     0.00000
     3.13500    -0.00421     0.00412    -0.00156     0.00000     0.00000     0.00000     0.00000     0.00000
     3.14000    -0.00417     0.00409    -0.00154     0.00000     0.00000     0.00000     0.00000     0.00000
     3.14500    -0.00414     0.00406    -0.00153     0.00000     0.00000     0.00000     0.00000     0.00000
     3.15000    -0.00411     0.00403    -0.00152     0.00000     0.00000     0.00000     0.00000     0.00000
     3.15500    -0.00408     0.00400    -0.00150     0.00000     0.00000     0.00000     0.00000     0.00000
     3.16000    -0.00405     0.00397    -0.00149     0.00000     0.00000     0.00000     0.00000     0.00000
     3.16500    -0.00402     0.00394    -0.00148     0.00000     0.00000     0.00000     0.00000     0.00000
     3.17000    -0.00399     0.00391    -0.00146     0.00000     0.00000     0.00000     0.00000     0.00000
     3.17500    -0.00396     0.00388    -0.00145     0.00000     0.00000     0.00000     0.00000     0.00000
     3.18000    -0.00393     0.00385    -0.00144     0.00000     0.00000     0.00000     0.00000     0.00000
     3.18500    -0.00391     0.00382    -0.00143     0.00000     0.00000     0.00000     0.00000     0.00000
     3.19000    -0.00388     0.00379    -0.00141     0.00000     0.00000     0.00000     0.00000     0.00000
     3.19500    -0.00385     0.00376    -0.00140     0.00000     0.00000     0.00000     0.00000     0.00000
     3.20000    -0.00382     0.00373    -0.00139     0.00000     0.00000     0.00000     0.00000     0.00000
     3.20500    -0.00379     0.00370    -0.00138     0.00000     0.00000     0.00000     0.00000     0.00000
     3.21000    -0.00376     0.00367    -0.00136     0.00000     0.00000     0.00000     0.00000     0.00000
     3.21500    -0.00374     0.00365    -0.00135     0.00000     0.00000     0.00000     0.00000     0.00000
     3.22000    -0.00371     0.00362    -0.00134     0.00000     0.00000     0.00000     0.00000     0.00000
     3.22500    -0.00368     0.00359    -0.00133     0.00000     0.00000     0.00000     0.00000     0.00000
     3.23000    -0.00365     0.00356    -0.00132     0.00000     0.00000     0.00000     0.00000     0.00000
     3.23500    -0.00363     0.00353    -0.00131     0.00000     0.00000     0.00000     0.00000     0.00000
     3.24000    -0.00360     0.00351    -0.00129     0.00000     0.00000     0.00000     0.00000     0.00000
     3.24500    -0.00357     0.00348    -0.00128     0.00000     0.00000     0.00000     0.00000     0.00000
     3.25000    -0.00355     0.00345    -0.00127     0.00000     0.00000     0.00000     0.00000     0.00000
     3.25500    -0.00352     0.00343    -0.00126     0.00000     0.00000     0.00000     0.00000     0.00000
     3.26000    -0.00349     0.00340    -0.00125     0.00000     0.00000     0.00000     0.00000     0.00000
     3.26500    -0.00347     0.00338    -0.00124     0.00000     0.00000     0.00000     0.00000     0.00000
     3.27000    -0.00344     0.00335    -0.00123     0.00000     0.00000     0.00000     0.00000     0.00000
     3.27500    -0.00342     0.00332    -0.00122     0.00000     0.00000     0.00000     0.00000     0.00000
     3.28000    -0.00339     0.00330    -0.00121     0.00000     0.00000     0.00000     0.00000     0.00000
     3.28500    -0.00337     0.00327    -0.00120     0.00000     0.00000     0.00000     0.00000     0.00000
     3.29000    -0.00334     0.00325    -0.00119     0.00000     0.00000     0.00000     0.00000     0.00000
     3.29500    -0.00332     0.00322    -0.00118     0.00000     0.00000     0.00000     0.00000     0.00000
     3.30000    -0.00329     0.00320    -0.00117     0.00000     0.00000     0.00000     0.00000     0.00000
     3.30500    -0.00327     0.00317    -0.00116     0.00000     0.00000     0.00000     0.00000     0.00000
     3.31000    -0.00324     0.00315    -0.00115     0.00000     0.00000     0.00000     0.00000     0.00000
     3.31500    -0.00322     0.00313    -0.00114     0.00000     0.00000     0.00000     0.00000     0.00000
     3.32000    -0.00320     0.00310    -0.00113     0.00000     0.00000     0.00000     0.00000     0.00000
     3.32500    -0.00317     0.00308    -0.00112     0.00000     0.00000     0.00000     0.00000     0.00000
     3.33000    -0.00315     0.00305    -0.00111     0.00000     0.00000     0.00000     0.00000     0.00000
     3.33500    -0.00313     0.00303    -0.00110     0.00000     0.00000     0.00000     0.00000     0.00000
     3.34000    -0.00310     0.00301    -0.00109     0.00000     0.00000     0.00000     0.00000     0.00000
     3.34500    -0.00308     0.00298    -0.00108     0.00000     0.00000     0.00000     0.00000     0.00000
     3.35000    -0.00306     0.00296    -0.00107     0.00000     0.00000     0.00000     0.00000     0.00000
     3.35500    -0.00303     0.00294    -0.00106     0.00000     0.00000     0.00000     0.00000     0.00000
     3.36000    -0.00301     0.00292    -0.00105     0.00000     0.00000     0.00000     0.00000     0.00000
     3.36500    -0.00299     0.00289    -0.00104     0.00000     0.00000     0.00000     0.00000     0.00000
     3.37000    -0.00297     0.00287    -0.00103     0.00000     0.00000     0.00000     0.00000     0.00000
     3.37500    -0.00295     0.00285    -0.00102     0.00000     0.00000     0.00000     0.00000     0.00000
     3.38000    -0.00292     0.00283    -0.00101     0.00000     0.00000     0.00000     0.00000     0.00000
     3.38500    -0.00290     0.00281    -0.00100     0.00000     0.00000     0.00000     0.00000     0.00000
     3.39000    -0.00288     0.00278    -0.00100     0.00000     0.00000     0.00000     0.00000     0.00000
     3.39500    -0.00286     0.00276    -0.00099     0.00000     0.00000     0.00000     0.00000     0.00000
     3.40000    -0.00284     0.00274    -0.00098     0.00000     0.00000     0.00000     0.00000     0.00000
     3.40500    -0.00282     0.00272    -0.00097     0.00000     0.00000     0.00000     0.00000     0.00000
     3.41000    -0.00280     0.00270    -0.00096     0.00000     0.00000     0.00000     0.00000     0.00000
     3.41500    -0.00277     0.00268    -0.00095     0.00000     0.00000     0.00000     0.00000     0.00000
     3.42000    -0.00275     0.00266    -0.00094     0.00000     0.00000     0.00000     0.00000     0.00000
     3.42500    -0.00273     0.00264    -0.00094     0.00000     0.00000     0.00000     0.00000     0.00000
     3.43000    -0.00271     0.00262    -0.00093     0.00000     0.00000     0.00000     0.00000     0.00000
     3.43500    -0.00269     0.00260    -0.00092     0.00000     0.00000     0.00000     0.00000     0.00000
     3.44000    -0.00267     0.00258    -0.00091     0.00000     0.00000     0.00000     0.00000     0.00000
     3.44500    -0.00265     0.00256    -0.00090     0.00000     0.00000     0.00000     0.00000     0.00000
     3.45000    -0.00263     0.00254    -0.00090     0.00000     0.00000     0.00000     0.00000     0.00000
     3.45500    -0.00261     0.00252    -0.00089     0.00000     0.00000     0.00000     0.00000     0.00000
     3.46000    -0.00259     0.00250    -0.00088     0.00000     0.00000     0.00000     0.00000     0.00000
     3.46500    -0.00258     0.00248    -0.00087     0.00000     0.00000     0.00000     0.00000     0.00000
     3.47000    -0.00256     0.00246    -0.00087     0.00000     0.00000     0.00000     0.00000     0.00000
     3.47500    -0.00254     0.00244    -0.00086     0.00000     0.00000     0.00000     0.00000     0.00000
     3.48000    -0.00252     0.00242    -0.00085     0.00000     0.00000     0.00000     0.00000     0.00000
     3.48500    -0.00250     0.00240    -0.00084     0.00000     0.00000     0.00000     0.00000     0.00000
     3.49000    -0.00248     0.00239    -0.00084     0.00000     0.00000     0.00000     0.00000     0.00000
     3.49500    -0.00246     0.00237    -0.00083     0.00000     0.00000     0.00000     0.00000     0.00000
     3.50000    -0.00244     0.00235    -0.00082     0.00000     0.00000     0.00000     0.00000     0.00000
     3.50500    -0.00243     0.00233    -0.00081     0.00000     0.00000     0.00000     0.00000     0.00000
     3.51000    -0.00241     0.00231    -0.00081     0.00000     0.00000     0.00000     0.00000     0.00000
     3.51500    -0.00239     0.00230    -0.00080     0.00000     0.00000     0.00000     0.00000     0.00000
     3.52000    -0.00237     0.00228    -0.00079     0.00000     0.00000     0.00000     0.00000     0.00000
     3.52500    -0.00235     0.00226    -0.00079     0.00000     0.00000     0.00000     0.00000     0.00000
     3.53000    -0.00234     0.00224    -0.00078     0.00000     0.00000     0.00000     0.00000     0.00000
     3.53500    -0.00232     0.00223    -0.00077     0.00000     0.00000     0.00000     0.00000     0.00000
     3.54000    -0.00230     0.00221    -0.00077     0.00000     0.00000     0.00000     0.00000     0.00000
     3.54500    -0.00229     0.00219    -0.00076     0.00000     0.00000     0.00000     0.00000     0.00000
     3.55000    -0.00227     0.00218    -0.00075     0.00000     0.00000     0.00000     0.00000     0.00000
     3.55500    -0.00225     0.00216    -0.00075     0.00000     0.00000     0.00000     0.00000     0.00000
     3.56000    -0.00223     0.00214    -0.00074     0.00000     0.00000     0.00000     0.00000     0.00000
     3.56500    -0.00222     0.00213    -0.00073     0.00000     0.00000     0.00000     0.00000     0.00000
     3.57000    -0.00220     0.00211    -0.00073     0.00000     0.00000     0.00000     0.00000     0.00000
     3.57500    -0.00218     0.00209    -0.00072     0.00000     0.00000     0.00000     0.00000     0.00000
     3.58000    -0.00217     0.00208    -0.00071     0.00000     0.00000     0.00000     0.00000     0.00000
     3.58500    -0.00215     0.00206    -0.00071     0.00000     0.00000     0.00000     0.00000     0.00000
     3.59000    -0.00214     0.00204    -0.00070     0.00000     0.00000     0.00000     0.00000     0.00000
     3.59500    -0.00212     0.00203    -0.00070     0.00000     0.00000     0.00000     0.00000     0.00000
     3.60000    -0.00210     0.00201    -0.00069     0.00000     0.00000     0.00000     0.00000     0.00000
     3.60500    -0.00209     0.00200    -0.00068     0.00000     0.00000     0.00000     0.00000     0.00000
     3.61000    -0.00207     0.00198    -0.00068     0.00000     0.00000     0.00000     0.00000     0.00000
     3.61500    -0.00206     0.00197    -0.00067     0.00000     0.00000     0.00000     0.00000     0.00000
     3.62000    -0.00204     0.00195    -0.00067     0.00000     0.00000     0.00000     0.00000     0.00000
     3.62500    -0.00203     0.00194    -0.00066     0.00000     0.00000     0.00000     0.00000     0.00000
     3.63000    -0.00201     0.00192    -0.00065     0.00000     0.00000     0.00000     0.00000     0.00000
     3.63500    -0.00200     0.00191    -0.00065     0.00000     0.00000     0.00000     0.00000     0.00000
     3.64000    -0.00198     0.00189    -0.00064     0.00000     0.00000     0.00000     0.00000     0.00000
     3.64500    -0.00197     0.00188    -0.00064     0.00000     0.00000     0.00000     0.00000     0.00000
     3.65000    -0.00195     0.00186    -0.00063     0.00000     0.00000     0.00000     0.00000     0.00000
     3.65500    -0.00194     0.00185    -0.00063     0.00000     0.00000     0.00000     0.00000     0.00000
     3.66000    -0.00192     0.00184    -0.00062     0.00000     0.00000     0.00000     0.00000     0.00000
     3.66500    -0.00191     0.00182    -0.00062     0.00000     0.00000     0.00000     0.00000     0.00000
     3.67000    -0.00190     0.00181    -0.00061     0.00000     0.00000     0.00000     0.00000     0.00000
     3.67500    -0.00188     0.00179    -0.00061     0.00000     0.00000     0.00000     0.00000     0.00000
     3.68000    -0.00187     0.00178    -0.00060     0.00000     0.00000     0.00000     0.00000     0.00000
     3.68500    -0.00185     0.00177    -0.00060     0.00000     0.00000     0.00000     0.00000     0.00000
     3.69000    -0.00184     0.00175    -0.00059     0.00000     0.00000     0.00000     0.00000     0.00000
     3.69500    -0.00183     0.00174    -0.00058     0.00000     0.00000     0.00000     0.00000     0.00000
     3.70000    -0.00181     0.00173    -0.00058     0.00000     0.00000     0.00000     0.00000     0.00000
     3.70500    -0.00180     0.00171    -0.00057     0.00000     0.00000     0.00000     0.00000     0.00000
     3.71000    -0.00178     0.00170    -0.00057     0.00000     0.00000     0.00000     0.00000     0.00000
     3.71500    -0.00177     0.00169    -0.00056     0.00000     0.00000     0.00000     0.00000     0.00000
     3.72000    -0.00176     0.00167    -0.00056     0.00000     0.00000     0.00000     0.00000     0.00000
     3.72500    -0.00175     0.00166    -0.00056     0.00000     0.00000     0.00000     0.00000     0.00000
     3.73000    -0.00173     0.00165    -0.00055     0.00000     0.00000     0.00000     0.00000     0.00000
     3.73500    -0.00172     0.00163    -0.00055     0.00000     0.00000     0.00000     0.00000     0.00000
     3.74000    -0.00171     0.00162    -0.00054     0.00000     0.00000     0.00000     0.00000     0.00000
     3.74500    -0.00169     0.00161    -0.00054     0.00000     0.00000     0.00000     0.00000     0.00000
     3.75000    -0.00168     0.00160    -0.00053     0.00000     0.00000     0.00000     0.00000     0.00000
     3.75500    -0.00167     0.00158    -0.00053     0.00000     0.00000     0.00000     0.00000     0.00000
     3.76000    -0.00166     0.00157    -0.00052     0.00000     0.00000     0.00000     0.00000     0.00000
     3.76500    -0.00164     0.00156    -0.00052     0.00000     0.00000     0.00000     0.00000     0.00000
     3.77000    -0.00163     0.00155    -0.00051     0.00000     0.00000     0.00000     0.00000     0.00000
     3.77500    -0.00162     0.00154    -0.00051     0.00000     0.00000     0.00000     0.00000     0.00000
     3.78000    -0.00161     0.00152    -0.00050     0.00000     0.00000     0.00000     0.00000     0.00000
     3.78500    -0.00159     0.00151    -0.00050     0.00000     0.00000     0.00000     0.00000     0.00000
     3.79000    -0.00158     0.00150    -0.00050     0.00000     0.00000     0.00000     0.00000     0.00000
     3.79500    -0.00157     0.00149    -0.00049     0.00000     0.00000     0.00000     0.00000     0.00000
     3.80000    -0.00156     0.00148    -0.00049     0.00000     0.00000     0.00000     0.00000     0.00000
     3.80500    -0.00155     0.00147    -0.00048     0.00000     0.00000     0.00000     0.00000     0.00000
     3.81000    -0.00154     0.00146    -0.00048     0.00000     0.00000     0.00000     0.00000     0.00000
     3.81500    -0.00152     0.00144    -0.00047     0.00000     0.00000     0.00000     0.00000     0.00000
     3.82000    -0.00151     0.00143    -0.00047     0.00000     0.00000     0.00000     0.00000     0.00000
     3.82500    -0.00150     0.00142    -0.00047     0.00000     0.00000     0.00000     0.00000     0.00000
     3.83000    -0.00149     0.00141    -0.00046     0.00000     0.00000     0.00000     0.00000     0.00000
     3.83500    -0.00148     0.00140    -0.00046     0.00000     0.00000     0.00000     0.00000     0.00000
     3.84000    -0.00147     0.00139    -0.00045     0.00000     0.00000     0.00000     0.00000     0.00000
     3.84500    -0.00146     0.00138    -0.00045     0.00000     0.00000     0.00000     0.00000     0.00000
     3.85000    -0.00145     0.00137    -0.00045     0.00000     0.00000     0.00000     0.00000     0.00000
     3.85500    -0.00144     0.00136    -0.00044     0.00000     0.00000     0.00000     0.00000     0.00000
     3.86000    -0.00142     0.00135    -0.00044     0.00000     0.00000     0.00000     0.00000     0.00000
     3.86500    -0.00141     0.00134    -0.00044     0.00000     0.00000     0.00000     0.00000     0.00000
     3.87000    -0.00140     0.00133    -0.00043     0.00000     0.00000     0.00000     0.00000     0.00000
     3.87500    -0.00139     0.00132    -0.00043     0.00000     0.00000     0.00000     0.00000     0.00000
     3.88000    -0.00138     0.00131    -0.00042     0.00000     0.00000     0.00000     0.00000     0.00000
     3.88500    -0.00137     0.00130    -0.00042     0.00000     0.00000     0.00000     0.00000     0.00000
     3.89000    -0.00136     0.00129    -0.00042     0.00000     0.00000     0.00000     0.00000     0.00000
     3.89500    -0.00135     0.00128    -0.00041     0.00000     0.00000     0.00000     0.00000     0.00000
     3.90000    -0.00134     0.00127    -0.00041     0.00000     0.00000     0.00000     0.00000     0.00000
     3.90500    -0.00133     0.00126    -0.00041     0.00000     0.00000     0.00000     0.00000     0.00000
     3.91000    -0.00132     0.00125    -0.00040     0.00000     0.00000     0.00000     0.00000     0.00000
     3.91500    -0.00131     0.00124    -0.00040     0.00000     0.00000     0.00000     0.00000     0.00000
     3.92000    -0.00130     0.00123    -0.00040     0.00000     0.00000     0.00000     0.00000     0.00000
     3.92500    -0.00129     0.00122    -0.00039     0.00000     0.00000     0.00000     0.00000     0.00000
     3.93000    -0.00128     0.00121    -0.00039     0.00000     0.00000     0.00000     0.00000     0.00000
     3.93500    -0.00127     0.00120    -0.00039     0.00000     0.00000     0.00000     0.00000     0.00000
     3.94000    -0.00126     0.00119    -0.00038     0.00000     0.00000     0.00000     0.00000     0.00000
     3.94500    -0.00125     0.00118    -0.00038     0.00000     0.00000     0.00000     0.00000     0.00000
     3.95000    -0.00124     0.00117    -0.00038     0.00000     0.00000     0.00000     0.00000     0.00000
     3.95500    -0.00123     0.00116    -0.00037     0.00000     0.00000     0.00000     0.00000     0.00000
     3.96000    -0.00123     0.00115    -0.00037     0.00000     0.00000     0.00000     0.00000     0.00000
     3.96500    -0.00122     0.00115    -0.00037     0.00000     0.00000     0.00000     0.00000     0.00000
     3.97000    -0.00121     0.00114    -0.00036     0.00000     0.00000     0.00000     0.00000     0.00000
     3.97500    -0.00120     0.00113    -0.00036     0.00000     0.00000     0.00000     0.00000     0.00000
     3.98000    -0.00119     0.00112    -0.00036     0.00000     0.00000     0.00000     0.00000     0.00000
     3.98500    -0.00118     0.00111    -0.00035     0.00000     0.00000     0.00000     0.00000     0.00000
     3.99000    -0.00117     0.00110    -0.00035     0.00000     0.00000     0.00000     0.00000     0.00000
     3.99500    -0.00116     0.00109    -0.00035     0.00000     0.00000     0.00000     0.00000     0.00000
     4.00000    -0.00115     0.00108    -0.00034     0.00000     0.00000     0.00000     0.00000     0.00000
