 # P13_1720 FF
     0.00000     0.06545    -0.17026     0.16198     0.00000     0.00000     0.00000    -0.14697     0.00000
     0.00500     0.06612    -0.17000     0.16086     0.00000     0.00000     0.00000    -0.14551     0.00000
     0.01000     0.06678    -0.16970     0.15973     0.00000     0.00000     0.00000    -0.14407     0.00000
     0.01500     0.06741    -0.16937     0.15857     0.00000     0.00000     0.00000    -0.14266     0.00000
     0.02000     0.06801    -0.16902     0.15741     0.00000     0.00000     0.00000    -0.14126     0.00000
     0.02500     0.06860    -0.16864     0.15623     0.00000     0.00000     0.00000    -0.13989     0.00000
     0.03000     0.06916    -0.16824     0.15504     0.00000     0.00000     0.00000    -0.13853     0.00000
     0.03500     0.06969    -0.16781     0.15384     0.00000     0.00000     0.00000    -0.13720     0.00000
     0.04000     0.07021    -0.16736     0.15264     0.00000     0.00000     0.00000    -0.13588     0.00000
     0.04500     0.07071    -0.16689     0.15142     0.00000     0.00000     0.00000    -0.13458     0.00000
     0.05000     0.07118    -0.16639     0.15020     0.00000     0.00000     0.00000    -0.13330     0.00000
     0.05500     0.07164    -0.16588     0.14898     0.00000     0.00000     0.00000    -0.13204     0.00000
     0.06000     0.07207    -0.16535     0.14775     0.00000     0.00000     0.00000    -0.13080     0.00000
     0.06500     0.07249    -0.16480     0.14651     0.00000     0.00000     0.00000    -0.12957     0.00000
     0.07000     0.07289    -0.16424     0.14528     0.00000     0.00000     0.00000    -0.12837     0.00000
     0.07500     0.07327    -0.16366     0.14404     0.00000     0.00000     0.00000    -0.12718     0.00000
     0.08000     0.07363    -0.16306     0.14280     0.00000     0.00000     0.00000    -0.12600     0.00000
     0.08500     0.07397    -0.16246     0.14156     0.00000     0.00000     0.00000    -0.12484     0.00000
     0.09000     0.07430    -0.16183     0.14032     0.00000     0.00000     0.00000    -0.12370     0.00000
     0.09500     0.07461    -0.16120     0.13909     0.00000     0.00000     0.00000    -0.12257     0.00000
     0.10000     0.07491    -0.16055     0.13785     0.00000     0.00000     0.00000    -0.12146     0.00000
     0.10500     0.07519    -0.15989     0.13661     0.00000     0.00000     0.00000    -0.12036     0.00000
     0.11000     0.07545    -0.15922     0.13538     0.00000     0.00000     0.00000    -0.11928     0.00000
     0.11500     0.07570    -0.15854     0.13415     0.00000     0.00000     0.00000    -0.11821     0.00000
     0.12000     0.07593    -0.15786     0.13292     0.00000     0.00000     0.00000    -0.11716     0.00000
     0.12500     0.07615    -0.15716     0.13170     0.00000     0.00000     0.00000    -0.11612     0.00000
     0.13000     0.07636    -0.15645     0.13048     0.00000     0.00000     0.00000    -0.11510     0.00000
     0.13500     0.07655    -0.15574     0.12927     0.00000     0.00000     0.00000    -0.11408     0.00000
     0.14000     0.07673    -0.15502     0.12806     0.00000     0.00000     0.00000    -0.11309     0.00000
     0.14500     0.07690    -0.15429     0.12686     0.00000     0.00000     0.00000    -0.11210     0.00000
     0.15000     0.07705    -0.15355     0.12566     0.00000     0.00000     0.00000    -0.11113     0.00000
     0.15500     0.07719    -0.15281     0.12446     0.00000     0.00000     0.00000    -0.11017     0.00000
     0.16000     0.07732    -0.15207     0.12328     0.00000     0.00000     0.00000    -0.10922     0.00000
     0.16500     0.07744    -0.15131     0.12210     0.00000     0.00000     0.00000    -0.10828     0.00000
     0.17000     0.07754    -0.15056     0.12092     0.00000     0.00000     0.00000    -0.10736     0.00000
     0.17500     0.07764    -0.14980     0.11975     0.00000     0.00000     0.00000    -0.10645     0.00000
     0.18000     0.07772    -0.14903     0.11859     0.00000     0.00000     0.00000    -0.10555     0.00000
     0.18500     0.07780    -0.14826     0.11744     0.00000     0.00000     0.00000    -0.10466     0.00000
     0.19000     0.07786    -0.14749     0.11629     0.00000     0.00000     0.00000    -0.10378     0.00000
     0.19500     0.07791    -0.14672     0.11515     0.00000     0.00000     0.00000    -0.10292     0.00000
     0.20000     0.07795    -0.14594     0.11402     0.00000     0.00000     0.00000    -0.10206     0.00000
     0.20500     0.07798    -0.14516     0.11290     0.00000     0.00000     0.00000    -0.10122     0.00000
     0.21000     0.07801    -0.14437     0.11178     0.00000     0.00000     0.00000    -0.10038     0.00000
     0.21500     0.07802    -0.14359     0.11068     0.00000     0.00000     0.00000    -0.09956     0.00000
     0.22000     0.07803    -0.14280     0.10957     0.00000     0.00000     0.00000    -0.09874     0.00000
     0.22500     0.07802    -0.14201     0.10848     0.00000     0.00000     0.00000    -0.09794     0.00000
     0.23000     0.07801    -0.14122     0.10740     0.00000     0.00000     0.00000    -0.09714     0.00000
     0.23500     0.07799    -0.14043     0.10632     0.00000     0.00000     0.00000    -0.09636     0.00000
     0.24000     0.07796    -0.13964     0.10526     0.00000     0.00000     0.00000    -0.09558     0.00000
     0.24500     0.07792    -0.13885     0.10420     0.00000     0.00000     0.00000    -0.09482     0.00000
     0.25000     0.07788    -0.13805     0.10315     0.00000     0.00000     0.00000    -0.09406     0.00000
     0.25500     0.07783    -0.13726     0.10210     0.00000     0.00000     0.00000    -0.09331     0.00000
     0.26000     0.07777    -0.13647     0.10107     0.00000     0.00000     0.00000    -0.09257     0.00000
     0.26500     0.07770    -0.13567     0.10005     0.00000     0.00000     0.00000    -0.09184     0.00000
     0.27000     0.07763    -0.13488     0.09903     0.00000     0.00000     0.00000    -0.09112     0.00000
     0.27500     0.07754    -0.13409     0.09802     0.00000     0.00000     0.00000    -0.09041     0.00000
     0.28000     0.07746    -0.13330     0.09702     0.00000     0.00000     0.00000    -0.08970     0.00000
     0.28500     0.07736    -0.13250     0.09603     0.00000     0.00000     0.00000    -0.08900     0.00000
     0.29000     0.07726    -0.13171     0.09505     0.00000     0.00000     0.00000    -0.08832     0.00000
     0.29500     0.07716    -0.13092     0.09408     0.00000     0.00000     0.00000    -0.08764     0.00000
     0.30000     0.07704    -0.13013     0.09311     0.00000     0.00000     0.00000    -0.08696     0.00000
     0.30500     0.07693    -0.12935     0.09216     0.00000     0.00000     0.00000    -0.08630     0.00000
     0.31000     0.07680    -0.12856     0.09121     0.00000     0.00000     0.00000    -0.08564     0.00000
     0.31500     0.07667    -0.12778     0.09027     0.00000     0.00000     0.00000    -0.08499     0.00000
     0.32000     0.07654    -0.12699     0.08934     0.00000     0.00000     0.00000    -0.08435     0.00000
     0.32500     0.07640    -0.12621     0.08842     0.00000     0.00000     0.00000    -0.08371     0.00000
     0.33000     0.07625    -0.12543     0.08750     0.00000     0.00000     0.00000    -0.08308     0.00000
     0.33500     0.07610    -0.12466     0.08660     0.00000     0.00000     0.00000    -0.08246     0.00000
     0.34000     0.07595    -0.12388     0.08570     0.00000     0.00000     0.00000    -0.08185     0.00000
     0.34500     0.07579    -0.12311     0.08481     0.00000     0.00000     0.00000    -0.08124     0.00000
     0.35000     0.07562    -0.12234     0.08393     0.00000     0.00000     0.00000    -0.08064     0.00000
     0.35500     0.07545    -0.12157     0.08306     0.00000     0.00000     0.00000    -0.08005     0.00000
     0.36000     0.07528    -0.12080     0.08220     0.00000     0.00000     0.00000    -0.07946     0.00000
     0.36500     0.07510    -0.12003     0.08134     0.00000     0.00000     0.00000    -0.07888     0.00000
     0.37000     0.07492    -0.11927     0.08050     0.00000     0.00000     0.00000    -0.07830     0.00000
     0.37500     0.07473    -0.11851     0.07966     0.00000     0.00000     0.00000    -0.07773     0.00000
     0.38000     0.07454    -0.11776     0.07883     0.00000     0.00000     0.00000    -0.07717     0.00000
     0.38500     0.07435    -0.11700     0.07801     0.00000     0.00000     0.00000    -0.07662     0.00000
     0.39000     0.07415    -0.11625     0.07719     0.00000     0.00000     0.00000    -0.07607     0.00000
     0.39500     0.07395    -0.11550     0.07639     0.00000     0.00000     0.00000    -0.07552     0.00000
     0.40000     0.07375    -0.11476     0.07559     0.00000     0.00000     0.00000    -0.07498     0.00000
     0.40500     0.07354    -0.11401     0.07480     0.00000     0.00000     0.00000    -0.07445     0.00000
     0.41000     0.07333    -0.11327     0.07401     0.00000     0.00000     0.00000    -0.07392     0.00000
     0.41500     0.07312    -0.11253     0.07324     0.00000     0.00000     0.00000    -0.07340     0.00000
     0.42000     0.07290    -0.11180     0.07247     0.00000     0.00000     0.00000    -0.07289     0.00000
     0.42500     0.07268    -0.11107     0.07171     0.00000     0.00000     0.00000    -0.07238     0.00000
     0.43000     0.07246    -0.11034     0.07096     0.00000     0.00000     0.00000    -0.07187     0.00000
     0.43500     0.07223    -0.10962     0.07022     0.00000     0.00000     0.00000    -0.07137     0.00000
     0.44000     0.07201    -0.10889     0.06948     0.00000     0.00000     0.00000    -0.07088     0.00000
     0.44500     0.07178    -0.10817     0.06875     0.00000     0.00000     0.00000    -0.07039     0.00000
     0.45000     0.07154    -0.10746     0.06803     0.00000     0.00000     0.00000    -0.06990     0.00000
     0.45500     0.07131    -0.10675     0.06732     0.00000     0.00000     0.00000    -0.06942     0.00000
     0.46000     0.07107    -0.10604     0.06661     0.00000     0.00000     0.00000    -0.06895     0.00000
     0.46500     0.07083    -0.10533     0.06591     0.00000     0.00000     0.00000    -0.06848     0.00000
     0.47000     0.07059    -0.10463     0.06522     0.00000     0.00000     0.00000    -0.06801     0.00000
     0.47500     0.07034    -0.10393     0.06453     0.00000     0.00000     0.00000    -0.06755     0.00000
     0.48000     0.07010    -0.10323     0.06385     0.00000     0.00000     0.00000    -0.06710     0.00000
     0.48500     0.06985    -0.10254     0.06318     0.00000     0.00000     0.00000    -0.06664     0.00000
     0.49000     0.06960    -0.10185     0.06252     0.00000     0.00000     0.00000    -0.06620     0.00000
     0.49500     0.06934    -0.10117     0.06186     0.00000     0.00000     0.00000    -0.06576     0.00000
     0.50000     0.06909    -0.10048     0.06121     0.00000     0.00000     0.00000    -0.06532     0.00000
     0.50500     0.06883    -0.09981     0.06056     0.00000     0.00000     0.00000    -0.06489     0.00000
     0.51000     0.06858    -0.09913     0.05993     0.00000     0.00000     0.00000    -0.06446     0.00000
     0.51500     0.06832    -0.09846     0.05930     0.00000     0.00000     0.00000    -0.06403     0.00000
     0.52000     0.06806    -0.09779     0.05867     0.00000     0.00000     0.00000    -0.06361     0.00000
     0.52500     0.06780    -0.09713     0.05805     0.00000     0.00000     0.00000    -0.06319     0.00000
     0.53000     0.06753    -0.09646     0.05744     0.00000     0.00000     0.00000    -0.06278     0.00000
     0.53500     0.06727    -0.09581     0.05684     0.00000     0.00000     0.00000    -0.06237     0.00000
     0.54000     0.06700    -0.09515     0.05624     0.00000     0.00000     0.00000    -0.06197     0.00000
     0.54500     0.06674    -0.09450     0.05565     0.00000     0.00000     0.00000    -0.06157     0.00000
     0.55000     0.06647    -0.09385     0.05506     0.00000     0.00000     0.00000    -0.06117     0.00000
     0.55500     0.06620    -0.09321     0.05448     0.00000     0.00000     0.00000    -0.06078     0.00000
     0.56000     0.06593    -0.09257     0.05391     0.00000     0.00000     0.00000    -0.06039     0.00000
     0.56500     0.06566    -0.09193     0.05334     0.00000     0.00000     0.00000    -0.06001     0.00000
     0.57000     0.06539    -0.09130     0.05278     0.00000     0.00000     0.00000    -0.05962     0.00000
     0.57500     0.06511    -0.09067     0.05222     0.00000     0.00000     0.00000    -0.05925     0.00000
     0.58000     0.06484    -0.09004     0.05167     0.00000     0.00000     0.00000    -0.05887     0.00000
     0.58500     0.06456    -0.08942     0.05113     0.00000     0.00000     0.00000    -0.05850     0.00000
     0.59000     0.06429    -0.08880     0.05059     0.00000     0.00000     0.00000    -0.05813     0.00000
     0.59500     0.06401    -0.08819     0.05006     0.00000     0.00000     0.00000    -0.05777     0.00000
     0.60000     0.06373    -0.08757     0.04953     0.00000     0.00000     0.00000    -0.05741     0.00000
     0.60500     0.06346    -0.08697     0.04901     0.00000     0.00000     0.00000    -0.05705     0.00000
     0.61000     0.06318    -0.08636     0.04849     0.00000     0.00000     0.00000    -0.05670     0.00000
     0.61500     0.06290    -0.08576     0.04798     0.00000     0.00000     0.00000    -0.05635     0.00000
     0.62000     0.06262    -0.08516     0.04748     0.00000     0.00000     0.00000    -0.05600     0.00000
     0.62500     0.06234    -0.08457     0.04698     0.00000     0.00000     0.00000    -0.05566     0.00000
     0.63000     0.06206    -0.08398     0.04648     0.00000     0.00000     0.00000    -0.05532     0.00000
     0.63500     0.06178    -0.08339     0.04599     0.00000     0.00000     0.00000    -0.05498     0.00000
     0.64000     0.06150    -0.08281     0.04551     0.00000     0.00000     0.00000    -0.05464     0.00000
     0.64500     0.06122    -0.08223     0.04503     0.00000     0.00000     0.00000    -0.05431     0.00000
     0.65000     0.06094    -0.08165     0.04456     0.00000     0.00000     0.00000    -0.05398     0.00000
     0.65500     0.06066    -0.08108     0.04409     0.00000     0.00000     0.00000    -0.05366     0.00000
     0.66000     0.06038    -0.08051     0.04362     0.00000     0.00000     0.00000    -0.05333     0.00000
     0.66500     0.06010    -0.07994     0.04317     0.00000     0.00000     0.00000    -0.05301     0.00000
     0.67000     0.05981    -0.07938     0.04271     0.00000     0.00000     0.00000    -0.05270     0.00000
     0.67500     0.05953    -0.07882     0.04226     0.00000     0.00000     0.00000    -0.05238     0.00000
     0.68000     0.05925    -0.07826     0.04182     0.00000     0.00000     0.00000    -0.05207     0.00000
     0.68500     0.05897    -0.07771     0.04138     0.00000     0.00000     0.00000    -0.05176     0.00000
     0.69000     0.05869    -0.07716     0.04094     0.00000     0.00000     0.00000    -0.05146     0.00000
     0.69500     0.05840    -0.07661     0.04051     0.00000     0.00000     0.00000    -0.05115     0.00000
     0.70000     0.05812    -0.07607     0.04009     0.00000     0.00000     0.00000    -0.05085     0.00000
     0.70500     0.05784    -0.07553     0.03967     0.00000     0.00000     0.00000    -0.05056     0.00000
     0.71000     0.05756    -0.07500     0.03925     0.00000     0.00000     0.00000    -0.05026     0.00000
     0.71500     0.05728    -0.07446     0.03884     0.00000     0.00000     0.00000    -0.04997     0.00000
     0.72000     0.05699    -0.07394     0.03843     0.00000     0.00000     0.00000    -0.04968     0.00000
     0.72500     0.05671    -0.07341     0.03803     0.00000     0.00000     0.00000    -0.04939     0.00000
     0.73000     0.05643    -0.07289     0.03763     0.00000     0.00000     0.00000    -0.04911     0.00000
     0.73500     0.05615    -0.07237     0.03724     0.00000     0.00000     0.00000    -0.04882     0.00000
     0.74000     0.05587    -0.07185     0.03684     0.00000     0.00000     0.00000    -0.04854     0.00000
     0.74500     0.05559    -0.07134     0.03646     0.00000     0.00000     0.00000    -0.04826     0.00000
     0.75000     0.05531    -0.07083     0.03608     0.00000     0.00000     0.00000    -0.04799     0.00000
     0.75500     0.05503    -0.07033     0.03570     0.00000     0.00000     0.00000    -0.04772     0.00000
     0.76000     0.05475    -0.06982     0.03532     0.00000     0.00000     0.00000    -0.04745     0.00000
     0.76500     0.05447    -0.06932     0.03495     0.00000     0.00000     0.00000    -0.04718     0.00000
     0.77000     0.05420    -0.06883     0.03459     0.00000     0.00000     0.00000    -0.04691     0.00000
     0.77500     0.05392    -0.06833     0.03423     0.00000     0.00000     0.00000    -0.04665     0.00000
     0.78000     0.05364    -0.06784     0.03387     0.00000     0.00000     0.00000    -0.04639     0.00000
     0.78500     0.05336    -0.06736     0.03351     0.00000     0.00000     0.00000    -0.04613     0.00000
     0.79000     0.05309    -0.06687     0.03316     0.00000     0.00000     0.00000    -0.04587     0.00000
     0.79500     0.05281    -0.06639     0.03282     0.00000     0.00000     0.00000    -0.04561     0.00000
     0.80000     0.05253    -0.06592     0.03247     0.00000     0.00000     0.00000    -0.04536     0.00000
     0.80500     0.05226    -0.06544     0.03213     0.00000     0.00000     0.00000    -0.04511     0.00000
     0.81000     0.05198    -0.06497     0.03180     0.00000     0.00000     0.00000    -0.04486     0.00000
     0.81500     0.05171    -0.06451     0.03147     0.00000     0.00000     0.00000    -0.04461     0.00000
     0.82000     0.05144    -0.06404     0.03114     0.00000     0.00000     0.00000    -0.04437     0.00000
     0.82500     0.05116    -0.06358     0.03081     0.00000     0.00000     0.00000    -0.04413     0.00000
     0.83000     0.05089    -0.06312     0.03049     0.00000     0.00000     0.00000    -0.04389     0.00000
     0.83500     0.05062    -0.06267     0.03017     0.00000     0.00000     0.00000    -0.04365     0.00000
     0.84000     0.05035    -0.06221     0.02986     0.00000     0.00000     0.00000    -0.04341     0.00000
     0.84500     0.05008    -0.06176     0.02955     0.00000     0.00000     0.00000    -0.04317     0.00000
     0.85000     0.04981    -0.06132     0.02924     0.00000     0.00000     0.00000    -0.04294     0.00000
     0.85500     0.04954    -0.06087     0.02893     0.00000     0.00000     0.00000    -0.04271     0.00000
     0.86000     0.04927    -0.06043     0.02863     0.00000     0.00000     0.00000    -0.04248     0.00000
     0.86500     0.04900    -0.06000     0.02833     0.00000     0.00000     0.00000    -0.04225     0.00000
     0.87000     0.04874    -0.05956     0.02804     0.00000     0.00000     0.00000    -0.04203     0.00000
     0.87500     0.04847    -0.05913     0.02775     0.00000     0.00000     0.00000    -0.04180     0.00000
     0.88000     0.04820    -0.05870     0.02746     0.00000     0.00000     0.00000    -0.04158     0.00000
     0.88500     0.04794    -0.05827     0.02717     0.00000     0.00000     0.00000    -0.04136     0.00000
     0.89000     0.04768    -0.05785     0.02689     0.00000     0.00000     0.00000    -0.04114     0.00000
     0.89500     0.04741    -0.05743     0.02661     0.00000     0.00000     0.00000    -0.04093     0.00000
     0.90000     0.04715    -0.05701     0.02633     0.00000     0.00000     0.00000    -0.04071     0.00000
     0.90500     0.04689    -0.05660     0.02606     0.00000     0.00000     0.00000    -0.04050     0.00000
     0.91000     0.04663    -0.05619     0.02579     0.00000     0.00000     0.00000    -0.04029     0.00000
     0.91500     0.04637    -0.05578     0.02552     0.00000     0.00000     0.00000    -0.04008     0.00000
     0.92000     0.04611    -0.05537     0.02526     0.00000     0.00000     0.00000    -0.03987     0.00000
     0.92500     0.04585    -0.05497     0.02499     0.00000     0.00000     0.00000    -0.03966     0.00000
     0.93000     0.04559    -0.05457     0.02474     0.00000     0.00000     0.00000    -0.03946     0.00000
     0.93500     0.04534    -0.05417     0.02448     0.00000     0.00000     0.00000    -0.03925     0.00000
     0.94000     0.04508    -0.05378     0.02422     0.00000     0.00000     0.00000    -0.03905     0.00000
     0.94500     0.04482    -0.05338     0.02397     0.00000     0.00000     0.00000    -0.03885     0.00000
     0.95000     0.04457    -0.05299     0.02373     0.00000     0.00000     0.00000    -0.03865     0.00000
     0.95500     0.04432    -0.05261     0.02348     0.00000     0.00000     0.00000    -0.03845     0.00000
     0.96000     0.04406    -0.05222     0.02324     0.00000     0.00000     0.00000    -0.03826     0.00000
     0.96500     0.04381    -0.05184     0.02300     0.00000     0.00000     0.00000    -0.03806     0.00000
     0.97000     0.04356    -0.05146     0.02276     0.00000     0.00000     0.00000    -0.03787     0.00000
     0.97500     0.04331    -0.05109     0.02252     0.00000     0.00000     0.00000    -0.03768     0.00000
     0.98000     0.04306    -0.05071     0.02229     0.00000     0.00000     0.00000    -0.03749     0.00000
     0.98500     0.04282    -0.05034     0.02206     0.00000     0.00000     0.00000    -0.03730     0.00000
     0.99000     0.04257    -0.04997     0.02183     0.00000     0.00000     0.00000    -0.03711     0.00000
     0.99500     0.04232    -0.04961     0.02161     0.00000     0.00000     0.00000    -0.03693     0.00000
     1.00000     0.04208    -0.04924     0.02138     0.00000     0.00000     0.00000    -0.03674     0.00000
     1.00500     0.04183    -0.04888     0.02116     0.00000     0.00000     0.00000    -0.03656     0.00000
     1.01000     0.04159    -0.04852     0.02094     0.00000     0.00000     0.00000    -0.03638     0.00000
     1.01500     0.04135    -0.04817     0.02073     0.00000     0.00000     0.00000    -0.03620     0.00000
     1.02000     0.04111    -0.04781     0.02051     0.00000     0.00000     0.00000    -0.03602     0.00000
     1.02500     0.04087    -0.04746     0.02030     0.00000     0.00000     0.00000    -0.03584     0.00000
     1.03000     0.04063    -0.04711     0.02009     0.00000     0.00000     0.00000    -0.03566     0.00000
     1.03500     0.04039    -0.04677     0.01988     0.00000     0.00000     0.00000    -0.03549     0.00000
     1.04000     0.04015    -0.04642     0.01968     0.00000     0.00000     0.00000    -0.03532     0.00000
     1.04500     0.03991    -0.04608     0.01948     0.00000     0.00000     0.00000    -0.03514     0.00000
     1.05000     0.03968    -0.04574     0.01928     0.00000     0.00000     0.00000    -0.03497     0.00000
     1.05500     0.03944    -0.04541     0.01908     0.00000     0.00000     0.00000    -0.03480     0.00000
     1.06000     0.03921    -0.04507     0.01888     0.00000     0.00000     0.00000    -0.03463     0.00000
     1.06500     0.03898    -0.04474     0.01869     0.00000     0.00000     0.00000    -0.03447     0.00000
     1.07000     0.03875    -0.04441     0.01849     0.00000     0.00000     0.00000    -0.03430     0.00000
     1.07500     0.03851    -0.04408     0.01830     0.00000     0.00000     0.00000    -0.03413     0.00000
     1.08000     0.03828    -0.04376     0.01812     0.00000     0.00000     0.00000    -0.03397     0.00000
     1.08500     0.03806    -0.04344     0.01793     0.00000     0.00000     0.00000    -0.03381     0.00000
     1.09000     0.03783    -0.04311     0.01775     0.00000     0.00000     0.00000    -0.03365     0.00000
     1.09500     0.03760    -0.04280     0.01756     0.00000     0.00000     0.00000    -0.03349     0.00000
     1.10000     0.03738    -0.04248     0.01738     0.00000     0.00000     0.00000    -0.03333     0.00000
     1.10500     0.03715    -0.04217     0.01721     0.00000     0.00000     0.00000    -0.03317     0.00000
     1.11000     0.03693    -0.04186     0.01703     0.00000     0.00000     0.00000    -0.03301     0.00000
     1.11500     0.03670    -0.04155     0.01685     0.00000     0.00000     0.00000    -0.03285     0.00000
     1.12000     0.03648    -0.04124     0.01668     0.00000     0.00000     0.00000    -0.03270     0.00000
     1.12500     0.03626    -0.04093     0.01651     0.00000     0.00000     0.00000    -0.03255     0.00000
     1.13000     0.03604    -0.04063     0.01634     0.00000     0.00000     0.00000    -0.03239     0.00000
     1.13500     0.03582    -0.04033     0.01617     0.00000     0.00000     0.00000    -0.03224     0.00000
     1.14000     0.03560    -0.04003     0.01601     0.00000     0.00000     0.00000    -0.03209     0.00000
     1.14500     0.03539    -0.03974     0.01584     0.00000     0.00000     0.00000    -0.03194     0.00000
     1.15000     0.03517    -0.03944     0.01568     0.00000     0.00000     0.00000    -0.03179     0.00000
     1.15500     0.03496    -0.03915     0.01552     0.00000     0.00000     0.00000    -0.03165     0.00000
     1.16000     0.03474    -0.03886     0.01536     0.00000     0.00000     0.00000    -0.03150     0.00000
     1.16500     0.03453    -0.03857     0.01521     0.00000     0.00000     0.00000    -0.03135     0.00000
     1.17000     0.03432    -0.03829     0.01505     0.00000     0.00000     0.00000    -0.03121     0.00000
     1.17500     0.03411    -0.03800     0.01490     0.00000     0.00000     0.00000    -0.03107     0.00000
     1.18000     0.03390    -0.03772     0.01474     0.00000     0.00000     0.00000    -0.03092     0.00000
     1.18500     0.03369    -0.03744     0.01459     0.00000     0.00000     0.00000    -0.03078     0.00000
     1.19000     0.03348    -0.03716     0.01444     0.00000     0.00000     0.00000    -0.03064     0.00000
     1.19500     0.03327    -0.03689     0.01430     0.00000     0.00000     0.00000    -0.03050     0.00000
     1.20000     0.03307    -0.03661     0.01415     0.00000     0.00000     0.00000    -0.03037     0.00000
     1.20500     0.03286    -0.03634     0.01401     0.00000     0.00000     0.00000    -0.03023     0.00000
     1.21000     0.03266    -0.03607     0.01386     0.00000     0.00000     0.00000    -0.03009     0.00000
     1.21500     0.03246    -0.03580     0.01372     0.00000     0.00000     0.00000    -0.02996     0.00000
     1.22000     0.03226    -0.03554     0.01358     0.00000     0.00000     0.00000    -0.02982     0.00000
     1.22500     0.03205    -0.03527     0.01345     0.00000     0.00000     0.00000    -0.02969     0.00000
     1.23000     0.03185    -0.03501     0.01331     0.00000     0.00000     0.00000    -0.02955     0.00000
     1.23500     0.03166    -0.03475     0.01317     0.00000     0.00000     0.00000    -0.02942     0.00000
     1.24000     0.03146    -0.03449     0.01304     0.00000     0.00000     0.00000    -0.02929     0.00000
     1.24500     0.03126    -0.03423     0.01291     0.00000     0.00000     0.00000    -0.02916     0.00000
     1.25000     0.03107    -0.03398     0.01277     0.00000     0.00000     0.00000    -0.02903     0.00000
     1.25500     0.03087    -0.03373     0.01264     0.00000     0.00000     0.00000    -0.02890     0.00000
     1.26000     0.03068    -0.03348     0.01252     0.00000     0.00000     0.00000    -0.02877     0.00000
     1.26500     0.03048    -0.03323     0.01239     0.00000     0.00000     0.00000    -0.02865     0.00000
     1.27000     0.03029    -0.03298     0.01226     0.00000     0.00000     0.00000    -0.02852     0.00000
     1.27500     0.03010    -0.03273     0.01214     0.00000     0.00000     0.00000    -0.02840     0.00000
     1.28000     0.02991    -0.03249     0.01202     0.00000     0.00000     0.00000    -0.02827     0.00000
     1.28500     0.02972    -0.03225     0.01189     0.00000     0.00000     0.00000    -0.02815     0.00000
     1.29000     0.02953    -0.03201     0.01177     0.00000     0.00000     0.00000    -0.02803     0.00000
     1.29500     0.02935    -0.03177     0.01165     0.00000     0.00000     0.00000    -0.02790     0.00000
     1.30000     0.02916    -0.03153     0.01154     0.00000     0.00000     0.00000    -0.02778     0.00000
     1.30500     0.02898    -0.03129     0.01142     0.00000     0.00000     0.00000    -0.02766     0.00000
     1.31000     0.02879    -0.03106     0.01130     0.00000     0.00000     0.00000    -0.02754     0.00000
     1.31500     0.02861    -0.03083     0.01119     0.00000     0.00000     0.00000    -0.02742     0.00000
     1.32000     0.02843    -0.03060     0.01108     0.00000     0.00000     0.00000    -0.02731     0.00000
     1.32500     0.02825    -0.03037     0.01096     0.00000     0.00000     0.00000    -0.02719     0.00000
     1.33000     0.02807    -0.03014     0.01085     0.00000     0.00000     0.00000    -0.02707     0.00000
     1.33500     0.02789    -0.02992     0.01074     0.00000     0.00000     0.00000    -0.02696     0.00000
     1.34000     0.02771    -0.02969     0.01063     0.00000     0.00000     0.00000    -0.02684     0.00000
     1.34500     0.02753    -0.02947     0.01053     0.00000     0.00000     0.00000    -0.02673     0.00000
     1.35000     0.02735    -0.02925     0.01042     0.00000     0.00000     0.00000    -0.02661     0.00000
     1.35500     0.02718    -0.02903     0.01031     0.00000     0.00000     0.00000    -0.02650     0.00000
     1.36000     0.02700    -0.02882     0.01021     0.00000     0.00000     0.00000    -0.02639     0.00000
     1.36500     0.02683    -0.02860     0.01011     0.00000     0.00000     0.00000    -0.02628     0.00000
     1.37000     0.02666    -0.02839     0.01001     0.00000     0.00000     0.00000    -0.02617     0.00000
     1.37500     0.02649    -0.02817     0.00990     0.00000     0.00000     0.00000    -0.02606     0.00000
     1.38000     0.02632    -0.02796     0.00980     0.00000     0.00000     0.00000    -0.02595     0.00000
     1.38500     0.02615    -0.02775     0.00971     0.00000     0.00000     0.00000    -0.02584     0.00000
     1.39000     0.02598    -0.02755     0.00961     0.00000     0.00000     0.00000    -0.02573     0.00000
     1.39500     0.02581    -0.02734     0.00951     0.00000     0.00000     0.00000    -0.02562     0.00000
     1.40000     0.02564    -0.02713     0.00942     0.00000     0.00000     0.00000    -0.02552     0.00000
     1.40500     0.02548    -0.02693     0.00932     0.00000     0.00000     0.00000    -0.02541     0.00000
     1.41000     0.02531    -0.02673     0.00923     0.00000     0.00000     0.00000    -0.02530     0.00000
     1.41500     0.02515    -0.02653     0.00913     0.00000     0.00000     0.00000    -0.02520     0.00000
     1.42000     0.02498    -0.02633     0.00904     0.00000     0.00000     0.00000    -0.02510     0.00000
     1.42500     0.02482    -0.02613     0.00895     0.00000     0.00000     0.00000    -0.02499     0.00000
     1.43000     0.02466    -0.02594     0.00886     0.00000     0.00000     0.00000    -0.02489     0.00000
     1.43500     0.02450    -0.02574     0.00877     0.00000     0.00000     0.00000    -0.02479     0.00000
     1.44000     0.02434    -0.02555     0.00868     0.00000     0.00000     0.00000    -0.02469     0.00000
     1.44500     0.02418    -0.02536     0.00860     0.00000     0.00000     0.00000    -0.02458     0.00000
     1.45000     0.02402    -0.02517     0.00851     0.00000     0.00000     0.00000    -0.02448     0.00000
     1.45500     0.02387    -0.02498     0.00842     0.00000     0.00000     0.00000    -0.02438     0.00000
     1.46000     0.02371    -0.02479     0.00834     0.00000     0.00000     0.00000    -0.02429     0.00000
     1.46500     0.02355    -0.02460     0.00826     0.00000     0.00000     0.00000    -0.02419     0.00000
     1.47000     0.02340    -0.02442     0.00817     0.00000     0.00000     0.00000    -0.02409     0.00000
     1.47500     0.02325    -0.02424     0.00809     0.00000     0.00000     0.00000    -0.02399     0.00000
     1.48000     0.02309    -0.02405     0.00801     0.00000     0.00000     0.00000    -0.02390     0.00000
     1.48500     0.02294    -0.02387     0.00793     0.00000     0.00000     0.00000    -0.02380     0.00000
     1.49000     0.02279    -0.02369     0.00785     0.00000     0.00000     0.00000    -0.02370     0.00000
     1.49500     0.02264    -0.02352     0.00777     0.00000     0.00000     0.00000    -0.02361     0.00000
     1.50000     0.02249    -0.02334     0.00769     0.00000     0.00000     0.00000    -0.02351     0.00000
     1.50500     0.02234    -0.02316     0.00762     0.00000     0.00000     0.00000    -0.02342     0.00000
     1.51000     0.02220    -0.02299     0.00754     0.00000     0.00000     0.00000    -0.02333     0.00000
     1.51500     0.02205    -0.02282     0.00747     0.00000     0.00000     0.00000    -0.02324     0.00000
     1.52000     0.02191    -0.02264     0.00739     0.00000     0.00000     0.00000    -0.02314     0.00000
     1.52500     0.02176    -0.02247     0.00732     0.00000     0.00000     0.00000    -0.02305     0.00000
     1.53000     0.02162    -0.02230     0.00724     0.00000     0.00000     0.00000    -0.02296     0.00000
     1.53500     0.02147    -0.02214     0.00717     0.00000     0.00000     0.00000    -0.02287     0.00000
     1.54000     0.02133    -0.02197     0.00710     0.00000     0.00000     0.00000    -0.02278     0.00000
     1.54500     0.02119    -0.02180     0.00703     0.00000     0.00000     0.00000    -0.02269     0.00000
     1.55000     0.02105    -0.02164     0.00696     0.00000     0.00000     0.00000    -0.02260     0.00000
     1.55500     0.02091    -0.02148     0.00689     0.00000     0.00000     0.00000    -0.02251     0.00000
     1.56000     0.02077    -0.02132     0.00682     0.00000     0.00000     0.00000    -0.02243     0.00000
     1.56500     0.02063    -0.02116     0.00675     0.00000     0.00000     0.00000    -0.02234     0.00000
     1.57000     0.02050    -0.02100     0.00669     0.00000     0.00000     0.00000    -0.02225     0.00000
     1.57500     0.02036    -0.02084     0.00662     0.00000     0.00000     0.00000    -0.02216     0.00000
     1.58000     0.02022    -0.02068     0.00655     0.00000     0.00000     0.00000    -0.02208     0.00000
     1.58500     0.02009    -0.02052     0.00649     0.00000     0.00000     0.00000    -0.02199     0.00000
     1.59000     0.01995    -0.02037     0.00642     0.00000     0.00000     0.00000    -0.02191     0.00000
     1.59500     0.01982    -0.02022     0.00636     0.00000     0.00000     0.00000    -0.02182     0.00000
     1.60000     0.01969    -0.02006     0.00630     0.00000     0.00000     0.00000    -0.02174     0.00000
     1.60500     0.01956    -0.01991     0.00623     0.00000     0.00000     0.00000    -0.02166     0.00000
     1.61000     0.01943    -0.01976     0.00617     0.00000     0.00000     0.00000    -0.02157     0.00000
     1.61500     0.01930    -0.01961     0.00611     0.00000     0.00000     0.00000    -0.02149     0.00000
     1.62000     0.01917    -0.01947     0.00605     0.00000     0.00000     0.00000    -0.02141     0.00000
     1.62500     0.01904    -0.01932     0.00599     0.00000     0.00000     0.00000    -0.02133     0.00000
     1.63000     0.01891    -0.01917     0.00593     0.00000     0.00000     0.00000    -0.02125     0.00000
     1.63500     0.01878    -0.01903     0.00587     0.00000     0.00000     0.00000    -0.02117     0.00000
     1.64000     0.01866    -0.01888     0.00581     0.00000     0.00000     0.00000    -0.02109     0.00000
     1.64500     0.01853    -0.01874     0.00575     0.00000     0.00000     0.00000    -0.02101     0.00000
     1.65000     0.01841    -0.01860     0.00570     0.00000     0.00000     0.00000    -0.02093     0.00000
     1.65500     0.01828    -0.01846     0.00564     0.00000     0.00000     0.00000    -0.02085     0.00000
     1.66000     0.01816    -0.01832     0.00558     0.00000     0.00000     0.00000    -0.02077     0.00000
     1.66500     0.01804    -0.01818     0.00553     0.00000     0.00000     0.00000    -0.02069     0.00000
     1.67000     0.01792    -0.01804     0.00547     0.00000     0.00000     0.00000    -0.02062     0.00000
     1.67500     0.01779    -0.01791     0.00542     0.00000     0.00000     0.00000    -0.02054     0.00000
     1.68000     0.01767    -0.01777     0.00537     0.00000     0.00000     0.00000    -0.02046     0.00000
     1.68500     0.01756    -0.01764     0.00531     0.00000     0.00000     0.00000    -0.02039     0.00000
     1.69000     0.01744    -0.01750     0.00526     0.00000     0.00000     0.00000    -0.02031     0.00000
     1.69500     0.01732    -0.01737     0.00521     0.00000     0.00000     0.00000    -0.02023     0.00000
     1.70000     0.01720    -0.01724     0.00516     0.00000     0.00000     0.00000    -0.02016     0.00000
     1.70500     0.01708    -0.01711     0.00511     0.00000     0.00000     0.00000    -0.02009     0.00000
     1.71000     0.01697    -0.01698     0.00506     0.00000     0.00000     0.00000    -0.02001     0.00000
     1.71500     0.01685    -0.01685     0.00501     0.00000     0.00000     0.00000    -0.01994     0.00000
     1.72000     0.01674    -0.01672     0.00496     0.00000     0.00000     0.00000    -0.01986     0.00000
     1.72500     0.01663    -0.01660     0.00491     0.00000     0.00000     0.00000    -0.01979     0.00000
     1.73000     0.01651    -0.01647     0.00486     0.00000     0.00000     0.00000    -0.01972     0.00000
     1.73500     0.01640    -0.01635     0.00481     0.00000     0.00000     0.00000    -0.01965     0.00000
     1.74000     0.01629    -0.01622     0.00476     0.00000     0.00000     0.00000    -0.01958     0.00000
     1.74500     0.01618    -0.01610     0.00472     0.00000     0.00000     0.00000    -0.01950     0.00000
     1.75000     0.01607    -0.01598     0.00467     0.00000     0.00000     0.00000    -0.01943     0.00000
     1.75500     0.01596    -0.01586     0.00462     0.00000     0.00000     0.00000    -0.01936     0.00000
     1.76000     0.01585    -0.01574     0.00458     0.00000     0.00000     0.00000    -0.01929     0.00000
     1.76500     0.01574    -0.01562     0.00453     0.00000     0.00000     0.00000    -0.01922     0.00000
     1.77000     0.01563    -0.01550     0.00449     0.00000     0.00000     0.00000    -0.01915     0.00000
     1.77500     0.01553    -0.01538     0.00444     0.00000     0.00000     0.00000    -0.01909     0.00000
     1.78000     0.01542    -0.01527     0.00440     0.00000     0.00000     0.00000    -0.01902     0.00000
     1.78500     0.01532    -0.01515     0.00436     0.00000     0.00000     0.00000    -0.01895     0.00000
     1.79000     0.01521    -0.01504     0.00431     0.00000     0.00000     0.00000    -0.01888     0.00000
     1.79500     0.01511    -0.01492     0.00427     0.00000     0.00000     0.00000    -0.01881     0.00000
     1.80000     0.01500    -0.01481     0.00423     0.00000     0.00000     0.00000    -0.01875     0.00000
     1.80500     0.01490    -0.01470     0.00419     0.00000     0.00000     0.00000    -0.01868     0.00000
     1.81000     0.01480    -0.01459     0.00415     0.00000     0.00000     0.00000    -0.01861     0.00000
     1.81500     0.01470    -0.01447     0.00410     0.00000     0.00000     0.00000    -0.01855     0.00000
     1.82000     0.01460    -0.01436     0.00406     0.00000     0.00000     0.00000    -0.01848     0.00000
     1.82500     0.01450    -0.01426     0.00402     0.00000     0.00000     0.00000    -0.01842     0.00000
     1.83000     0.01440    -0.01415     0.00398     0.00000     0.00000     0.00000    -0.01835     0.00000
     1.83500     0.01430    -0.01404     0.00395     0.00000     0.00000     0.00000    -0.01829     0.00000
     1.84000     0.01420    -0.01393     0.00391     0.00000     0.00000     0.00000    -0.01822     0.00000
     1.84500     0.01410    -0.01383     0.00387     0.00000     0.00000     0.00000    -0.01816     0.00000
     1.85000     0.01400    -0.01372     0.00383     0.00000     0.00000     0.00000    -0.01809     0.00000
     1.85500     0.01391    -0.01362     0.00379     0.00000     0.00000     0.00000    -0.01803     0.00000
     1.86000     0.01381    -0.01352     0.00376     0.00000     0.00000     0.00000    -0.01797     0.00000
     1.86500     0.01372    -0.01341     0.00372     0.00000     0.00000     0.00000    -0.01790     0.00000
     1.87000     0.01362    -0.01331     0.00368     0.00000     0.00000     0.00000    -0.01784     0.00000
     1.87500     0.01353    -0.01321     0.00365     0.00000     0.00000     0.00000    -0.01778     0.00000
     1.88000     0.01343    -0.01311     0.00361     0.00000     0.00000     0.00000    -0.01772     0.00000
     1.88500     0.01334    -0.01301     0.00358     0.00000     0.00000     0.00000    -0.01766     0.00000
     1.89000     0.01325    -0.01291     0.00354     0.00000     0.00000     0.00000    -0.01760     0.00000
     1.89500     0.01316    -0.01281     0.00351     0.00000     0.00000     0.00000    -0.01754     0.00000
     1.90000     0.01307    -0.01272     0.00347     0.00000     0.00000     0.00000    -0.01748     0.00000
     1.90500     0.01298    -0.01262     0.00344     0.00000     0.00000     0.00000    -0.01742     0.00000
     1.91000     0.01289    -0.01252     0.00340     0.00000     0.00000     0.00000    -0.01736     0.00000
     1.91500     0.01280    -0.01243     0.00337     0.00000     0.00000     0.00000    -0.01730     0.00000
     1.92000     0.01271    -0.01233     0.00334     0.00000     0.00000     0.00000    -0.01724     0.00000
     1.92500     0.01262    -0.01224     0.00330     0.00000     0.00000     0.00000    -0.01718     0.00000
     1.93000     0.01253    -0.01215     0.00327     0.00000     0.00000     0.00000    -0.01712     0.00000
     1.93500     0.01245    -0.01205     0.00324     0.00000     0.00000     0.00000    -0.01706     0.00000
     1.94000     0.01236    -0.01196     0.00321     0.00000     0.00000     0.00000    -0.01700     0.00000
     1.94500     0.01227    -0.01187     0.00318     0.00000     0.00000     0.00000    -0.01695     0.00000
     1.95000     0.01219    -0.01178     0.00315     0.00000     0.00000     0.00000    -0.01689     0.00000
     1.95500     0.01210    -0.01169     0.00312     0.00000     0.00000     0.00000    -0.01683     0.00000
     1.96000     0.01202    -0.01160     0.00308     0.00000     0.00000     0.00000    -0.01677     0.00000
     1.96500     0.01194    -0.01151     0.00305     0.00000     0.00000     0.00000    -0.01672     0.00000
     1.97000     0.01185    -0.01143     0.00302     0.00000     0.00000     0.00000    -0.01666     0.00000
     1.97500     0.01177    -0.01134     0.00300     0.00000     0.00000     0.00000    -0.01661     0.00000
     1.98000     0.01169    -0.01125     0.00297     0.00000     0.00000     0.00000    -0.01655     0.00000
     1.98500     0.01161    -0.01117     0.00294     0.00000     0.00000     0.00000    -0.01649     0.00000
     1.99000     0.01153    -0.01108     0.00291     0.00000     0.00000     0.00000    -0.01644     0.00000
     1.99500     0.01145    -0.01100     0.00288     0.00000     0.00000     0.00000    -0.01638     0.00000
     2.00000     0.01137    -0.01092     0.00285     0.00000     0.00000     0.00000    -0.01633     0.00000
     2.00500     0.01129    -0.01083     0.00282     0.00000     0.00000     0.00000    -0.01628     0.00000
     2.01000     0.01121    -0.01075     0.00280     0.00000     0.00000     0.00000    -0.01622     0.00000
     2.01500     0.01113    -0.01067     0.00277     0.00000     0.00000     0.00000    -0.01617     0.00000
     2.02000     0.01105    -0.01059     0.00274     0.00000     0.00000     0.00000    -0.01611     0.00000
     2.02500     0.01097    -0.01051     0.00272     0.00000     0.00000     0.00000    -0.01606     0.00000
     2.03000     0.01090    -0.01043     0.00269     0.00000     0.00000     0.00000    -0.01601     0.00000
     2.03500     0.01082    -0.01035     0.00266     0.00000     0.00000     0.00000    -0.01596     0.00000
     2.04000     0.01075    -0.01027     0.00264     0.00000     0.00000     0.00000    -0.01590     0.00000
     2.04500     0.01067    -0.01019     0.00261     0.00000     0.00000     0.00000    -0.01585     0.00000
     2.05000     0.01060    -0.01011     0.00259     0.00000     0.00000     0.00000    -0.01580     0.00000
     2.05500     0.01052    -0.01003     0.00256     0.00000     0.00000     0.00000    -0.01575     0.00000
     2.06000     0.01045    -0.00996     0.00254     0.00000     0.00000     0.00000    -0.01570     0.00000
     2.06500     0.01037    -0.00988     0.00251     0.00000     0.00000     0.00000    -0.01564     0.00000
     2.07000     0.01030    -0.00981     0.00249     0.00000     0.00000     0.00000    -0.01559     0.00000
     2.07500     0.01023    -0.00973     0.00246     0.00000     0.00000     0.00000    -0.01554     0.00000
     2.08000     0.01016    -0.00966     0.00244     0.00000     0.00000     0.00000    -0.01549     0.00000
     2.08500     0.01009    -0.00958     0.00242     0.00000     0.00000     0.00000    -0.01544     0.00000
     2.09000     0.01001    -0.00951     0.00239     0.00000     0.00000     0.00000    -0.01539     0.00000
     2.09500     0.00994    -0.00944     0.00237     0.00000     0.00000     0.00000    -0.01534     0.00000
     2.10000     0.00987    -0.00937     0.00235     0.00000     0.00000     0.00000    -0.01529     0.00000
     2.10500     0.00980    -0.00930     0.00232     0.00000     0.00000     0.00000    -0.01524     0.00000
     2.11000     0.00974    -0.00922     0.00230     0.00000     0.00000     0.00000    -0.01519     0.00000
     2.11500     0.00967    -0.00915     0.00228     0.00000     0.00000     0.00000    -0.01515     0.00000
     2.12000     0.00960    -0.00908     0.00226     0.00000     0.00000     0.00000    -0.01510     0.00000
     2.12500     0.00953    -0.00901     0.00223     0.00000     0.00000     0.00000    -0.01505     0.00000
     2.13000     0.00946    -0.00895     0.00221     0.00000     0.00000     0.00000    -0.01500     0.00000
     2.13500     0.00940    -0.00888     0.00219     0.00000     0.00000     0.00000    -0.01495     0.00000
     2.14000     0.00933    -0.00881     0.00217     0.00000     0.00000     0.00000    -0.01491     0.00000
     2.14500     0.00927    -0.00874     0.00215     0.00000     0.00000     0.00000    -0.01486     0.00000
     2.15000     0.00920    -0.00868     0.00213     0.00000     0.00000     0.00000    -0.01481     0.00000
     2.15500     0.00913    -0.00861     0.00211     0.00000     0.00000     0.00000    -0.01476     0.00000
     2.16000     0.00907    -0.00854     0.00209     0.00000     0.00000     0.00000    -0.01472     0.00000
     2.16500     0.00901    -0.00848     0.00207     0.00000     0.00000     0.00000    -0.01467     0.00000
     2.17000     0.00894    -0.00841     0.00205     0.00000     0.00000     0.00000    -0.01463     0.00000
     2.17500     0.00888    -0.00835     0.00203     0.00000     0.00000     0.00000    -0.01458     0.00000
     2.18000     0.00882    -0.00829     0.00201     0.00000     0.00000     0.00000    -0.01453     0.00000
     2.18500     0.00875    -0.00822     0.00199     0.00000     0.00000     0.00000    -0.01449     0.00000
     2.19000     0.00869    -0.00816     0.00197     0.00000     0.00000     0.00000    -0.01444     0.00000
     2.19500     0.00863    -0.00810     0.00195     0.00000     0.00000     0.00000    -0.01440     0.00000
     2.20000     0.00857    -0.00804     0.00193     0.00000     0.00000     0.00000    -0.01435     0.00000
     2.20500     0.00851    -0.00797     0.00191     0.00000     0.00000     0.00000    -0.01431     0.00000
     2.21000     0.00845    -0.00791     0.00189     0.00000     0.00000     0.00000    -0.01426     0.00000
     2.21500     0.00839    -0.00785     0.00188     0.00000     0.00000     0.00000    -0.01422     0.00000
     2.22000     0.00833    -0.00779     0.00186     0.00000     0.00000     0.00000    -0.01417     0.00000
     2.22500     0.00827    -0.00773     0.00184     0.00000     0.00000     0.00000    -0.01413     0.00000
     2.23000     0.00821    -0.00767     0.00182     0.00000     0.00000     0.00000    -0.01409     0.00000
     2.23500     0.00815    -0.00762     0.00180     0.00000     0.00000     0.00000    -0.01404     0.00000
     2.24000     0.00809    -0.00756     0.00179     0.00000     0.00000     0.00000    -0.01400     0.00000
     2.24500     0.00804    -0.00750     0.00177     0.00000     0.00000     0.00000    -0.01396     0.00000
     2.25000     0.00798    -0.00744     0.00175     0.00000     0.00000     0.00000    -0.01391     0.00000
     2.25500     0.00792    -0.00739     0.00174     0.00000     0.00000     0.00000    -0.01387     0.00000
     2.26000     0.00787    -0.00733     0.00172     0.00000     0.00000     0.00000    -0.01383     0.00000
     2.26500     0.00781    -0.00727     0.00170     0.00000     0.00000     0.00000    -0.01379     0.00000
     2.27000     0.00776    -0.00722     0.00169     0.00000     0.00000     0.00000    -0.01374     0.00000
     2.27500     0.00770    -0.00716     0.00167     0.00000     0.00000     0.00000    -0.01370     0.00000
     2.28000     0.00765    -0.00711     0.00165     0.00000     0.00000     0.00000    -0.01366     0.00000
     2.28500     0.00759    -0.00705     0.00164     0.00000     0.00000     0.00000    -0.01362     0.00000
     2.29000     0.00754    -0.00700     0.00162     0.00000     0.00000     0.00000    -0.01358     0.00000
     2.29500     0.00748    -0.00695     0.00161     0.00000     0.00000     0.00000    -0.01354     0.00000
     2.30000     0.00743    -0.00689     0.00159     0.00000     0.00000     0.00000    -0.01350     0.00000
     2.30500     0.00738    -0.00684     0.00158     0.00000     0.00000     0.00000    -0.01345     0.00000
     2.31000     0.00732    -0.00679     0.00156     0.00000     0.00000     0.00000    -0.01341     0.00000
     2.31500     0.00727    -0.00674     0.00155     0.00000     0.00000     0.00000    -0.01337     0.00000
     2.32000     0.00722    -0.00668     0.00153     0.00000     0.00000     0.00000    -0.01333     0.00000
     2.32500     0.00717    -0.00663     0.00152     0.00000     0.00000     0.00000    -0.01329     0.00000
     2.33000     0.00712    -0.00658     0.00150     0.00000     0.00000     0.00000    -0.01325     0.00000
     2.33500     0.00707    -0.00653     0.00149     0.00000     0.00000     0.00000    -0.01321     0.00000
     2.34000     0.00702    -0.00648     0.00147     0.00000     0.00000     0.00000    -0.01317     0.00000
     2.34500     0.00697    -0.00643     0.00146     0.00000     0.00000     0.00000    -0.01313     0.00000
     2.35000     0.00692    -0.00638     0.00144     0.00000     0.00000     0.00000    -0.01310     0.00000
     2.35500     0.00687    -0.00633     0.00143     0.00000     0.00000     0.00000    -0.01306     0.00000
     2.36000     0.00682    -0.00629     0.00142     0.00000     0.00000     0.00000    -0.01302     0.00000
     2.36500     0.00677    -0.00624     0.00140     0.00000     0.00000     0.00000    -0.01298     0.00000
     2.37000     0.00672    -0.00619     0.00139     0.00000     0.00000     0.00000    -0.01294     0.00000
     2.37500     0.00667    -0.00614     0.00138     0.00000     0.00000     0.00000    -0.01290     0.00000
     2.38000     0.00662    -0.00610     0.00136     0.00000     0.00000     0.00000    -0.01286     0.00000
     2.38500     0.00658    -0.00605     0.00135     0.00000     0.00000     0.00000    -0.01283     0.00000
     2.39000     0.00653    -0.00600     0.00134     0.00000     0.00000     0.00000    -0.01279     0.00000
     2.39500     0.00648    -0.00596     0.00132     0.00000     0.00000     0.00000    -0.01275     0.00000
     2.40000     0.00644    -0.00591     0.00131     0.00000     0.00000     0.00000    -0.01271     0.00000
     2.40500     0.00639    -0.00587     0.00130     0.00000     0.00000     0.00000    -0.01268     0.00000
     2.41000     0.00634    -0.00582     0.00129     0.00000     0.00000     0.00000    -0.01264     0.00000
     2.41500     0.00630    -0.00578     0.00127     0.00000     0.00000     0.00000    -0.01260     0.00000
     2.42000     0.00625    -0.00573     0.00126     0.00000     0.00000     0.00000    -0.01257     0.00000
     2.42500     0.00621    -0.00569     0.00125     0.00000     0.00000     0.00000    -0.01253     0.00000
     2.43000     0.00616    -0.00564     0.00124     0.00000     0.00000     0.00000    -0.01249     0.00000
     2.43500     0.00612    -0.00560     0.00123     0.00000     0.00000     0.00000    -0.01246     0.00000
     2.44000     0.00608    -0.00556     0.00122     0.00000     0.00000     0.00000    -0.01242     0.00000
     2.44500     0.00603    -0.00552     0.00120     0.00000     0.00000     0.00000    -0.01238     0.00000
     2.45000     0.00599    -0.00547     0.00119     0.00000     0.00000     0.00000    -0.01235     0.00000
     2.45500     0.00595    -0.00543     0.00118     0.00000     0.00000     0.00000    -0.01231     0.00000
     2.46000     0.00590    -0.00539     0.00117     0.00000     0.00000     0.00000    -0.01228     0.00000
     2.46500     0.00586    -0.00535     0.00116     0.00000     0.00000     0.00000    -0.01224     0.00000
     2.47000     0.00582    -0.00531     0.00115     0.00000     0.00000     0.00000    -0.01221     0.00000
     2.47500     0.00578    -0.00527     0.00114     0.00000     0.00000     0.00000    -0.01217     0.00000
     2.48000     0.00573    -0.00523     0.00113     0.00000     0.00000     0.00000    -0.01214     0.00000
     2.48500     0.00569    -0.00519     0.00111     0.00000     0.00000     0.00000    -0.01210     0.00000
     2.49000     0.00565    -0.00515     0.00110     0.00000     0.00000     0.00000    -0.01207     0.00000
     2.49500     0.00561    -0.00511     0.00109     0.00000     0.00000     0.00000    -0.01203     0.00000
     2.50000     0.00557    -0.00507     0.00108     0.00000     0.00000     0.00000    -0.01200     0.00000
     2.50500     0.00553    -0.00503     0.00107     0.00000     0.00000     0.00000    -0.01196     0.00000
     2.51000     0.00549    -0.00499     0.00106     0.00000     0.00000     0.00000    -0.01193     0.00000
     2.51500     0.00545    -0.00495     0.00105     0.00000     0.00000     0.00000    -0.01190     0.00000
     2.52000     0.00541    -0.00491     0.00104     0.00000     0.00000     0.00000    -0.01186     0.00000
     2.52500     0.00537    -0.00488     0.00103     0.00000     0.00000     0.00000    -0.01183     0.00000
     2.53000     0.00533    -0.00484     0.00102     0.00000     0.00000     0.00000    -0.01179     0.00000
     2.53500     0.00530    -0.00480     0.00101     0.00000     0.00000     0.00000    -0.01176     0.00000
     2.54000     0.00526    -0.00476     0.00100     0.00000     0.00000     0.00000    -0.01173     0.00000
     2.54500     0.00522    -0.00473     0.00099     0.00000     0.00000     0.00000    -0.01169     0.00000
     2.55000     0.00518    -0.00469     0.00098     0.00000     0.00000     0.00000    -0.01166     0.00000
     2.55500     0.00514    -0.00466     0.00097     0.00000     0.00000     0.00000    -0.01163     0.00000
     2.56000     0.00511    -0.00462     0.00097     0.00000     0.00000     0.00000    -0.01160     0.00000
     2.56500     0.00507    -0.00458     0.00096     0.00000     0.00000     0.00000    -0.01156     0.00000
     2.57000     0.00503    -0.00455     0.00095     0.00000     0.00000     0.00000    -0.01153     0.00000
     2.57500     0.00500    -0.00451     0.00094     0.00000     0.00000     0.00000    -0.01150     0.00000
     2.58000     0.00496    -0.00448     0.00093     0.00000     0.00000     0.00000    -0.01147     0.00000
     2.58500     0.00492    -0.00445     0.00092     0.00000     0.00000     0.00000    -0.01144     0.00000
     2.59000     0.00489    -0.00441     0.00091     0.00000     0.00000     0.00000    -0.01140     0.00000
     2.59500     0.00485    -0.00438     0.00090     0.00000     0.00000     0.00000    -0.01137     0.00000
     2.60000     0.00482    -0.00434     0.00089     0.00000     0.00000     0.00000    -0.01134     0.00000
     2.60500     0.00478    -0.00431     0.00089     0.00000     0.00000     0.00000    -0.01131     0.00000
     2.61000     0.00475    -0.00428     0.00088     0.00000     0.00000     0.00000    -0.01128     0.00000
     2.61500     0.00471    -0.00424     0.00087     0.00000     0.00000     0.00000    -0.01125     0.00000
     2.62000     0.00468    -0.00421     0.00086     0.00000     0.00000     0.00000    -0.01122     0.00000
     2.62500     0.00465    -0.00418     0.00085     0.00000     0.00000     0.00000    -0.01118     0.00000
     2.63000     0.00461    -0.00415     0.00084     0.00000     0.00000     0.00000    -0.01115     0.00000
     2.63500     0.00458    -0.00412     0.00084     0.00000     0.00000     0.00000    -0.01112     0.00000
     2.64000     0.00455    -0.00408     0.00083     0.00000     0.00000     0.00000    -0.01109     0.00000
     2.64500     0.00451    -0.00405     0.00082     0.00000     0.00000     0.00000    -0.01106     0.00000
     2.65000     0.00448    -0.00402     0.00081     0.00000     0.00000     0.00000    -0.01103     0.00000
     2.65500     0.00445    -0.00399     0.00081     0.00000     0.00000     0.00000    -0.01100     0.00000
     2.66000     0.00442    -0.00396     0.00080     0.00000     0.00000     0.00000    -0.01097     0.00000
     2.66500     0.00438    -0.00393     0.00079     0.00000     0.00000     0.00000    -0.01094     0.00000
     2.67000     0.00435    -0.00390     0.00078     0.00000     0.00000     0.00000    -0.01091     0.00000
     2.67500     0.00432    -0.00387     0.00078     0.00000     0.00000     0.00000    -0.01088     0.00000
     2.68000     0.00429    -0.00384     0.00077     0.00000     0.00000     0.00000    -0.01085     0.00000
     2.68500     0.00426    -0.00381     0.00076     0.00000     0.00000     0.00000    -0.01082     0.00000
     2.69000     0.00423    -0.00378     0.00075     0.00000     0.00000     0.00000    -0.01079     0.00000
     2.69500     0.00420    -0.00375     0.00075     0.00000     0.00000     0.00000    -0.01076     0.00000
     2.70000     0.00416    -0.00372     0.00074     0.00000     0.00000     0.00000    -0.01074     0.00000
     2.70500     0.00413    -0.00369     0.00073     0.00000     0.00000     0.00000    -0.01071     0.00000
     2.71000     0.00410    -0.00367     0.00073     0.00000     0.00000     0.00000    -0.01068     0.00000
     2.71500     0.00407    -0.00364     0.00072     0.00000     0.00000     0.00000    -0.01065     0.00000
     2.72000     0.00404    -0.00361     0.00071     0.00000     0.00000     0.00000    -0.01062     0.00000
     2.72500     0.00402    -0.00358     0.00070     0.00000     0.00000     0.00000    -0.01059     0.00000
     2.73000     0.00399    -0.00355     0.00070     0.00000     0.00000     0.00000    -0.01056     0.00000
     2.73500     0.00396    -0.00353     0.00069     0.00000     0.00000     0.00000    -0.01054     0.00000
     2.74000     0.00393    -0.00350     0.00069     0.00000     0.00000     0.00000    -0.01051     0.00000
     2.74500     0.00390    -0.00347     0.00068     0.00000     0.00000     0.00000    -0.01048     0.00000
     2.75000     0.00387    -0.00345     0.00067     0.00000     0.00000     0.00000    -0.01045     0.00000
     2.75500     0.00384    -0.00342     0.00067     0.00000     0.00000     0.00000    -0.01042     0.00000
     2.76000     0.00381    -0.00339     0.00066     0.00000     0.00000     0.00000    -0.01040     0.00000
     2.76500     0.00379    -0.00337     0.00065     0.00000     0.00000     0.00000    -0.01037     0.00000
     2.77000     0.00376    -0.00334     0.00065     0.00000     0.00000     0.00000    -0.01034     0.00000
     2.77500     0.00373    -0.00332     0.00064     0.00000     0.00000     0.00000    -0.01031     0.00000
     2.78000     0.00370    -0.00329     0.00064     0.00000     0.00000     0.00000    -0.01029     0.00000
     2.78500     0.00368    -0.00327     0.00063     0.00000     0.00000     0.00000    -0.01026     0.00000
     2.79000     0.00365    -0.00324     0.00062     0.00000     0.00000     0.00000    -0.01023     0.00000
     2.79500     0.00362    -0.00322     0.00062     0.00000     0.00000     0.00000    -0.01020     0.00000
     2.80000     0.00360    -0.00319     0.00061     0.00000     0.00000     0.00000    -0.01018     0.00000
     2.80500     0.00357    -0.00317     0.00061     0.00000     0.00000     0.00000    -0.01015     0.00000
     2.81000     0.00355    -0.00314     0.00060     0.00000     0.00000     0.00000    -0.01012     0.00000
     2.81500     0.00352    -0.00312     0.00059     0.00000     0.00000     0.00000    -0.01010     0.00000
     2.82000     0.00349    -0.00309     0.00059     0.00000     0.00000     0.00000    -0.01007     0.00000
     2.82500     0.00347    -0.00307     0.00058     0.00000     0.00000     0.00000    -0.01005     0.00000
     2.83000     0.00344    -0.00305     0.00058     0.00000     0.00000     0.00000    -0.01002     0.00000
     2.83500     0.00342    -0.00302     0.00057     0.00000     0.00000     0.00000    -0.00999     0.00000
     2.84000     0.00339    -0.00300     0.00057     0.00000     0.00000     0.00000    -0.00997     0.00000
     2.84500     0.00337    -0.00298     0.00056     0.00000     0.00000     0.00000    -0.00994     0.00000
     2.85000     0.00334    -0.00295     0.00056     0.00000     0.00000     0.00000    -0.00992     0.00000
     2.85500     0.00332    -0.00293     0.00055     0.00000     0.00000     0.00000    -0.00989     0.00000
     2.86000     0.00329    -0.00291     0.00055     0.00000     0.00000     0.00000    -0.00986     0.00000
     2.86500     0.00327    -0.00289     0.00054     0.00000     0.00000     0.00000    -0.00984     0.00000
     2.87000     0.00325    -0.00286     0.00054     0.00000     0.00000     0.00000    -0.00981     0.00000
     2.87500     0.00322    -0.00284     0.00053     0.00000     0.00000     0.00000    -0.00979     0.00000
     2.88000     0.00320    -0.00282     0.00053     0.00000     0.00000     0.00000    -0.00976     0.00000
     2.88500     0.00318    -0.00280     0.00052     0.00000     0.00000     0.00000    -0.00974     0.00000
     2.89000     0.00315    -0.00278     0.00052     0.00000     0.00000     0.00000    -0.00971     0.00000
     2.89500     0.00313    -0.00275     0.00051     0.00000     0.00000     0.00000    -0.00969     0.00000
     2.90000     0.00311    -0.00273     0.00051     0.00000     0.00000     0.00000    -0.00966     0.00000
     2.90500     0.00308    -0.00271     0.00050     0.00000     0.00000     0.00000    -0.00964     0.00000
     2.91000     0.00306    -0.00269     0.00050     0.00000     0.00000     0.00000    -0.00961     0.00000
     2.91500     0.00304    -0.00267     0.00049     0.00000     0.00000     0.00000    -0.00959     0.00000
     2.92000     0.00302    -0.00265     0.00049     0.00000     0.00000     0.00000    -0.00956     0.00000
     2.92500     0.00299    -0.00263     0.00048     0.00000     0.00000     0.00000    -0.00954     0.00000
     2.93000     0.00297    -0.00261     0.00048     0.00000     0.00000     0.00000    -0.00952     0.00000
     2.93500     0.00295    -0.00259     0.00047     0.00000     0.00000     0.00000    -0.00949     0.00000
     2.94000     0.00293    -0.00257     0.00047     0.00000     0.00000     0.00000    -0.00947     0.00000
     2.94500     0.00291    -0.00255     0.00046     0.00000     0.00000     0.00000    -0.00944     0.00000
     2.95000     0.00289    -0.00253     0.00046     0.00000     0.00000     0.00000    -0.00942     0.00000
     2.95500     0.00286    -0.00251     0.00046     0.00000     0.00000     0.00000    -0.00940     0.00000
     2.96000     0.00284    -0.00249     0.00045     0.00000     0.00000     0.00000    -0.00937     0.00000
     2.96500     0.00282    -0.00247     0.00045     0.00000     0.00000     0.00000    -0.00935     0.00000
     2.97000     0.00280    -0.00245     0.00044     0.00000     0.00000     0.00000    -0.00932     0.00000
     2.97500     0.00278    -0.00243     0.00044     0.00000     0.00000     0.00000    -0.00930     0.00000
     2.98000     0.00276    -0.00242     0.00044     0.00000     0.00000     0.00000    -0.00928     0.00000
     2.98500     0.00274    -0.00240     0.00043     0.00000     0.00000     0.00000    -0.00925     0.00000
     2.99000     0.00272    -0.00238     0.00043     0.00000     0.00000     0.00000    -0.00923     0.00000
     2.99500     0.00270    -0.00236     0.00042     0.00000     0.00000     0.00000    -0.00921     0.00000
     3.00000     0.00268    -0.00234     0.00042     0.00000     0.00000     0.00000    -0.00919     0.00000
     3.00500     0.00266    -0.00232     0.00042     0.00000     0.00000     0.00000    -0.00916     0.00000
     3.01000     0.00264    -0.00231     0.00041     0.00000     0.00000     0.00000    -0.00914     0.00000
     3.01500     0.00262    -0.00229     0.00041     0.00000     0.00000     0.00000    -0.00912     0.00000
     3.02000     0.00260    -0.00227     0.00040     0.00000     0.00000     0.00000    -0.00909     0.00000
     3.02500     0.00258    -0.00225     0.00040     0.00000     0.00000     0.00000    -0.00907     0.00000
     3.03000     0.00256    -0.00224     0.00040     0.00000     0.00000     0.00000    -0.00905     0.00000
     3.03500     0.00254    -0.00222     0.00039     0.00000     0.00000     0.00000    -0.00903     0.00000
     3.04000     0.00253    -0.00220     0.00039     0.00000     0.00000     0.00000    -0.00900     0.00000
     3.04500     0.00251    -0.00218     0.00039     0.00000     0.00000     0.00000    -0.00898     0.00000
     3.05000     0.00249    -0.00217     0.00038     0.00000     0.00000     0.00000    -0.00896     0.00000
     3.05500     0.00247    -0.00215     0.00038     0.00000     0.00000     0.00000    -0.00894     0.00000
     3.06000     0.00245    -0.00213     0.00037     0.00000     0.00000     0.00000    -0.00892     0.00000
     3.06500     0.00243    -0.00212     0.00037     0.00000     0.00000     0.00000    -0.00889     0.00000
     3.07000     0.00242    -0.00210     0.00037     0.00000     0.00000     0.00000    -0.00887     0.00000
     3.07500     0.00240    -0.00209     0.00036     0.00000     0.00000     0.00000    -0.00885     0.00000
     3.08000     0.00238    -0.00207     0.00036     0.00000     0.00000     0.00000    -0.00883     0.00000
     3.08500     0.00236    -0.00205     0.00036     0.00000     0.00000     0.00000    -0.00881     0.00000
     3.09000     0.00235    -0.00204     0.00035     0.00000     0.00000     0.00000    -0.00879     0.00000
     3.09500     0.00233    -0.00202     0.00035     0.00000     0.00000     0.00000    -0.00876     0.00000
     3.10000     0.00231    -0.00201     0.00035     0.00000     0.00000     0.00000    -0.00874     0.00000
     3.10500     0.00229    -0.00199     0.00034     0.00000     0.00000     0.00000    -0.00872     0.00000
     3.11000     0.00228    -0.00198     0.00034     0.00000     0.00000     0.00000    -0.00870     0.00000
     3.11500     0.00226    -0.00196     0.00034     0.00000     0.00000     0.00000    -0.00868     0.00000
     3.12000     0.00224    -0.00194     0.00033     0.00000     0.00000     0.00000    -0.00866     0.00000
     3.12500     0.00223    -0.00193     0.00033     0.00000     0.00000     0.00000    -0.00864     0.00000
     3.13000     0.00221    -0.00191     0.00033     0.00000     0.00000     0.00000    -0.00862     0.00000
     3.13500     0.00219    -0.00190     0.00033     0.00000     0.00000     0.00000    -0.00860     0.00000
     3.14000     0.00218    -0.00189     0.00032     0.00000     0.00000     0.00000    -0.00857     0.00000
     3.14500     0.00216    -0.00187     0.00032     0.00000     0.00000     0.00000    -0.00855     0.00000
     3.15000     0.00215    -0.00186     0.00032     0.00000     0.00000     0.00000    -0.00853     0.00000
     3.15500     0.00213    -0.00184     0.00031     0.00000     0.00000     0.00000    -0.00851     0.00000
     3.16000     0.00211    -0.00183     0.00031     0.00000     0.00000     0.00000    -0.00849     0.00000
     3.16500     0.00210    -0.00181     0.00031     0.00000     0.00000     0.00000    -0.00847     0.00000
     3.17000     0.00208    -0.00180     0.00030     0.00000     0.00000     0.00000    -0.00845     0.00000
     3.17500     0.00207    -0.00179     0.00030     0.00000     0.00000     0.00000    -0.00843     0.00000
     3.18000     0.00205    -0.00177     0.00030     0.00000     0.00000     0.00000    -0.00841     0.00000
     3.18500     0.00204    -0.00176     0.00030     0.00000     0.00000     0.00000    -0.00839     0.00000
     3.19000     0.00202    -0.00174     0.00029     0.00000     0.00000     0.00000    -0.00837     0.00000
     3.19500     0.00201    -0.00173     0.00029     0.00000     0.00000     0.00000    -0.00835     0.00000
     3.20000     0.00199    -0.00172     0.00029     0.00000     0.00000     0.00000    -0.00833     0.00000
     3.20500     0.00198    -0.00170     0.00029     0.00000     0.00000     0.00000    -0.00831     0.00000
     3.21000     0.00196    -0.00169     0.00028     0.00000     0.00000     0.00000    -0.00829     0.00000
     3.21500     0.00195    -0.00168     0.00028     0.00000     0.00000     0.00000    -0.00827     0.00000
     3.22000     0.00193    -0.00167     0.00028     0.00000     0.00000     0.00000    -0.00825     0.00000
     3.22500     0.00192    -0.00165     0.00027     0.00000     0.00000     0.00000    -0.00823     0.00000
     3.23000     0.00191    -0.00164     0.00027     0.00000     0.00000     0.00000    -0.00821     0.00000
     3.23500     0.00189    -0.00163     0.00027     0.00000     0.00000     0.00000    -0.00819     0.00000
     3.24000     0.00188    -0.00161     0.00027     0.00000     0.00000     0.00000    -0.00818     0.00000
     3.24500     0.00186    -0.00160     0.00026     0.00000     0.00000     0.00000    -0.00816     0.00000
     3.25000     0.00185    -0.00159     0.00026     0.00000     0.00000     0.00000    -0.00814     0.00000
     3.25500     0.00184    -0.00158     0.00026     0.00000     0.00000     0.00000    -0.00812     0.00000
     3.26000     0.00182    -0.00157     0.00026     0.00000     0.00000     0.00000    -0.00810     0.00000
     3.26500     0.00181    -0.00155     0.00026     0.00000     0.00000     0.00000    -0.00808     0.00000
     3.27000     0.00180    -0.00154     0.00025     0.00000     0.00000     0.00000    -0.00806     0.00000
     3.27500     0.00178    -0.00153     0.00025     0.00000     0.00000     0.00000    -0.00804     0.00000
     3.28000     0.00177    -0.00152     0.00025     0.00000     0.00000     0.00000    -0.00802     0.00000
     3.28500     0.00176    -0.00151     0.00025     0.00000     0.00000     0.00000    -0.00800     0.00000
     3.29000     0.00174    -0.00149     0.00024     0.00000     0.00000     0.00000    -0.00799     0.00000
     3.29500     0.00173    -0.00148     0.00024     0.00000     0.00000     0.00000    -0.00797     0.00000
     3.30000     0.00172    -0.00147     0.00024     0.00000     0.00000     0.00000    -0.00795     0.00000
     3.30500     0.00170    -0.00146     0.00024     0.00000     0.00000     0.00000    -0.00793     0.00000
     3.31000     0.00169    -0.00145     0.00023     0.00000     0.00000     0.00000    -0.00791     0.00000
     3.31500     0.00168    -0.00144     0.00023     0.00000     0.00000     0.00000    -0.00789     0.00000
     3.32000     0.00167    -0.00143     0.00023     0.00000     0.00000     0.00000    -0.00788     0.00000
     3.32500     0.00165    -0.00142     0.00023     0.00000     0.00000     0.00000    -0.00786     0.00000
     3.33000     0.00164    -0.00140     0.00023     0.00000     0.00000     0.00000    -0.00784     0.00000
     3.33500     0.00163    -0.00139     0.00022     0.00000     0.00000     0.00000    -0.00782     0.00000
     3.34000     0.00162    -0.00138     0.00022     0.00000     0.00000     0.00000    -0.00780     0.00000
     3.34500     0.00161    -0.00137     0.00022     0.00000     0.00000     0.00000    -0.00778     0.00000
     3.35000     0.00159    -0.00136     0.00022     0.00000     0.00000     0.00000    -0.00777     0.00000
     3.35500     0.00158    -0.00135     0.00022     0.00000     0.00000     0.00000    -0.00775     0.00000
     3.36000     0.00157    -0.00134     0.00021     0.00000     0.00000     0.00000    -0.00773     0.00000
     3.36500     0.00156    -0.00133     0.00021     0.00000     0.00000     0.00000    -0.00771     0.00000
     3.37000     0.00155    -0.00132     0.00021     0.00000     0.00000     0.00000    -0.00770     0.00000
     3.37500     0.00154    -0.00131     0.00021     0.00000     0.00000     0.00000    -0.00768     0.00000
     3.38000     0.00152    -0.00130     0.00021     0.00000     0.00000     0.00000    -0.00766     0.00000
     3.38500     0.00151    -0.00129     0.00020     0.00000     0.00000     0.00000    -0.00764     0.00000
     3.39000     0.00150    -0.00128     0.00020     0.00000     0.00000     0.00000    -0.00763     0.00000
     3.39500     0.00149    -0.00127     0.00020     0.00000     0.00000     0.00000    -0.00761     0.00000
     3.40000     0.00148    -0.00126     0.00020     0.00000     0.00000     0.00000    -0.00759     0.00000
     3.40500     0.00147    -0.00125     0.00020     0.00000     0.00000     0.00000    -0.00757     0.00000
     3.41000     0.00146    -0.00124     0.00019     0.00000     0.00000     0.00000    -0.00756     0.00000
     3.41500     0.00145    -0.00123     0.00019     0.00000     0.00000     0.00000    -0.00754     0.00000
     3.42000     0.00144    -0.00122     0.00019     0.00000     0.00000     0.00000    -0.00752     0.00000
     3.42500     0.00142    -0.00121     0.00019     0.00000     0.00000     0.00000    -0.00751     0.00000
     3.43000     0.00141    -0.00120     0.00019     0.00000     0.00000     0.00000    -0.00749     0.00000
     3.43500     0.00140    -0.00119     0.00019     0.00000     0.00000     0.00000    -0.00747     0.00000
     3.44000     0.00139    -0.00118     0.00018     0.00000     0.00000     0.00000    -0.00746     0.00000
     3.44500     0.00138    -0.00117     0.00018     0.00000     0.00000     0.00000    -0.00744     0.00000
     3.45000     0.00137    -0.00117     0.00018     0.00000     0.00000     0.00000    -0.00742     0.00000
     3.45500     0.00136    -0.00116     0.00018     0.00000     0.00000     0.00000    -0.00740     0.00000
     3.46000     0.00135    -0.00115     0.00018     0.00000     0.00000     0.00000    -0.00739     0.00000
     3.46500     0.00134    -0.00114     0.00018     0.00000     0.00000     0.00000    -0.00737     0.00000
     3.47000     0.00133    -0.00113     0.00017     0.00000     0.00000     0.00000    -0.00736     0.00000
     3.47500     0.00132    -0.00112     0.00017     0.00000     0.00000     0.00000    -0.00734     0.00000
     3.48000     0.00131    -0.00111     0.00017     0.00000     0.00000     0.00000    -0.00732     0.00000
     3.48500     0.00130    -0.00110     0.00017     0.00000     0.00000     0.00000    -0.00731     0.00000
     3.49000     0.00129    -0.00110     0.00017     0.00000     0.00000     0.00000    -0.00729     0.00000
     3.49500     0.00128    -0.00109     0.00017     0.00000     0.00000     0.00000    -0.00727     0.00000
     3.50000     0.00127    -0.00108     0.00016     0.00000     0.00000     0.00000    -0.00726     0.00000
     3.50500     0.00126    -0.00107     0.00016     0.00000     0.00000     0.00000    -0.00724     0.00000
     3.51000     0.00125    -0.00106     0.00016     0.00000     0.00000     0.00000    -0.00723     0.00000
     3.51500     0.00125    -0.00105     0.00016     0.00000     0.00000     0.00000    -0.00721     0.00000
     3.52000     0.00124    -0.00105     0.00016     0.00000     0.00000     0.00000    -0.00719     0.00000
     3.52500     0.00123    -0.00104     0.00016     0.00000     0.00000     0.00000    -0.00718     0.00000
     3.53000     0.00122    -0.00103     0.00016     0.00000     0.00000     0.00000    -0.00716     0.00000
     3.53500     0.00121    -0.00102     0.00015     0.00000     0.00000     0.00000    -0.00715     0.00000
     3.54000     0.00120    -0.00101     0.00015     0.00000     0.00000     0.00000    -0.00713     0.00000
     3.54500     0.00119    -0.00101     0.00015     0.00000     0.00000     0.00000    -0.00711     0.00000
     3.55000     0.00118    -0.00100     0.00015     0.00000     0.00000     0.00000    -0.00710     0.00000
     3.55500     0.00117    -0.00099     0.00015     0.00000     0.00000     0.00000    -0.00708     0.00000
     3.56000     0.00116    -0.00098     0.00015     0.00000     0.00000     0.00000    -0.00707     0.00000
     3.56500     0.00116    -0.00098     0.00015     0.00000     0.00000     0.00000    -0.00705     0.00000
     3.57000     0.00115    -0.00097     0.00014     0.00000     0.00000     0.00000    -0.00704     0.00000
     3.57500     0.00114    -0.00096     0.00014     0.00000     0.00000     0.00000    -0.00702     0.00000
     3.58000     0.00113    -0.00095     0.00014     0.00000     0.00000     0.00000    -0.00701     0.00000
     3.58500     0.00112    -0.00095     0.00014     0.00000     0.00000     0.00000    -0.00699     0.00000
     3.59000     0.00111    -0.00094     0.00014     0.00000     0.00000     0.00000    -0.00698     0.00000
     3.59500     0.00110    -0.00093     0.00014     0.00000     0.00000     0.00000    -0.00696     0.00000
     3.60000     0.00110    -0.00092     0.00014     0.00000     0.00000     0.00000    -0.00695     0.00000
     3.60500     0.00109    -0.00092     0.00014     0.00000     0.00000     0.00000    -0.00693     0.00000
     3.61000     0.00108    -0.00091     0.00013     0.00000     0.00000     0.00000    -0.00692     0.00000
     3.61500     0.00107    -0.00090     0.00013     0.00000     0.00000     0.00000    -0.00690     0.00000
     3.62000     0.00106    -0.00090     0.00013     0.00000     0.00000     0.00000    -0.00689     0.00000
     3.62500     0.00106    -0.00089     0.00013     0.00000     0.00000     0.00000    -0.00687     0.00000
     3.63000     0.00105    -0.00088     0.00013     0.00000     0.00000     0.00000    -0.00686     0.00000
     3.63500     0.00104    -0.00087     0.00013     0.00000     0.00000     0.00000    -0.00684     0.00000
     3.64000     0.00103    -0.00087     0.00013     0.00000     0.00000     0.00000    -0.00683     0.00000
     3.64500     0.00102    -0.00086     0.00013     0.00000     0.00000     0.00000    -0.00681     0.00000
     3.65000     0.00102    -0.00085     0.00012     0.00000     0.00000     0.00000    -0.00680     0.00000
     3.65500     0.00101    -0.00085     0.00012     0.00000     0.00000     0.00000    -0.00678     0.00000
     3.66000     0.00100    -0.00084     0.00012     0.00000     0.00000     0.00000    -0.00677     0.00000
     3.66500     0.00099    -0.00083     0.00012     0.00000     0.00000     0.00000    -0.00675     0.00000
     3.67000     0.00099    -0.00083     0.00012     0.00000     0.00000     0.00000    -0.00674     0.00000
     3.67500     0.00098    -0.00082     0.00012     0.00000     0.00000     0.00000    -0.00672     0.00000
     3.68000     0.00097    -0.00082     0.00012     0.00000     0.00000     0.00000    -0.00671     0.00000
     3.68500     0.00096    -0.00081     0.00012     0.00000     0.00000     0.00000    -0.00670     0.00000
     3.69000     0.00096    -0.00080     0.00012     0.00000     0.00000     0.00000    -0.00668     0.00000
     3.69500     0.00095    -0.00080     0.00011     0.00000     0.00000     0.00000    -0.00667     0.00000
     3.70000     0.00094    -0.00079     0.00011     0.00000     0.00000     0.00000    -0.00665     0.00000
     3.70500     0.00094    -0.00078     0.00011     0.00000     0.00000     0.00000    -0.00664     0.00000
     3.71000     0.00093    -0.00078     0.00011     0.00000     0.00000     0.00000    -0.00662     0.00000
     3.71500     0.00092    -0.00077     0.00011     0.00000     0.00000     0.00000    -0.00661     0.00000
     3.72000     0.00092    -0.00077     0.00011     0.00000     0.00000     0.00000    -0.00660     0.00000
     3.72500     0.00091    -0.00076     0.00011     0.00000     0.00000     0.00000    -0.00658     0.00000
     3.73000     0.00090    -0.00075     0.00011     0.00000     0.00000     0.00000    -0.00657     0.00000
     3.73500     0.00090    -0.00075     0.00011     0.00000     0.00000     0.00000    -0.00656     0.00000
     3.74000     0.00089    -0.00074     0.00011     0.00000     0.00000     0.00000    -0.00654     0.00000
     3.74500     0.00088    -0.00074     0.00010     0.00000     0.00000     0.00000    -0.00653     0.00000
     3.75000     0.00088    -0.00073     0.00010     0.00000     0.00000     0.00000    -0.00651     0.00000
     3.75500     0.00087    -0.00073     0.00010     0.00000     0.00000     0.00000    -0.00650     0.00000
     3.76000     0.00086    -0.00072     0.00010     0.00000     0.00000     0.00000    -0.00649     0.00000
     3.76500     0.00086    -0.00071     0.00010     0.00000     0.00000     0.00000    -0.00647     0.00000
     3.77000     0.00085    -0.00071     0.00010     0.00000     0.00000     0.00000    -0.00646     0.00000
     3.77500     0.00084    -0.00070     0.00010     0.00000     0.00000     0.00000    -0.00645     0.00000
     3.78000     0.00084    -0.00070     0.00010     0.00000     0.00000     0.00000    -0.00643     0.00000
     3.78500     0.00083    -0.00069     0.00010     0.00000     0.00000     0.00000    -0.00642     0.00000
     3.79000     0.00082    -0.00069     0.00010     0.00000     0.00000     0.00000    -0.00641     0.00000
     3.79500     0.00082    -0.00068     0.00010     0.00000     0.00000     0.00000    -0.00639     0.00000
     3.80000     0.00081    -0.00068     0.00009     0.00000     0.00000     0.00000    -0.00638     0.00000
     3.80500     0.00081    -0.00067     0.00009     0.00000     0.00000     0.00000    -0.00637     0.00000
     3.81000     0.00080    -0.00067     0.00009     0.00000     0.00000     0.00000    -0.00635     0.00000
     3.81500     0.00079    -0.00066     0.00009     0.00000     0.00000     0.00000    -0.00634     0.00000
     3.82000     0.00079    -0.00066     0.00009     0.00000     0.00000     0.00000    -0.00633     0.00000
     3.82500     0.00078    -0.00065     0.00009     0.00000     0.00000     0.00000    -0.00631     0.00000
     3.83000     0.00078    -0.00065     0.00009     0.00000     0.00000     0.00000    -0.00630     0.00000
     3.83500     0.00077    -0.00064     0.00009     0.00000     0.00000     0.00000    -0.00629     0.00000
     3.84000     0.00076    -0.00064     0.00009     0.00000     0.00000     0.00000    -0.00627     0.00000
     3.84500     0.00076    -0.00063     0.00009     0.00000     0.00000     0.00000    -0.00626     0.00000
     3.85000     0.00075    -0.00063     0.00009     0.00000     0.00000     0.00000    -0.00625     0.00000
     3.85500     0.00075    -0.00062     0.00009     0.00000     0.00000     0.00000    -0.00624     0.00000
     3.86000     0.00074    -0.00062     0.00008     0.00000     0.00000     0.00000    -0.00622     0.00000
     3.86500     0.00074    -0.00061     0.00008     0.00000     0.00000     0.00000    -0.00621     0.00000
     3.87000     0.00073    -0.00061     0.00008     0.00000     0.00000     0.00000    -0.00620     0.00000
     3.87500     0.00072    -0.00060     0.00008     0.00000     0.00000     0.00000    -0.00618     0.00000
     3.88000     0.00072    -0.00060     0.00008     0.00000     0.00000     0.00000    -0.00617     0.00000
     3.88500     0.00071    -0.00059     0.00008     0.00000     0.00000     0.00000    -0.00616     0.00000
     3.89000     0.00071    -0.00059     0.00008     0.00000     0.00000     0.00000    -0.00615     0.00000
     3.89500     0.00070    -0.00058     0.00008     0.00000     0.00000     0.00000    -0.00613     0.00000
     3.90000     0.00070    -0.00058     0.00008     0.00000     0.00000     0.00000    -0.00612     0.00000
     3.90500     0.00069    -0.00057     0.00008     0.00000     0.00000     0.00000    -0.00611     0.00000
     3.91000     0.00069    -0.00057     0.00008     0.00000     0.00000     0.00000    -0.00610     0.00000
     3.91500     0.00068    -0.00057     0.00008     0.00000     0.00000     0.00000    -0.00608     0.00000
     3.92000     0.00068    -0.00056     0.00008     0.00000     0.00000     0.00000    -0.00607     0.00000
     3.92500     0.00067    -0.00056     0.00008     0.00000     0.00000     0.00000    -0.00606     0.00000
     3.93000     0.00067    -0.00055     0.00007     0.00000     0.00000     0.00000    -0.00605     0.00000
     3.93500     0.00066    -0.00055     0.00007     0.00000     0.00000     0.00000    -0.00603     0.00000
     3.94000     0.00066    -0.00054     0.00007     0.00000     0.00000     0.00000    -0.00602     0.00000
     3.94500     0.00065    -0.00054     0.00007     0.00000     0.00000     0.00000    -0.00601     0.00000
     3.95000     0.00065    -0.00054     0.00007     0.00000     0.00000     0.00000    -0.00600     0.00000
     3.95500     0.00064    -0.00053     0.00007     0.00000     0.00000     0.00000    -0.00599     0.00000
     3.96000     0.00064    -0.00053     0.00007     0.00000     0.00000     0.00000    -0.00597     0.00000
     3.96500     0.00063    -0.00052     0.00007     0.00000     0.00000     0.00000    -0.00596     0.00000
     3.97000     0.00063    -0.00052     0.00007     0.00000     0.00000     0.00000    -0.00595     0.00000
     3.97500     0.00062    -0.00052     0.00007     0.00000     0.00000     0.00000    -0.00594     0.00000
     3.98000     0.00062    -0.00051     0.00007     0.00000     0.00000     0.00000    -0.00593     0.00000
     3.98500     0.00061    -0.00051     0.00007     0.00000     0.00000     0.00000    -0.00591     0.00000
     3.99000     0.00061    -0.00050     0.00007     0.00000     0.00000     0.00000    -0.00590     0.00000
     3.99500     0.00060    -0.00050     0.00007     0.00000     0.00000     0.00000    -0.00589     0.00000
     4.00000     0.00060    -0.00050     0.00007     0.00000     0.00000     0.00000    -0.00588     0.00000
