 # P13_1720 FF
     0.00000     0.40736    -1.00673     0.22171     0.00000     0.00000     0.00000    -0.29393   -13.57992
     0.00500     0.40593    -0.99207     0.20385     0.00000     0.00000     0.00000    -0.29102   -10.64919
     0.01000     0.40449    -0.97763     0.18649     0.00000     0.00000     0.00000    -0.28814    -8.72884
     0.01500     0.40303    -0.96343     0.16960     0.00000     0.00000     0.00000    -0.28531    -7.37366
     0.02000     0.40156    -0.94947     0.15319     0.00000     0.00000     0.00000    -0.28252    -6.36650
     0.02500     0.40007    -0.93572     0.13723     0.00000     0.00000     0.00000    -0.27977    -5.58883
     0.03000     0.39858    -0.92220     0.12172     0.00000     0.00000     0.00000    -0.27706    -4.97044
     0.03500     0.39707    -0.90890     0.10664     0.00000     0.00000     0.00000    -0.27439    -4.46712
     0.04000     0.39555    -0.89581     0.09199     0.00000     0.00000     0.00000    -0.27176    -4.04961
     0.04500     0.39403    -0.88294     0.07776     0.00000     0.00000     0.00000    -0.26916    -3.69781
     0.05000     0.39249    -0.87027     0.06393     0.00000     0.00000     0.00000    -0.26661    -3.39743
     0.05500     0.39094    -0.85781     0.05050     0.00000     0.00000     0.00000    -0.26409    -3.13806
     0.06000     0.38938    -0.84554     0.03745     0.00000     0.00000     0.00000    -0.26160    -2.91189
     0.06500     0.38782    -0.83348     0.02478     0.00000     0.00000     0.00000    -0.25915    -2.71300
     0.07000     0.38624    -0.82161     0.01248     0.00000     0.00000     0.00000    -0.25673    -2.53678
     0.07500     0.38466    -0.80993     0.00054     0.00000     0.00000     0.00000    -0.25435    -2.37962
     0.08000     0.38307    -0.79844    -0.01106     0.00000     0.00000     0.00000    -0.25200    -2.23862
     0.08500     0.38147    -0.78713    -0.02231     0.00000     0.00000     0.00000    -0.24968    -2.11144
     0.09000     0.37987    -0.77600    -0.03323     0.00000     0.00000     0.00000    -0.24740    -1.99618
     0.09500     0.37826    -0.76505    -0.04382     0.00000     0.00000     0.00000    -0.24514    -1.89128
     0.10000     0.37664    -0.75428    -0.05410     0.00000     0.00000     0.00000    -0.24292    -1.79541
     0.10500     0.37502    -0.74368    -0.06406     0.00000     0.00000     0.00000    -0.24073    -1.70748
     0.11000     0.37339    -0.73325    -0.07373     0.00000     0.00000     0.00000    -0.23856    -1.62657
     0.11500     0.37176    -0.72298    -0.08310     0.00000     0.00000     0.00000    -0.23643    -1.55188
     0.12000     0.37013    -0.71288    -0.09219     0.00000     0.00000     0.00000    -0.23432    -1.48275
     0.12500     0.36848    -0.70294    -0.10099     0.00000     0.00000     0.00000    -0.23224    -1.41858
     0.13000     0.36684    -0.69315    -0.10952     0.00000     0.00000     0.00000    -0.23019    -1.35889
     0.13500     0.36519    -0.68352    -0.11779     0.00000     0.00000     0.00000    -0.22817    -1.30322
     0.14000     0.36354    -0.67404    -0.12579     0.00000     0.00000     0.00000    -0.22617    -1.25121
     0.14500     0.36188    -0.66471    -0.13355     0.00000     0.00000     0.00000    -0.22420    -1.20250
     0.15000     0.36022    -0.65553    -0.14105     0.00000     0.00000     0.00000    -0.22226    -1.15680
     0.15500     0.35856    -0.64650    -0.14832     0.00000     0.00000     0.00000    -0.22034    -1.11386
     0.16000     0.35690    -0.63760    -0.15535     0.00000     0.00000     0.00000    -0.21844    -1.07344
     0.16500     0.35523    -0.62884    -0.16215     0.00000     0.00000     0.00000    -0.21657    -1.03534
     0.17000     0.35356    -0.62022    -0.16873     0.00000     0.00000     0.00000    -0.21472    -0.99936
     0.17500     0.35189    -0.61174    -0.17508     0.00000     0.00000     0.00000    -0.21290    -0.96534
     0.18000     0.35022    -0.60338    -0.18123     0.00000     0.00000     0.00000    -0.21110    -0.93313
     0.18500     0.34855    -0.59516    -0.18717     0.00000     0.00000     0.00000    -0.20932    -0.90260
     0.19000     0.34688    -0.58706    -0.19291     0.00000     0.00000     0.00000    -0.20757    -0.87362
     0.19500     0.34520    -0.57909    -0.19845     0.00000     0.00000     0.00000    -0.20583    -0.84609
     0.20000     0.34353    -0.57125    -0.20380     0.00000     0.00000     0.00000    -0.20412    -0.81990
     0.20500     0.34185    -0.56352    -0.20897     0.00000     0.00000     0.00000    -0.20243    -0.79497
     0.21000     0.34018    -0.55591    -0.21395     0.00000     0.00000     0.00000    -0.20076    -0.77120
     0.21500     0.33850    -0.54842    -0.21875     0.00000     0.00000     0.00000    -0.19911    -0.74852
     0.22000     0.33683    -0.54104    -0.22338     0.00000     0.00000     0.00000    -0.19748    -0.72687
     0.22500     0.33516    -0.53378    -0.22784     0.00000     0.00000     0.00000    -0.19587    -0.70618
     0.23000     0.33348    -0.52663    -0.23213     0.00000     0.00000     0.00000    -0.19429    -0.68639
     0.23500     0.33181    -0.51959    -0.23627     0.00000     0.00000     0.00000    -0.19272    -0.66744
     0.24000     0.33014    -0.51265    -0.24025     0.00000     0.00000     0.00000    -0.19116    -0.64929
     0.24500     0.32847    -0.50582    -0.24407     0.00000     0.00000     0.00000    -0.18963    -0.63189
     0.25000     0.32680    -0.49909    -0.24775     0.00000     0.00000     0.00000    -0.18812    -0.61519
     0.25500     0.32513    -0.49246    -0.25128     0.00000     0.00000     0.00000    -0.18662    -0.59917
     0.26000     0.32346    -0.48594    -0.25467     0.00000     0.00000     0.00000    -0.18514    -0.58377
     0.26500     0.32180    -0.47951    -0.25793     0.00000     0.00000     0.00000    -0.18368    -0.56897
     0.27000     0.32014    -0.47318    -0.26105     0.00000     0.00000     0.00000    -0.18224    -0.55473
     0.27500     0.31848    -0.46694    -0.26404     0.00000     0.00000     0.00000    -0.18081    -0.54103
     0.28000     0.31682    -0.46080    -0.26690     0.00000     0.00000     0.00000    -0.17940    -0.52784
     0.28500     0.31516    -0.45475    -0.26963     0.00000     0.00000     0.00000    -0.17801    -0.51513
     0.29000     0.31351    -0.44879    -0.27225     0.00000     0.00000     0.00000    -0.17663    -0.50287
     0.29500     0.31186    -0.44291    -0.27475     0.00000     0.00000     0.00000    -0.17527    -0.49105
     0.30000     0.31021    -0.43713    -0.27713     0.00000     0.00000     0.00000    -0.17393    -0.47964
     0.30500     0.30857    -0.43143    -0.27940     0.00000     0.00000     0.00000    -0.17260    -0.46863
     0.31000     0.30692    -0.42581    -0.28157     0.00000     0.00000     0.00000    -0.17128    -0.45799
     0.31500     0.30529    -0.42028    -0.28363     0.00000     0.00000     0.00000    -0.16998    -0.44771
     0.32000     0.30365    -0.41483    -0.28558     0.00000     0.00000     0.00000    -0.16869    -0.43778
     0.32500     0.30202    -0.40945    -0.28743     0.00000     0.00000     0.00000    -0.16742    -0.42816
     0.33000     0.30039    -0.40416    -0.28919     0.00000     0.00000     0.00000    -0.16617    -0.41886
     0.33500     0.29876    -0.39894    -0.29085     0.00000     0.00000     0.00000    -0.16493    -0.40986
     0.34000     0.29714    -0.39381    -0.29241     0.00000     0.00000     0.00000    -0.16370    -0.40114
     0.34500     0.29552    -0.38874    -0.29389     0.00000     0.00000     0.00000    -0.16248    -0.39270
     0.35000     0.29391    -0.38375    -0.29528     0.00000     0.00000     0.00000    -0.16128    -0.38451
     0.35500     0.29230    -0.37883    -0.29658     0.00000     0.00000     0.00000    -0.16009    -0.37658
     0.36000     0.29069    -0.37398    -0.29780     0.00000     0.00000     0.00000    -0.15892    -0.36888
     0.36500     0.28909    -0.36921    -0.29894     0.00000     0.00000     0.00000    -0.15776    -0.36142
     0.37000     0.28749    -0.36450    -0.29999     0.00000     0.00000     0.00000    -0.15661    -0.35417
     0.37500     0.28590    -0.35986    -0.30097     0.00000     0.00000     0.00000    -0.15547    -0.34714
     0.38000     0.28431    -0.35528    -0.30188     0.00000     0.00000     0.00000    -0.15434    -0.34031
     0.38500     0.28273    -0.35077    -0.30271     0.00000     0.00000     0.00000    -0.15323    -0.33368
     0.39000     0.28115    -0.34633    -0.30348     0.00000     0.00000     0.00000    -0.15213    -0.32723
     0.39500     0.27957    -0.34195    -0.30417     0.00000     0.00000     0.00000    -0.15104    -0.32097
     0.40000     0.27800    -0.33763    -0.30479     0.00000     0.00000     0.00000    -0.14997    -0.31488
     0.40500     0.27643    -0.33337    -0.30536     0.00000     0.00000     0.00000    -0.14890    -0.30895
     0.41000     0.27487    -0.32917    -0.30585     0.00000     0.00000     0.00000    -0.14785    -0.30319
     0.41500     0.27331    -0.32504    -0.30629     0.00000     0.00000     0.00000    -0.14680    -0.29758
     0.42000     0.27176    -0.32096    -0.30666     0.00000     0.00000     0.00000    -0.14577    -0.29213
     0.42500     0.27022    -0.31694    -0.30698     0.00000     0.00000     0.00000    -0.14475    -0.28681
     0.43000     0.26867    -0.31297    -0.30724     0.00000     0.00000     0.00000    -0.14374    -0.28164
     0.43500     0.26714    -0.30906    -0.30744     0.00000     0.00000     0.00000    -0.14274    -0.27660
     0.44000     0.26560    -0.30521    -0.30759     0.00000     0.00000     0.00000    -0.14175    -0.27169
     0.44500     0.26408    -0.30141    -0.30769     0.00000     0.00000     0.00000    -0.14077    -0.26691
     0.45000     0.26256    -0.29766    -0.30773     0.00000     0.00000     0.00000    -0.13980    -0.26224
     0.45500     0.26104    -0.29396    -0.30773     0.00000     0.00000     0.00000    -0.13884    -0.25770
     0.46000     0.25953    -0.29032    -0.30768     0.00000     0.00000     0.00000    -0.13789    -0.25326
     0.46500     0.25802    -0.28673    -0.30759     0.00000     0.00000     0.00000    -0.13695    -0.24894
     0.47000     0.25652    -0.28318    -0.30744     0.00000     0.00000     0.00000    -0.13602    -0.24472
     0.47500     0.25503    -0.27969    -0.30726     0.00000     0.00000     0.00000    -0.13510    -0.24061
     0.48000     0.25354    -0.27624    -0.30703     0.00000     0.00000     0.00000    -0.13419    -0.23659
     0.48500     0.25206    -0.27284    -0.30676     0.00000     0.00000     0.00000    -0.13329    -0.23267
     0.49000     0.25058    -0.26949    -0.30645     0.00000     0.00000     0.00000    -0.13240    -0.22884
     0.49500     0.24911    -0.26619    -0.30610     0.00000     0.00000     0.00000    -0.13151    -0.22510
     0.50000     0.24764    -0.26293    -0.30571     0.00000     0.00000     0.00000    -0.13064    -0.22145
     0.50500     0.24618    -0.25971    -0.30529     0.00000     0.00000     0.00000    -0.12977    -0.21788
     0.51000     0.24473    -0.25654    -0.30483     0.00000     0.00000     0.00000    -0.12891    -0.21439
     0.51500     0.24328    -0.25341    -0.30433     0.00000     0.00000     0.00000    -0.12806    -0.21099
     0.52000     0.24183    -0.25032    -0.30380     0.00000     0.00000     0.00000    -0.12722    -0.20766
     0.52500     0.24039    -0.24728    -0.30324     0.00000     0.00000     0.00000    -0.12639    -0.20440
     0.53000     0.23896    -0.24427    -0.30265     0.00000     0.00000     0.00000    -0.12556    -0.20122
     0.53500     0.23754    -0.24131    -0.30203     0.00000     0.00000     0.00000    -0.12475    -0.19810
     0.54000     0.23612    -0.23839    -0.30137     0.00000     0.00000     0.00000    -0.12394    -0.19506
     0.54500     0.23470    -0.23551    -0.30069     0.00000     0.00000     0.00000    -0.12314    -0.19208
     0.55000     0.23329    -0.23266    -0.29999     0.00000     0.00000     0.00000    -0.12235    -0.18917
     0.55500     0.23189    -0.22985    -0.29925     0.00000     0.00000     0.00000    -0.12156    -0.18632
     0.56000     0.23049    -0.22709    -0.29849     0.00000     0.00000     0.00000    -0.12078    -0.18352
     0.56500     0.22910    -0.22435    -0.29770     0.00000     0.00000     0.00000    -0.12001    -0.18079
     0.57000     0.22772    -0.22166    -0.29689     0.00000     0.00000     0.00000    -0.11925    -0.17812
     0.57500     0.22634    -0.21900    -0.29606     0.00000     0.00000     0.00000    -0.11849    -0.17550
     0.58000     0.22497    -0.21638    -0.29520     0.00000     0.00000     0.00000    -0.11774    -0.17293
     0.58500     0.22360    -0.21379    -0.29432     0.00000     0.00000     0.00000    -0.11700    -0.17042
     0.59000     0.22224    -0.21123    -0.29342     0.00000     0.00000     0.00000    -0.11627    -0.16796
     0.59500     0.22088    -0.20871    -0.29250     0.00000     0.00000     0.00000    -0.11554    -0.16555
     0.60000     0.21954    -0.20622    -0.29156     0.00000     0.00000     0.00000    -0.11482    -0.16319
     0.60500     0.21819    -0.20377    -0.29060     0.00000     0.00000     0.00000    -0.11410    -0.16088
     0.61000     0.21686    -0.20135    -0.28962     0.00000     0.00000     0.00000    -0.11340    -0.15861
     0.61500     0.21553    -0.19896    -0.28862     0.00000     0.00000     0.00000    -0.11270    -0.15638
     0.62000     0.21420    -0.19660    -0.28761     0.00000     0.00000     0.00000    -0.11200    -0.15420
     0.62500     0.21288    -0.19427    -0.28658     0.00000     0.00000     0.00000    -0.11131    -0.15207
     0.63000     0.21157    -0.19197    -0.28553     0.00000     0.00000     0.00000    -0.11063    -0.14997
     0.63500     0.21027    -0.18970    -0.28447     0.00000     0.00000     0.00000    -0.10995    -0.14792
     0.64000     0.20897    -0.18747    -0.28340     0.00000     0.00000     0.00000    -0.10929    -0.14590
     0.64500     0.20767    -0.18526    -0.28231     0.00000     0.00000     0.00000    -0.10862    -0.14392
     0.65000     0.20639    -0.18308    -0.28120     0.00000     0.00000     0.00000    -0.10796    -0.14198
     0.65500     0.20510    -0.18092    -0.28009     0.00000     0.00000     0.00000    -0.10731    -0.14008
     0.66000     0.20383    -0.17880    -0.27896     0.00000     0.00000     0.00000    -0.10667    -0.13821
     0.66500     0.20256    -0.17670    -0.27782     0.00000     0.00000     0.00000    -0.10603    -0.13638
     0.67000     0.20130    -0.17463    -0.27667     0.00000     0.00000     0.00000    -0.10539    -0.13458
     0.67500     0.20004    -0.17259    -0.27550     0.00000     0.00000     0.00000    -0.10477    -0.13281
     0.68000     0.19879    -0.17058    -0.27433     0.00000     0.00000     0.00000    -0.10414    -0.13108
     0.68500     0.19755    -0.16858    -0.27315     0.00000     0.00000     0.00000    -0.10353    -0.12938
     0.69000     0.19631    -0.16662    -0.27195     0.00000     0.00000     0.00000    -0.10291    -0.12771
     0.69500     0.19507    -0.16468    -0.27075     0.00000     0.00000     0.00000    -0.10231    -0.12606
     0.70000     0.19385    -0.16276    -0.26954     0.00000     0.00000     0.00000    -0.10171    -0.12445
     0.70500     0.19263    -0.16087    -0.26832     0.00000     0.00000     0.00000    -0.10111    -0.12287
     0.71000     0.19141    -0.15901    -0.26709     0.00000     0.00000     0.00000    -0.10052    -0.12131
     0.71500     0.19021    -0.15717    -0.26586     0.00000     0.00000     0.00000    -0.09994    -0.11979
     0.72000     0.18901    -0.15535    -0.26462     0.00000     0.00000     0.00000    -0.09936    -0.11828
     0.72500     0.18781    -0.15355    -0.26337     0.00000     0.00000     0.00000    -0.09878    -0.11681
     0.73000     0.18662    -0.15178    -0.26211     0.00000     0.00000     0.00000    -0.09821    -0.11536
     0.73500     0.18544    -0.15003    -0.26085     0.00000     0.00000     0.00000    -0.09765    -0.11394
     0.74000     0.18426    -0.14830    -0.25959     0.00000     0.00000     0.00000    -0.09708    -0.11254
     0.74500     0.18309    -0.14659    -0.25832     0.00000     0.00000     0.00000    -0.09653    -0.11116
     0.75000     0.18192    -0.14490    -0.25704     0.00000     0.00000     0.00000    -0.09598    -0.10981
     0.75500     0.18076    -0.14324    -0.25576     0.00000     0.00000     0.00000    -0.09543    -0.10848
     0.76000     0.17961    -0.14160    -0.25447     0.00000     0.00000     0.00000    -0.09489    -0.10717
     0.76500     0.17846    -0.13997    -0.25318     0.00000     0.00000     0.00000    -0.09435    -0.10588
     0.77000     0.17732    -0.13837    -0.25189     0.00000     0.00000     0.00000    -0.09382    -0.10462
     0.77500     0.17619    -0.13679    -0.25060     0.00000     0.00000     0.00000    -0.09329    -0.10337
     0.78000     0.17506    -0.13523    -0.24930     0.00000     0.00000     0.00000    -0.09277    -0.10215
     0.78500     0.17393    -0.13368    -0.24799     0.00000     0.00000     0.00000    -0.09225    -0.10095
     0.79000     0.17282    -0.13216    -0.24669     0.00000     0.00000     0.00000    -0.09174    -0.09976
     0.79500     0.17171    -0.13065    -0.24538     0.00000     0.00000     0.00000    -0.09123    -0.09860
     0.80000     0.17060    -0.12917    -0.24407     0.00000     0.00000     0.00000    -0.09072    -0.09745
     0.80500     0.16950    -0.12770    -0.24276     0.00000     0.00000     0.00000    -0.09022    -0.09633
     0.81000     0.16841    -0.12625    -0.24145     0.00000     0.00000     0.00000    -0.08972    -0.09522
     0.81500     0.16732    -0.12482    -0.24014     0.00000     0.00000     0.00000    -0.08923    -0.09413
     0.82000     0.16624    -0.12340    -0.23882     0.00000     0.00000     0.00000    -0.08874    -0.09305
     0.82500     0.16516    -0.12201    -0.23751     0.00000     0.00000     0.00000    -0.08825    -0.09200
     0.83000     0.16409    -0.12063    -0.23619     0.00000     0.00000     0.00000    -0.08777    -0.09095
     0.83500     0.16303    -0.11927    -0.23488     0.00000     0.00000     0.00000    -0.08729    -0.08993
     0.84000     0.16197    -0.11792    -0.23356     0.00000     0.00000     0.00000    -0.08682    -0.08892
     0.84500     0.16092    -0.11659    -0.23224     0.00000     0.00000     0.00000    -0.08635    -0.08793
     0.85000     0.15987    -0.11528    -0.23093     0.00000     0.00000     0.00000    -0.08588    -0.08695
     0.85500     0.15883    -0.11398    -0.22961     0.00000     0.00000     0.00000    -0.08542    -0.08599
     0.86000     0.15780    -0.11270    -0.22830     0.00000     0.00000     0.00000    -0.08496    -0.08504
     0.86500     0.15677    -0.11143    -0.22698     0.00000     0.00000     0.00000    -0.08451    -0.08411
     0.87000     0.15574    -0.11018    -0.22567     0.00000     0.00000     0.00000    -0.08406    -0.08319
     0.87500     0.15473    -0.10895    -0.22436     0.00000     0.00000     0.00000    -0.08361    -0.08228
     0.88000     0.15371    -0.10773    -0.22305     0.00000     0.00000     0.00000    -0.08316    -0.08139
     0.88500     0.15271    -0.10652    -0.22174     0.00000     0.00000     0.00000    -0.08272    -0.08051
     0.89000     0.15171    -0.10533    -0.22043     0.00000     0.00000     0.00000    -0.08229    -0.07964
     0.89500     0.15071    -0.10416    -0.21913     0.00000     0.00000     0.00000    -0.08185    -0.07879
     0.90000     0.14972    -0.10300    -0.21782     0.00000     0.00000     0.00000    -0.08142    -0.07795
     0.90500     0.14874    -0.10185    -0.21652     0.00000     0.00000     0.00000    -0.08100    -0.07712
     0.91000     0.14776    -0.10072    -0.21522     0.00000     0.00000     0.00000    -0.08057    -0.07630
     0.91500     0.14679    -0.09960    -0.21392     0.00000     0.00000     0.00000    -0.08015    -0.07550
     0.92000     0.14582    -0.09849    -0.21263     0.00000     0.00000     0.00000    -0.07973    -0.07471
     0.92500     0.14486    -0.09739    -0.21134     0.00000     0.00000     0.00000    -0.07932    -0.07393
     0.93000     0.14390    -0.09631    -0.21005     0.00000     0.00000     0.00000    -0.07891    -0.07316
     0.93500     0.14295    -0.09525    -0.20876     0.00000     0.00000     0.00000    -0.07850    -0.07240
     0.94000     0.14200    -0.09419    -0.20748     0.00000     0.00000     0.00000    -0.07810    -0.07165
     0.94500     0.14106    -0.09315    -0.20620     0.00000     0.00000     0.00000    -0.07770    -0.07091
     0.95000     0.14013    -0.09212    -0.20492     0.00000     0.00000     0.00000    -0.07730    -0.07018
     0.95500     0.13920    -0.09110    -0.20364     0.00000     0.00000     0.00000    -0.07691    -0.06947
     0.96000     0.13828    -0.09010    -0.20237     0.00000     0.00000     0.00000    -0.07651    -0.06876
     0.96500     0.13736    -0.08911    -0.20111     0.00000     0.00000     0.00000    -0.07612    -0.06806
     0.97000     0.13645    -0.08812    -0.19984     0.00000     0.00000     0.00000    -0.07574    -0.06738
     0.97500     0.13554    -0.08715    -0.19858     0.00000     0.00000     0.00000    -0.07536    -0.06670
     0.98000     0.13464    -0.08620    -0.19733     0.00000     0.00000     0.00000    -0.07498    -0.06603
     0.98500     0.13374    -0.08525    -0.19607     0.00000     0.00000     0.00000    -0.07460    -0.06537
     0.99000     0.13285    -0.08431    -0.19482     0.00000     0.00000     0.00000    -0.07422    -0.06472
     0.99500     0.13196    -0.08339    -0.19358     0.00000     0.00000     0.00000    -0.07385    -0.06408
     1.00000     0.13108    -0.08247    -0.19234     0.00000     0.00000     0.00000    -0.07348    -0.06345
     1.00500     0.13021    -0.08157    -0.19110     0.00000     0.00000     0.00000    -0.07312    -0.06282
     1.01000     0.12933    -0.08068    -0.18987     0.00000     0.00000     0.00000    -0.07275    -0.06221
     1.01500     0.12847    -0.07980    -0.18864     0.00000     0.00000     0.00000    -0.07239    -0.06160
     1.02000     0.12761    -0.07893    -0.18742     0.00000     0.00000     0.00000    -0.07204    -0.06100
     1.02500     0.12675    -0.07806    -0.18620     0.00000     0.00000     0.00000    -0.07168    -0.06041
     1.03000     0.12590    -0.07721    -0.18499     0.00000     0.00000     0.00000    -0.07133    -0.05982
     1.03500     0.12506    -0.07637    -0.18378     0.00000     0.00000     0.00000    -0.07098    -0.05925
     1.04000     0.12422    -0.07554    -0.18257     0.00000     0.00000     0.00000    -0.07063    -0.05868
     1.04500     0.12338    -0.07472    -0.18137     0.00000     0.00000     0.00000    -0.07029    -0.05812
     1.05000     0.12255    -0.07391    -0.18018     0.00000     0.00000     0.00000    -0.06994    -0.05756
     1.05500     0.12173    -0.07310    -0.17899     0.00000     0.00000     0.00000    -0.06960    -0.05702
     1.06000     0.12091    -0.07231    -0.17780     0.00000     0.00000     0.00000    -0.06927    -0.05648
     1.06500     0.12009    -0.07153    -0.17662     0.00000     0.00000     0.00000    -0.06893    -0.05595
     1.07000     0.11928    -0.07075    -0.17544     0.00000     0.00000     0.00000    -0.06860    -0.05542
     1.07500     0.11848    -0.06999    -0.17427     0.00000     0.00000     0.00000    -0.06827    -0.05490
     1.08000     0.11768    -0.06923    -0.17310     0.00000     0.00000     0.00000    -0.06794    -0.05439
     1.08500     0.11688    -0.06848    -0.17194     0.00000     0.00000     0.00000    -0.06761    -0.05388
     1.09000     0.11609    -0.06774    -0.17079     0.00000     0.00000     0.00000    -0.06729    -0.05338
     1.09500     0.11531    -0.06701    -0.16963     0.00000     0.00000     0.00000    -0.06697    -0.05289
     1.10000     0.11452    -0.06629    -0.16849     0.00000     0.00000     0.00000    -0.06665    -0.05240
     1.10500     0.11375    -0.06557    -0.16735     0.00000     0.00000     0.00000    -0.06634    -0.05192
     1.11000     0.11298    -0.06487    -0.16621     0.00000     0.00000     0.00000    -0.06602    -0.05145
     1.11500     0.11221    -0.06417    -0.16508     0.00000     0.00000     0.00000    -0.06571    -0.05098
     1.12000     0.11145    -0.06348    -0.16396     0.00000     0.00000     0.00000    -0.06540    -0.05052
     1.12500     0.11069    -0.06280    -0.16284     0.00000     0.00000     0.00000    -0.06509    -0.05006
     1.13000     0.10994    -0.06212    -0.16172     0.00000     0.00000     0.00000    -0.06479    -0.04961
     1.13500     0.10919    -0.06146    -0.16061     0.00000     0.00000     0.00000    -0.06448    -0.04916
     1.14000     0.10845    -0.06080    -0.15951     0.00000     0.00000     0.00000    -0.06418    -0.04872
     1.14500     0.10771    -0.06015    -0.15841     0.00000     0.00000     0.00000    -0.06388    -0.04829
     1.15000     0.10697    -0.05950    -0.15732     0.00000     0.00000     0.00000    -0.06359    -0.04786
     1.15500     0.10624    -0.05887    -0.15623     0.00000     0.00000     0.00000    -0.06329    -0.04743
     1.16000     0.10552    -0.05824    -0.15515     0.00000     0.00000     0.00000    -0.06300    -0.04701
     1.16500     0.10480    -0.05761    -0.15407     0.00000     0.00000     0.00000    -0.06271    -0.04660
     1.17000     0.10408    -0.05700    -0.15300     0.00000     0.00000     0.00000    -0.06242    -0.04619
     1.17500     0.10337    -0.05639    -0.15194     0.00000     0.00000     0.00000    -0.06213    -0.04578
     1.18000     0.10266    -0.05579    -0.15088     0.00000     0.00000     0.00000    -0.06185    -0.04538
     1.18500     0.10196    -0.05519    -0.14982     0.00000     0.00000     0.00000    -0.06157    -0.04499
     1.19000     0.10126    -0.05461    -0.14877     0.00000     0.00000     0.00000    -0.06129    -0.04460
     1.19500     0.10057    -0.05403    -0.14773     0.00000     0.00000     0.00000    -0.06101    -0.04421
     1.20000     0.09988    -0.05345    -0.14669     0.00000     0.00000     0.00000    -0.06073    -0.04383
     1.20500     0.09919    -0.05288    -0.14566     0.00000     0.00000     0.00000    -0.06046    -0.04346
     1.21000     0.09851    -0.05232    -0.14463     0.00000     0.00000     0.00000    -0.06018    -0.04308
     1.21500     0.09784    -0.05177    -0.14361     0.00000     0.00000     0.00000    -0.05991    -0.04271
     1.22000     0.09716    -0.05122    -0.14260     0.00000     0.00000     0.00000    -0.05964    -0.04235
     1.22500     0.09649    -0.05068    -0.14159     0.00000     0.00000     0.00000    -0.05937    -0.04199
     1.23000     0.09583    -0.05014    -0.14058     0.00000     0.00000     0.00000    -0.05911    -0.04164
     1.23500     0.09517    -0.04961    -0.13958     0.00000     0.00000     0.00000    -0.05884    -0.04128
     1.24000     0.09452    -0.04908    -0.13859     0.00000     0.00000     0.00000    -0.05858    -0.04094
     1.24500     0.09386    -0.04857    -0.13760     0.00000     0.00000     0.00000    -0.05832    -0.04059
     1.25000     0.09322    -0.04805    -0.13662     0.00000     0.00000     0.00000    -0.05806    -0.04025
     1.25500     0.09257    -0.04755    -0.13564     0.00000     0.00000     0.00000    -0.05780    -0.03992
     1.26000     0.09193    -0.04704    -0.13467     0.00000     0.00000     0.00000    -0.05755    -0.03959
     1.26500     0.09130    -0.04655    -0.13371     0.00000     0.00000     0.00000    -0.05729    -0.03926
     1.27000     0.09067    -0.04606    -0.13275     0.00000     0.00000     0.00000    -0.05704    -0.03893
     1.27500     0.09004    -0.04557    -0.13179     0.00000     0.00000     0.00000    -0.05679    -0.03861
     1.28000     0.08942    -0.04509    -0.13084     0.00000     0.00000     0.00000    -0.05654    -0.03830
     1.28500     0.08880    -0.04462    -0.12990     0.00000     0.00000     0.00000    -0.05630    -0.03798
     1.29000     0.08819    -0.04415    -0.12896     0.00000     0.00000     0.00000    -0.05605    -0.03767
     1.29500     0.08757    -0.04369    -0.12803     0.00000     0.00000     0.00000    -0.05581    -0.03737
     1.30000     0.08697    -0.04323    -0.12710     0.00000     0.00000     0.00000    -0.05556    -0.03706
     1.30500     0.08636    -0.04277    -0.12618     0.00000     0.00000     0.00000    -0.05532    -0.03676
     1.31000     0.08576    -0.04233    -0.12526     0.00000     0.00000     0.00000    -0.05508    -0.03647
     1.31500     0.08517    -0.04188    -0.12435     0.00000     0.00000     0.00000    -0.05485    -0.03617
     1.32000     0.08458    -0.04144    -0.12345     0.00000     0.00000     0.00000    -0.05461    -0.03588
     1.32500     0.08399    -0.04101    -0.12255     0.00000     0.00000     0.00000    -0.05438    -0.03560
     1.33000     0.08341    -0.04058    -0.12166     0.00000     0.00000     0.00000    -0.05414    -0.03531
     1.33500     0.08283    -0.04016    -0.12077     0.00000     0.00000     0.00000    -0.05391    -0.03503
     1.34000     0.08225    -0.03974    -0.11988     0.00000     0.00000     0.00000    -0.05368    -0.03475
     1.34500     0.08168    -0.03932    -0.11901     0.00000     0.00000     0.00000    -0.05345    -0.03448
     1.35000     0.08111    -0.03891    -0.11813     0.00000     0.00000     0.00000    -0.05322    -0.03421
     1.35500     0.08054    -0.03851    -0.11727     0.00000     0.00000     0.00000    -0.05300    -0.03394
     1.36000     0.07998    -0.03811    -0.11641     0.00000     0.00000     0.00000    -0.05277    -0.03367
     1.36500     0.07942    -0.03771    -0.11555     0.00000     0.00000     0.00000    -0.05255    -0.03341
     1.37000     0.07887    -0.03732    -0.11470     0.00000     0.00000     0.00000    -0.05233    -0.03315
     1.37500     0.07832    -0.03693    -0.11385     0.00000     0.00000     0.00000    -0.05211    -0.03289
     1.38000     0.07777    -0.03654    -0.11301     0.00000     0.00000     0.00000    -0.05189    -0.03263
     1.38500     0.07723    -0.03617    -0.11218     0.00000     0.00000     0.00000    -0.05167    -0.03238
     1.39000     0.07669    -0.03579    -0.11135     0.00000     0.00000     0.00000    -0.05146    -0.03213
     1.39500     0.07615    -0.03542    -0.11052     0.00000     0.00000     0.00000    -0.05124    -0.03188
     1.40000     0.07562    -0.03505    -0.10971     0.00000     0.00000     0.00000    -0.05103    -0.03164
     1.40500     0.07509    -0.03469    -0.10889     0.00000     0.00000     0.00000    -0.05082    -0.03140
     1.41000     0.07456    -0.03433    -0.10808     0.00000     0.00000     0.00000    -0.05061    -0.03116
     1.41500     0.07404    -0.03397    -0.10728     0.00000     0.00000     0.00000    -0.05040    -0.03092
     1.42000     0.07352    -0.03362    -0.10648     0.00000     0.00000     0.00000    -0.05019    -0.03069
     1.42500     0.07301    -0.03327    -0.10569     0.00000     0.00000     0.00000    -0.04998    -0.03045
     1.43000     0.07249    -0.03293    -0.10490     0.00000     0.00000     0.00000    -0.04978    -0.03022
     1.43500     0.07198    -0.03259    -0.10412     0.00000     0.00000     0.00000    -0.04957    -0.03000
     1.44000     0.07148    -0.03225    -0.10334     0.00000     0.00000     0.00000    -0.04937    -0.02977
     1.44500     0.07098    -0.03192    -0.10257     0.00000     0.00000     0.00000    -0.04917    -0.02955
     1.45000     0.07048    -0.03159    -0.10180     0.00000     0.00000     0.00000    -0.04897    -0.02933
     1.45500     0.06998    -0.03126    -0.10104     0.00000     0.00000     0.00000    -0.04877    -0.02911
     1.46000     0.06949    -0.03094    -0.10028     0.00000     0.00000     0.00000    -0.04857    -0.02889
     1.46500     0.06900    -0.03062    -0.09953     0.00000     0.00000     0.00000    -0.04837    -0.02868
     1.47000     0.06852    -0.03031    -0.09878     0.00000     0.00000     0.00000    -0.04818    -0.02847
     1.47500     0.06803    -0.03000    -0.09804     0.00000     0.00000     0.00000    -0.04798    -0.02826
     1.48000     0.06755    -0.02969    -0.09730     0.00000     0.00000     0.00000    -0.04779    -0.02805
     1.48500     0.06708    -0.02938    -0.09657     0.00000     0.00000     0.00000    -0.04760    -0.02784
     1.49000     0.06661    -0.02908    -0.09584     0.00000     0.00000     0.00000    -0.04741    -0.02764
     1.49500     0.06614    -0.02878    -0.09512     0.00000     0.00000     0.00000    -0.04722    -0.02744
     1.50000     0.06567    -0.02849    -0.09440     0.00000     0.00000     0.00000    -0.04703    -0.02724
     1.50500     0.06520    -0.02819    -0.09368     0.00000     0.00000     0.00000    -0.04684    -0.02704
     1.51000     0.06474    -0.02791    -0.09298     0.00000     0.00000     0.00000    -0.04666    -0.02685
     1.51500     0.06429    -0.02762    -0.09227     0.00000     0.00000     0.00000    -0.04647    -0.02665
     1.52000     0.06383    -0.02734    -0.09157     0.00000     0.00000     0.00000    -0.04629    -0.02646
     1.52500     0.06338    -0.02706    -0.09088     0.00000     0.00000     0.00000    -0.04610    -0.02627
     1.53000     0.06293    -0.02678    -0.09019     0.00000     0.00000     0.00000    -0.04592    -0.02608
     1.53500     0.06249    -0.02651    -0.08951     0.00000     0.00000     0.00000    -0.04574    -0.02590
     1.54000     0.06205    -0.02623    -0.08883     0.00000     0.00000     0.00000    -0.04556    -0.02571
     1.54500     0.06161    -0.02597    -0.08815     0.00000     0.00000     0.00000    -0.04538    -0.02553
     1.55000     0.06117    -0.02570    -0.08748     0.00000     0.00000     0.00000    -0.04520    -0.02535
     1.55500     0.06074    -0.02544    -0.08681     0.00000     0.00000     0.00000    -0.04503    -0.02517
     1.56000     0.06031    -0.02518    -0.08615     0.00000     0.00000     0.00000    -0.04485    -0.02499
     1.56500     0.05988    -0.02492    -0.08549     0.00000     0.00000     0.00000    -0.04468    -0.02481
     1.57000     0.05945    -0.02467    -0.08484     0.00000     0.00000     0.00000    -0.04450    -0.02464
     1.57500     0.05903    -0.02442    -0.08419     0.00000     0.00000     0.00000    -0.04433    -0.02447
     1.58000     0.05861    -0.02417    -0.08355     0.00000     0.00000     0.00000    -0.04416    -0.02430
     1.58500     0.05820    -0.02392    -0.08291     0.00000     0.00000     0.00000    -0.04399    -0.02413
     1.59000     0.05778    -0.02368    -0.08228     0.00000     0.00000     0.00000    -0.04382    -0.02396
     1.59500     0.05737    -0.02344    -0.08165     0.00000     0.00000     0.00000    -0.04365    -0.02379
     1.60000     0.05696    -0.02320    -0.08102     0.00000     0.00000     0.00000    -0.04348    -0.02363
     1.60500     0.05656    -0.02296    -0.08040     0.00000     0.00000     0.00000    -0.04331    -0.02347
     1.61000     0.05616    -0.02273    -0.07978     0.00000     0.00000     0.00000    -0.04315    -0.02330
     1.61500     0.05576    -0.02250    -0.07917     0.00000     0.00000     0.00000    -0.04298    -0.02314
     1.62000     0.05536    -0.02227    -0.07856     0.00000     0.00000     0.00000    -0.04282    -0.02299
     1.62500     0.05497    -0.02205    -0.07796     0.00000     0.00000     0.00000    -0.04266    -0.02283
     1.63000     0.05457    -0.02182    -0.07736     0.00000     0.00000     0.00000    -0.04250    -0.02267
     1.63500     0.05419    -0.02160    -0.07676     0.00000     0.00000     0.00000    -0.04233    -0.02252
     1.64000     0.05380    -0.02138    -0.07617     0.00000     0.00000     0.00000    -0.04217    -0.02237
     1.64500     0.05342    -0.02117    -0.07558     0.00000     0.00000     0.00000    -0.04201    -0.02221
     1.65000     0.05303    -0.02095    -0.07500     0.00000     0.00000     0.00000    -0.04186    -0.02206
     1.65500     0.05266    -0.02074    -0.07442     0.00000     0.00000     0.00000    -0.04170    -0.02192
     1.66000     0.05228    -0.02053    -0.07385     0.00000     0.00000     0.00000    -0.04154    -0.02177
     1.66500     0.05191    -0.02032    -0.07328     0.00000     0.00000     0.00000    -0.04139    -0.02162
     1.67000     0.05154    -0.02012    -0.07271     0.00000     0.00000     0.00000    -0.04123    -0.02148
     1.67500     0.05117    -0.01991    -0.07215     0.00000     0.00000     0.00000    -0.04108    -0.02133
     1.68000     0.05080    -0.01971    -0.07159     0.00000     0.00000     0.00000    -0.04092    -0.02119
     1.68500     0.05044    -0.01951    -0.07103     0.00000     0.00000     0.00000    -0.04077    -0.02105
     1.69000     0.05008    -0.01932    -0.07048     0.00000     0.00000     0.00000    -0.04062    -0.02091
     1.69500     0.04972    -0.01912    -0.06994     0.00000     0.00000     0.00000    -0.04047    -0.02077
     1.70000     0.04936    -0.01893    -0.06939     0.00000     0.00000     0.00000    -0.04032    -0.02064
     1.70500     0.04901    -0.01874    -0.06886     0.00000     0.00000     0.00000    -0.04017    -0.02050
     1.71000     0.04866    -0.01855    -0.06832     0.00000     0.00000     0.00000    -0.04002    -0.02037
     1.71500     0.04831    -0.01836    -0.06779     0.00000     0.00000     0.00000    -0.03988    -0.02023
     1.72000     0.04797    -0.01818    -0.06726     0.00000     0.00000     0.00000    -0.03973    -0.02010
     1.72500     0.04762    -0.01800    -0.06674     0.00000     0.00000     0.00000    -0.03958    -0.01997
     1.73000     0.04728    -0.01782    -0.06622     0.00000     0.00000     0.00000    -0.03944    -0.01984
     1.73500     0.04694    -0.01764    -0.06571     0.00000     0.00000     0.00000    -0.03929    -0.01971
     1.74000     0.04660    -0.01746    -0.06519     0.00000     0.00000     0.00000    -0.03915    -0.01958
     1.74500     0.04627    -0.01728    -0.06468     0.00000     0.00000     0.00000    -0.03901    -0.01946
     1.75000     0.04594    -0.01711    -0.06418     0.00000     0.00000     0.00000    -0.03887    -0.01933
     1.75500     0.04561    -0.01694    -0.06368     0.00000     0.00000     0.00000    -0.03873    -0.01921
     1.76000     0.04528    -0.01677    -0.06318     0.00000     0.00000     0.00000    -0.03859    -0.01908
     1.76500     0.04495    -0.01660    -0.06269     0.00000     0.00000     0.00000    -0.03845    -0.01896
     1.77000     0.04463    -0.01643    -0.06220     0.00000     0.00000     0.00000    -0.03831    -0.01884
     1.77500     0.04431    -0.01627    -0.06171     0.00000     0.00000     0.00000    -0.03817    -0.01872
     1.78000     0.04399    -0.01611    -0.06123     0.00000     0.00000     0.00000    -0.03803    -0.01860
     1.78500     0.04368    -0.01595    -0.06075     0.00000     0.00000     0.00000    -0.03790    -0.01848
     1.79000     0.04336    -0.01579    -0.06028     0.00000     0.00000     0.00000    -0.03776    -0.01837
     1.79500     0.04305    -0.01563    -0.05980     0.00000     0.00000     0.00000    -0.03763    -0.01825
     1.80000     0.04274    -0.01547    -0.05933     0.00000     0.00000     0.00000    -0.03749    -0.01813
     1.80500     0.04243    -0.01532    -0.05887     0.00000     0.00000     0.00000    -0.03736    -0.01802
     1.81000     0.04213    -0.01516    -0.05841     0.00000     0.00000     0.00000    -0.03723    -0.01791
     1.81500     0.04182    -0.01501    -0.05795     0.00000     0.00000     0.00000    -0.03709    -0.01779
     1.82000     0.04152    -0.01486    -0.05749     0.00000     0.00000     0.00000    -0.03696    -0.01768
     1.82500     0.04122    -0.01471    -0.05704     0.00000     0.00000     0.00000    -0.03683    -0.01757
     1.83000     0.04092    -0.01457    -0.05659     0.00000     0.00000     0.00000    -0.03670    -0.01746
     1.83500     0.04063    -0.01442    -0.05615     0.00000     0.00000     0.00000    -0.03657    -0.01736
     1.84000     0.04034    -0.01428    -0.05571     0.00000     0.00000     0.00000    -0.03644    -0.01725
     1.84500     0.04004    -0.01414    -0.05527     0.00000     0.00000     0.00000    -0.03631    -0.01714
     1.85000     0.03976    -0.01400    -0.05483     0.00000     0.00000     0.00000    -0.03619    -0.01704
     1.85500     0.03947    -0.01386    -0.05440     0.00000     0.00000     0.00000    -0.03606    -0.01693
     1.86000     0.03918    -0.01372    -0.05397     0.00000     0.00000     0.00000    -0.03594    -0.01683
     1.86500     0.03890    -0.01358    -0.05355     0.00000     0.00000     0.00000    -0.03581    -0.01672
     1.87000     0.03862    -0.01345    -0.05313     0.00000     0.00000     0.00000    -0.03569    -0.01662
     1.87500     0.03834    -0.01331    -0.05271     0.00000     0.00000     0.00000    -0.03556    -0.01652
     1.88000     0.03806    -0.01318    -0.05229     0.00000     0.00000     0.00000    -0.03544    -0.01642
     1.88500     0.03779    -0.01305    -0.05188     0.00000     0.00000     0.00000    -0.03531    -0.01632
     1.89000     0.03751    -0.01292    -0.05147     0.00000     0.00000     0.00000    -0.03519    -0.01622
     1.89500     0.03724    -0.01279    -0.05106     0.00000     0.00000     0.00000    -0.03507    -0.01612
     1.90000     0.03697    -0.01266    -0.05066     0.00000     0.00000     0.00000    -0.03495    -0.01602
     1.90500     0.03671    -0.01254    -0.05026     0.00000     0.00000     0.00000    -0.03483    -0.01593
     1.91000     0.03644    -0.01241    -0.04986     0.00000     0.00000     0.00000    -0.03471    -0.01583
     1.91500     0.03618    -0.01229    -0.04947     0.00000     0.00000     0.00000    -0.03459    -0.01574
     1.92000     0.03591    -0.01217    -0.04908     0.00000     0.00000     0.00000    -0.03447    -0.01564
     1.92500     0.03565    -0.01205    -0.04869     0.00000     0.00000     0.00000    -0.03436    -0.01555
     1.93000     0.03539    -0.01193    -0.04830     0.00000     0.00000     0.00000    -0.03424    -0.01546
     1.93500     0.03514    -0.01181    -0.04792     0.00000     0.00000     0.00000    -0.03412    -0.01536
     1.94000     0.03488    -0.01169    -0.04754     0.00000     0.00000     0.00000    -0.03401    -0.01527
     1.94500     0.03463    -0.01158    -0.04716     0.00000     0.00000     0.00000    -0.03389    -0.01518
     1.95000     0.03438    -0.01146    -0.04679     0.00000     0.00000     0.00000    -0.03378    -0.01509
     1.95500     0.03413    -0.01135    -0.04642     0.00000     0.00000     0.00000    -0.03366    -0.01500
     1.96000     0.03388    -0.01124    -0.04605     0.00000     0.00000     0.00000    -0.03355    -0.01491
     1.96500     0.03364    -0.01113    -0.04568     0.00000     0.00000     0.00000    -0.03343    -0.01483
     1.97000     0.03339    -0.01102    -0.04532     0.00000     0.00000     0.00000    -0.03332    -0.01474
     1.97500     0.03315    -0.01091    -0.04496     0.00000     0.00000     0.00000    -0.03321    -0.01465
     1.98000     0.03291    -0.01080    -0.04460     0.00000     0.00000     0.00000    -0.03310    -0.01457
     1.98500     0.03267    -0.01069    -0.04425     0.00000     0.00000     0.00000    -0.03299    -0.01448
     1.99000     0.03243    -0.01059    -0.04390     0.00000     0.00000     0.00000    -0.03288    -0.01440
     1.99500     0.03220    -0.01048    -0.04355     0.00000     0.00000     0.00000    -0.03277    -0.01432
     2.00000     0.03196    -0.01038    -0.04320     0.00000     0.00000     0.00000    -0.03266    -0.01423
     2.00500     0.03173    -0.01028    -0.04286     0.00000     0.00000     0.00000    -0.03255    -0.01415
     2.01000     0.03150    -0.01018    -0.04251     0.00000     0.00000     0.00000    -0.03244    -0.01407
     2.01500     0.03127    -0.01008    -0.04218     0.00000     0.00000     0.00000    -0.03234    -0.01399
     2.02000     0.03104    -0.00998    -0.04184     0.00000     0.00000     0.00000    -0.03223    -0.01391
     2.02500     0.03081    -0.00988    -0.04151     0.00000     0.00000     0.00000    -0.03212    -0.01383
     2.03000     0.03059    -0.00978    -0.04118     0.00000     0.00000     0.00000    -0.03202    -0.01375
     2.03500     0.03037    -0.00969    -0.04085     0.00000     0.00000     0.00000    -0.03191    -0.01367
     2.04000     0.03015    -0.00959    -0.04052     0.00000     0.00000     0.00000    -0.03181    -0.01359
     2.04500     0.02993    -0.00950    -0.04020     0.00000     0.00000     0.00000    -0.03170    -0.01351
     2.05000     0.02971    -0.00940    -0.03988     0.00000     0.00000     0.00000    -0.03160    -0.01344
     2.05500     0.02949    -0.00931    -0.03956     0.00000     0.00000     0.00000    -0.03149    -0.01336
     2.06000     0.02928    -0.00922    -0.03924     0.00000     0.00000     0.00000    -0.03139    -0.01328
     2.06500     0.02906    -0.00913    -0.03893     0.00000     0.00000     0.00000    -0.03129    -0.01321
     2.07000     0.02885    -0.00904    -0.03862     0.00000     0.00000     0.00000    -0.03119    -0.01314
     2.07500     0.02864    -0.00895    -0.03831     0.00000     0.00000     0.00000    -0.03109    -0.01306
     2.08000     0.02843    -0.00886    -0.03800     0.00000     0.00000     0.00000    -0.03098    -0.01299
     2.08500     0.02822    -0.00878    -0.03770     0.00000     0.00000     0.00000    -0.03088    -0.01291
     2.09000     0.02802    -0.00869    -0.03740     0.00000     0.00000     0.00000    -0.03078    -0.01284
     2.09500     0.02781    -0.00860    -0.03710     0.00000     0.00000     0.00000    -0.03069    -0.01277
     2.10000     0.02761    -0.00852    -0.03680     0.00000     0.00000     0.00000    -0.03059    -0.01270
     2.10500     0.02741    -0.00844    -0.03651     0.00000     0.00000     0.00000    -0.03049    -0.01263
     2.11000     0.02721    -0.00835    -0.03621     0.00000     0.00000     0.00000    -0.03039    -0.01256
     2.11500     0.02701    -0.00827    -0.03592     0.00000     0.00000     0.00000    -0.03029    -0.01249
     2.12000     0.02681    -0.00819    -0.03564     0.00000     0.00000     0.00000    -0.03020    -0.01242
     2.12500     0.02662    -0.00811    -0.03535     0.00000     0.00000     0.00000    -0.03010    -0.01235
     2.13000     0.02642    -0.00803    -0.03507     0.00000     0.00000     0.00000    -0.03000    -0.01228
     2.13500     0.02623    -0.00795    -0.03478     0.00000     0.00000     0.00000    -0.02991    -0.01222
     2.14000     0.02604    -0.00788    -0.03451     0.00000     0.00000     0.00000    -0.02981    -0.01215
     2.14500     0.02584    -0.00780    -0.03423     0.00000     0.00000     0.00000    -0.02972    -0.01208
     2.15000     0.02566    -0.00772    -0.03395     0.00000     0.00000     0.00000    -0.02962    -0.01202
     2.15500     0.02547    -0.00765    -0.03368     0.00000     0.00000     0.00000    -0.02953    -0.01195
     2.16000     0.02528    -0.00757    -0.03341     0.00000     0.00000     0.00000    -0.02944    -0.01189
     2.16500     0.02510    -0.00750    -0.03314     0.00000     0.00000     0.00000    -0.02934    -0.01182
     2.17000     0.02491    -0.00743    -0.03288     0.00000     0.00000     0.00000    -0.02925    -0.01176
     2.17500     0.02473    -0.00735    -0.03261     0.00000     0.00000     0.00000    -0.02916    -0.01169
     2.18000     0.02455    -0.00728    -0.03235     0.00000     0.00000     0.00000    -0.02907    -0.01163
     2.18500     0.02437    -0.00721    -0.03209     0.00000     0.00000     0.00000    -0.02898    -0.01157
     2.19000     0.02419    -0.00714    -0.03183     0.00000     0.00000     0.00000    -0.02888    -0.01150
     2.19500     0.02401    -0.00707    -0.03158     0.00000     0.00000     0.00000    -0.02879    -0.01144
     2.20000     0.02384    -0.00700    -0.03132     0.00000     0.00000     0.00000    -0.02870    -0.01138
     2.20500     0.02366    -0.00693    -0.03107     0.00000     0.00000     0.00000    -0.02862    -0.01132
     2.21000     0.02349    -0.00687    -0.03082     0.00000     0.00000     0.00000    -0.02853    -0.01126
     2.21500     0.02332    -0.00680    -0.03057     0.00000     0.00000     0.00000    -0.02844    -0.01120
     2.22000     0.02314    -0.00673    -0.03033     0.00000     0.00000     0.00000    -0.02835    -0.01114
     2.22500     0.02297    -0.00667    -0.03008     0.00000     0.00000     0.00000    -0.02826    -0.01108
     2.23000     0.02281    -0.00660    -0.02984     0.00000     0.00000     0.00000    -0.02817    -0.01102
     2.23500     0.02264    -0.00654    -0.02960     0.00000     0.00000     0.00000    -0.02809    -0.01096
     2.24000     0.02247    -0.00647    -0.02936     0.00000     0.00000     0.00000    -0.02800    -0.01091
     2.24500     0.02231    -0.00641    -0.02912     0.00000     0.00000     0.00000    -0.02791    -0.01085
     2.25000     0.02214    -0.00635    -0.02889     0.00000     0.00000     0.00000    -0.02783    -0.01079
     2.25500     0.02198    -0.00629    -0.02866     0.00000     0.00000     0.00000    -0.02774    -0.01073
     2.26000     0.02182    -0.00623    -0.02842     0.00000     0.00000     0.00000    -0.02766    -0.01068
     2.26500     0.02166    -0.00617    -0.02819     0.00000     0.00000     0.00000    -0.02757    -0.01062
     2.27000     0.02150    -0.00611    -0.02797     0.00000     0.00000     0.00000    -0.02749    -0.01057
     2.27500     0.02134    -0.00605    -0.02774     0.00000     0.00000     0.00000    -0.02740    -0.01051
     2.28000     0.02118    -0.00599    -0.02752     0.00000     0.00000     0.00000    -0.02732    -0.01046
     2.28500     0.02103    -0.00593    -0.02730     0.00000     0.00000     0.00000    -0.02724    -0.01040
     2.29000     0.02087    -0.00587    -0.02707     0.00000     0.00000     0.00000    -0.02716    -0.01035
     2.29500     0.02072    -0.00581    -0.02686     0.00000     0.00000     0.00000    -0.02707    -0.01029
     2.30000     0.02057    -0.00576    -0.02664     0.00000     0.00000     0.00000    -0.02699    -0.01024
     2.30500     0.02041    -0.00570    -0.02642     0.00000     0.00000     0.00000    -0.02691    -0.01019
     2.31000     0.02026    -0.00565    -0.02621     0.00000     0.00000     0.00000    -0.02683    -0.01013
     2.31500     0.02012    -0.00559    -0.02600     0.00000     0.00000     0.00000    -0.02675    -0.01008
     2.32000     0.01997    -0.00554    -0.02579     0.00000     0.00000     0.00000    -0.02667    -0.01003
     2.32500     0.01982    -0.00548    -0.02558     0.00000     0.00000     0.00000    -0.02659    -0.00998
     2.33000     0.01967    -0.00543    -0.02537     0.00000     0.00000     0.00000    -0.02651    -0.00993
     2.33500     0.01953    -0.00538    -0.02517     0.00000     0.00000     0.00000    -0.02643    -0.00988
     2.34000     0.01938    -0.00533    -0.02496     0.00000     0.00000     0.00000    -0.02635    -0.00983
     2.34500     0.01924    -0.00528    -0.02476     0.00000     0.00000     0.00000    -0.02627    -0.00978
     2.35000     0.01910    -0.00522    -0.02456     0.00000     0.00000     0.00000    -0.02619    -0.00973
     2.35500     0.01896    -0.00517    -0.02436     0.00000     0.00000     0.00000    -0.02611    -0.00968
     2.36000     0.01882    -0.00512    -0.02416     0.00000     0.00000     0.00000    -0.02604    -0.00963
     2.36500     0.01868    -0.00507    -0.02397     0.00000     0.00000     0.00000    -0.02596    -0.00958
     2.37000     0.01854    -0.00503    -0.02378     0.00000     0.00000     0.00000    -0.02588    -0.00953
     2.37500     0.01841    -0.00498    -0.02358     0.00000     0.00000     0.00000    -0.02580    -0.00948
     2.38000     0.01827    -0.00493    -0.02339     0.00000     0.00000     0.00000    -0.02573    -0.00944
     2.38500     0.01813    -0.00488    -0.02320     0.00000     0.00000     0.00000    -0.02565    -0.00939
     2.39000     0.01800    -0.00483    -0.02301     0.00000     0.00000     0.00000    -0.02558    -0.00934
     2.39500     0.01787    -0.00479    -0.02283     0.00000     0.00000     0.00000    -0.02550    -0.00929
     2.40000     0.01774    -0.00474    -0.02264     0.00000     0.00000     0.00000    -0.02543    -0.00925
     2.40500     0.01760    -0.00470    -0.02246     0.00000     0.00000     0.00000    -0.02535    -0.00920
     2.41000     0.01747    -0.00465    -0.02228     0.00000     0.00000     0.00000    -0.02528    -0.00916
     2.41500     0.01735    -0.00461    -0.02210     0.00000     0.00000     0.00000    -0.02520    -0.00911
     2.42000     0.01722    -0.00456    -0.02192     0.00000     0.00000     0.00000    -0.02513    -0.00907
     2.42500     0.01709    -0.00452    -0.02174     0.00000     0.00000     0.00000    -0.02506    -0.00902
     2.43000     0.01696    -0.00447    -0.02156     0.00000     0.00000     0.00000    -0.02498    -0.00898
     2.43500     0.01684    -0.00443    -0.02139     0.00000     0.00000     0.00000    -0.02491    -0.00893
     2.44000     0.01671    -0.00439    -0.02121     0.00000     0.00000     0.00000    -0.02484    -0.00889
     2.44500     0.01659    -0.00435    -0.02104     0.00000     0.00000     0.00000    -0.02477    -0.00884
     2.45000     0.01647    -0.00430    -0.02087     0.00000     0.00000     0.00000    -0.02470    -0.00880
     2.45500     0.01635    -0.00426    -0.02070     0.00000     0.00000     0.00000    -0.02462    -0.00876
     2.46000     0.01622    -0.00422    -0.02053     0.00000     0.00000     0.00000    -0.02455    -0.00871
     2.46500     0.01610    -0.00418    -0.02037     0.00000     0.00000     0.00000    -0.02448    -0.00867
     2.47000     0.01598    -0.00414    -0.02020     0.00000     0.00000     0.00000    -0.02441    -0.00863
     2.47500     0.01587    -0.00410    -0.02004     0.00000     0.00000     0.00000    -0.02434    -0.00859
     2.48000     0.01575    -0.00406    -0.01987     0.00000     0.00000     0.00000    -0.02427    -0.00855
     2.48500     0.01563    -0.00402    -0.01971     0.00000     0.00000     0.00000    -0.02420    -0.00850
     2.49000     0.01552    -0.00398    -0.01955     0.00000     0.00000     0.00000    -0.02413    -0.00846
     2.49500     0.01540    -0.00394    -0.01939     0.00000     0.00000     0.00000    -0.02406    -0.00842
     2.50000     0.01529    -0.00391    -0.01923     0.00000     0.00000     0.00000    -0.02399    -0.00838
     2.50500     0.01517    -0.00387    -0.01908     0.00000     0.00000     0.00000    -0.02393    -0.00834
     2.51000     0.01506    -0.00383    -0.01892     0.00000     0.00000     0.00000    -0.02386    -0.00830
     2.51500     0.01495    -0.00380    -0.01877     0.00000     0.00000     0.00000    -0.02379    -0.00826
     2.52000     0.01484    -0.00376    -0.01862     0.00000     0.00000     0.00000    -0.02372    -0.00822
     2.52500     0.01473    -0.00372    -0.01846     0.00000     0.00000     0.00000    -0.02366    -0.00818
     2.53000     0.01462    -0.00369    -0.01831     0.00000     0.00000     0.00000    -0.02359    -0.00814
     2.53500     0.01451    -0.00365    -0.01816     0.00000     0.00000     0.00000    -0.02352    -0.00810
     2.54000     0.01440    -0.00362    -0.01802     0.00000     0.00000     0.00000    -0.02346    -0.00806
     2.54500     0.01430    -0.00358    -0.01787     0.00000     0.00000     0.00000    -0.02339    -0.00803
     2.55000     0.01419    -0.00355    -0.01772     0.00000     0.00000     0.00000    -0.02332    -0.00799
     2.55500     0.01409    -0.00351    -0.01758     0.00000     0.00000     0.00000    -0.02326    -0.00795
     2.56000     0.01398    -0.00348    -0.01744     0.00000     0.00000     0.00000    -0.02319    -0.00791
     2.56500     0.01388    -0.00345    -0.01729     0.00000     0.00000     0.00000    -0.02313    -0.00787
     2.57000     0.01377    -0.00341    -0.01715     0.00000     0.00000     0.00000    -0.02306    -0.00784
     2.57500     0.01367    -0.00338    -0.01701     0.00000     0.00000     0.00000    -0.02300    -0.00780
     2.58000     0.01357    -0.00335    -0.01688     0.00000     0.00000     0.00000    -0.02293    -0.00776
     2.58500     0.01347    -0.00332    -0.01674     0.00000     0.00000     0.00000    -0.02287    -0.00773
     2.59000     0.01337    -0.00328    -0.01660     0.00000     0.00000     0.00000    -0.02281    -0.00769
     2.59500     0.01327    -0.00325    -0.01647     0.00000     0.00000     0.00000    -0.02274    -0.00765
     2.60000     0.01317    -0.00322    -0.01633     0.00000     0.00000     0.00000    -0.02268    -0.00762
     2.60500     0.01307    -0.00319    -0.01620     0.00000     0.00000     0.00000    -0.02262    -0.00758
     2.61000     0.01298    -0.00316    -0.01607     0.00000     0.00000     0.00000    -0.02255    -0.00755
     2.61500     0.01288    -0.00313    -0.01594     0.00000     0.00000     0.00000    -0.02249    -0.00751
     2.62000     0.01278    -0.00310    -0.01581     0.00000     0.00000     0.00000    -0.02243    -0.00748
     2.62500     0.01269    -0.00307    -0.01568     0.00000     0.00000     0.00000    -0.02237    -0.00744
     2.63000     0.01259    -0.00304    -0.01555     0.00000     0.00000     0.00000    -0.02231    -0.00741
     2.63500     0.01250    -0.00301    -0.01542     0.00000     0.00000     0.00000    -0.02225    -0.00737
     2.64000     0.01241    -0.00298    -0.01530     0.00000     0.00000     0.00000    -0.02218    -0.00734
     2.64500     0.01232    -0.00295    -0.01517     0.00000     0.00000     0.00000    -0.02212    -0.00731
     2.65000     0.01222    -0.00293    -0.01505     0.00000     0.00000     0.00000    -0.02206    -0.00727
     2.65500     0.01213    -0.00290    -0.01492     0.00000     0.00000     0.00000    -0.02200    -0.00724
     2.66000     0.01204    -0.00287    -0.01480     0.00000     0.00000     0.00000    -0.02194    -0.00721
     2.66500     0.01195    -0.00284    -0.01468     0.00000     0.00000     0.00000    -0.02188    -0.00717
     2.67000     0.01186    -0.00282    -0.01456     0.00000     0.00000     0.00000    -0.02182    -0.00714
     2.67500     0.01178    -0.00279    -0.01444     0.00000     0.00000     0.00000    -0.02176    -0.00711
     2.68000     0.01169    -0.00276    -0.01432     0.00000     0.00000     0.00000    -0.02170    -0.00708
     2.68500     0.01160    -0.00274    -0.01421     0.00000     0.00000     0.00000    -0.02165    -0.00704
     2.69000     0.01151    -0.00271    -0.01409     0.00000     0.00000     0.00000    -0.02159    -0.00701
     2.69500     0.01143    -0.00268    -0.01398     0.00000     0.00000     0.00000    -0.02153    -0.00698
     2.70000     0.01134    -0.00266    -0.01386     0.00000     0.00000     0.00000    -0.02147    -0.00695
     2.70500     0.01126    -0.00263    -0.01375     0.00000     0.00000     0.00000    -0.02141    -0.00692
     2.71000     0.01117    -0.00261    -0.01364     0.00000     0.00000     0.00000    -0.02136    -0.00688
     2.71500     0.01109    -0.00258    -0.01352     0.00000     0.00000     0.00000    -0.02130    -0.00685
     2.72000     0.01101    -0.00256    -0.01341     0.00000     0.00000     0.00000    -0.02124    -0.00682
     2.72500     0.01093    -0.00253    -0.01330     0.00000     0.00000     0.00000    -0.02118    -0.00679
     2.73000     0.01085    -0.00251    -0.01320     0.00000     0.00000     0.00000    -0.02113    -0.00676
     2.73500     0.01076    -0.00249    -0.01309     0.00000     0.00000     0.00000    -0.02107    -0.00673
     2.74000     0.01068    -0.00246    -0.01298     0.00000     0.00000     0.00000    -0.02101    -0.00670
     2.74500     0.01060    -0.00244    -0.01287     0.00000     0.00000     0.00000    -0.02096    -0.00667
     2.75000     0.01053    -0.00242    -0.01277     0.00000     0.00000     0.00000    -0.02090    -0.00664
     2.75500     0.01045    -0.00239    -0.01266     0.00000     0.00000     0.00000    -0.02085    -0.00661
     2.76000     0.01037    -0.00237    -0.01256     0.00000     0.00000     0.00000    -0.02079    -0.00658
     2.76500     0.01029    -0.00235    -0.01246     0.00000     0.00000     0.00000    -0.02074    -0.00655
     2.77000     0.01021    -0.00233    -0.01236     0.00000     0.00000     0.00000    -0.02068    -0.00652
     2.77500     0.01014    -0.00230    -0.01225     0.00000     0.00000     0.00000    -0.02063    -0.00650
     2.78000     0.01006    -0.00228    -0.01215     0.00000     0.00000     0.00000    -0.02057    -0.00647
     2.78500     0.00999    -0.00226    -0.01205     0.00000     0.00000     0.00000    -0.02052    -0.00644
     2.79000     0.00991    -0.00224    -0.01196     0.00000     0.00000     0.00000    -0.02046    -0.00641
     2.79500     0.00984    -0.00222    -0.01186     0.00000     0.00000     0.00000    -0.02041    -0.00638
     2.80000     0.00977    -0.00220    -0.01176     0.00000     0.00000     0.00000    -0.02036    -0.00635
     2.80500     0.00969    -0.00217    -0.01166     0.00000     0.00000     0.00000    -0.02030    -0.00633
     2.81000     0.00962    -0.00215    -0.01157     0.00000     0.00000     0.00000    -0.02025    -0.00630
     2.81500     0.00955    -0.00213    -0.01147     0.00000     0.00000     0.00000    -0.02020    -0.00627
     2.82000     0.00948    -0.00211    -0.01138     0.00000     0.00000     0.00000    -0.02014    -0.00624
     2.82500     0.00941    -0.00209    -0.01129     0.00000     0.00000     0.00000    -0.02009    -0.00622
     2.83000     0.00934    -0.00207    -0.01119     0.00000     0.00000     0.00000    -0.02004    -0.00619
     2.83500     0.00927    -0.00205    -0.01110     0.00000     0.00000     0.00000    -0.01999    -0.00616
     2.84000     0.00920    -0.00203    -0.01101     0.00000     0.00000     0.00000    -0.01993    -0.00613
     2.84500     0.00913    -0.00201    -0.01092     0.00000     0.00000     0.00000    -0.01988    -0.00611
     2.85000     0.00906    -0.00200    -0.01083     0.00000     0.00000     0.00000    -0.01983    -0.00608
     2.85500     0.00899    -0.00198    -0.01074     0.00000     0.00000     0.00000    -0.01978    -0.00605
     2.86000     0.00892    -0.00196    -0.01065     0.00000     0.00000     0.00000    -0.01973    -0.00603
     2.86500     0.00886    -0.00194    -0.01057     0.00000     0.00000     0.00000    -0.01968    -0.00600
     2.87000     0.00879    -0.00192    -0.01048     0.00000     0.00000     0.00000    -0.01963    -0.00598
     2.87500     0.00873    -0.00190    -0.01040     0.00000     0.00000     0.00000    -0.01958    -0.00595
     2.88000     0.00866    -0.00188    -0.01031     0.00000     0.00000     0.00000    -0.01952    -0.00593
     2.88500     0.00860    -0.00187    -0.01023     0.00000     0.00000     0.00000    -0.01947    -0.00590
     2.89000     0.00853    -0.00185    -0.01014     0.00000     0.00000     0.00000    -0.01942    -0.00587
     2.89500     0.00847    -0.00183    -0.01006     0.00000     0.00000     0.00000    -0.01937    -0.00585
     2.90000     0.00840    -0.00181    -0.00998     0.00000     0.00000     0.00000    -0.01933    -0.00582
     2.90500     0.00834    -0.00180    -0.00989     0.00000     0.00000     0.00000    -0.01928    -0.00580
     2.91000     0.00828    -0.00178    -0.00981     0.00000     0.00000     0.00000    -0.01923    -0.00578
     2.91500     0.00822    -0.00176    -0.00973     0.00000     0.00000     0.00000    -0.01918    -0.00575
     2.92000     0.00815    -0.00175    -0.00965     0.00000     0.00000     0.00000    -0.01913    -0.00573
     2.92500     0.00809    -0.00173    -0.00957     0.00000     0.00000     0.00000    -0.01908    -0.00570
     2.93000     0.00803    -0.00171    -0.00949     0.00000     0.00000     0.00000    -0.01903    -0.00568
     2.93500     0.00797    -0.00170    -0.00942     0.00000     0.00000     0.00000    -0.01898    -0.00565
     2.94000     0.00791    -0.00168    -0.00934     0.00000     0.00000     0.00000    -0.01893    -0.00563
     2.94500     0.00785    -0.00167    -0.00926     0.00000     0.00000     0.00000    -0.01889    -0.00561
     2.95000     0.00779    -0.00165    -0.00919     0.00000     0.00000     0.00000    -0.01884    -0.00558
     2.95500     0.00774    -0.00163    -0.00911     0.00000     0.00000     0.00000    -0.01879    -0.00556
     2.96000     0.00768    -0.00162    -0.00904     0.00000     0.00000     0.00000    -0.01874    -0.00554
     2.96500     0.00762    -0.00160    -0.00896     0.00000     0.00000     0.00000    -0.01870    -0.00551
     2.97000     0.00756    -0.00159    -0.00889     0.00000     0.00000     0.00000    -0.01865    -0.00549
     2.97500     0.00751    -0.00157    -0.00882     0.00000     0.00000     0.00000    -0.01860    -0.00547
     2.98000     0.00745    -0.00156    -0.00874     0.00000     0.00000     0.00000    -0.01856    -0.00544
     2.98500     0.00739    -0.00154    -0.00867     0.00000     0.00000     0.00000    -0.01851    -0.00542
     2.99000     0.00734    -0.00153    -0.00860     0.00000     0.00000     0.00000    -0.01846    -0.00540
     2.99500     0.00728    -0.00151    -0.00853     0.00000     0.00000     0.00000    -0.01842    -0.00538
     3.00000     0.00723    -0.00150    -0.00846     0.00000     0.00000     0.00000    -0.01837    -0.00535
     3.00500     0.00718    -0.00149    -0.00839     0.00000     0.00000     0.00000    -0.01833    -0.00533
     3.01000     0.00712    -0.00147    -0.00832     0.00000     0.00000     0.00000    -0.01828    -0.00531
     3.01500     0.00707    -0.00146    -0.00825     0.00000     0.00000     0.00000    -0.01823    -0.00529
     3.02000     0.00701    -0.00144    -0.00818     0.00000     0.00000     0.00000    -0.01819    -0.00527
     3.02500     0.00696    -0.00143    -0.00812     0.00000     0.00000     0.00000    -0.01814    -0.00524
     3.03000     0.00691    -0.00142    -0.00805     0.00000     0.00000     0.00000    -0.01810    -0.00522
     3.03500     0.00686    -0.00140    -0.00798     0.00000     0.00000     0.00000    -0.01805    -0.00520
     3.04000     0.00681    -0.00139    -0.00792     0.00000     0.00000     0.00000    -0.01801    -0.00518
     3.04500     0.00676    -0.00138    -0.00785     0.00000     0.00000     0.00000    -0.01796    -0.00516
     3.05000     0.00670    -0.00136    -0.00779     0.00000     0.00000     0.00000    -0.01792    -0.00514
     3.05500     0.00665    -0.00135    -0.00773     0.00000     0.00000     0.00000    -0.01788    -0.00512
     3.06000     0.00660    -0.00134    -0.00766     0.00000     0.00000     0.00000    -0.01783    -0.00510
     3.06500     0.00655    -0.00133    -0.00760     0.00000     0.00000     0.00000    -0.01779    -0.00507
     3.07000     0.00651    -0.00131    -0.00754     0.00000     0.00000     0.00000    -0.01774    -0.00505
     3.07500     0.00646    -0.00130    -0.00747     0.00000     0.00000     0.00000    -0.01770    -0.00503
     3.08000     0.00641    -0.00129    -0.00741     0.00000     0.00000     0.00000    -0.01766    -0.00501
     3.08500     0.00636    -0.00128    -0.00735     0.00000     0.00000     0.00000    -0.01761    -0.00499
     3.09000     0.00631    -0.00126    -0.00729     0.00000     0.00000     0.00000    -0.01757    -0.00497
     3.09500     0.00626    -0.00125    -0.00723     0.00000     0.00000     0.00000    -0.01753    -0.00495
     3.10000     0.00622    -0.00124    -0.00717     0.00000     0.00000     0.00000    -0.01749    -0.00493
     3.10500     0.00617    -0.00123    -0.00711     0.00000     0.00000     0.00000    -0.01744    -0.00491
     3.11000     0.00612    -0.00122    -0.00705     0.00000     0.00000     0.00000    -0.01740    -0.00489
     3.11500     0.00608    -0.00121    -0.00700     0.00000     0.00000     0.00000    -0.01736    -0.00487
     3.12000     0.00603    -0.00119    -0.00694     0.00000     0.00000     0.00000    -0.01732    -0.00485
     3.12500     0.00599    -0.00118    -0.00688     0.00000     0.00000     0.00000    -0.01727    -0.00483
     3.13000     0.00594    -0.00117    -0.00682     0.00000     0.00000     0.00000    -0.01723    -0.00481
     3.13500     0.00590    -0.00116    -0.00677     0.00000     0.00000     0.00000    -0.01719    -0.00480
     3.14000     0.00585    -0.00115    -0.00671     0.00000     0.00000     0.00000    -0.01715    -0.00478
     3.14500     0.00581    -0.00114    -0.00666     0.00000     0.00000     0.00000    -0.01711    -0.00476
     3.15000     0.00577    -0.00113    -0.00660     0.00000     0.00000     0.00000    -0.01707    -0.00474
     3.15500     0.00572    -0.00112    -0.00655     0.00000     0.00000     0.00000    -0.01703    -0.00472
     3.16000     0.00568    -0.00111    -0.00649     0.00000     0.00000     0.00000    -0.01698    -0.00470
     3.16500     0.00564    -0.00110    -0.00644     0.00000     0.00000     0.00000    -0.01694    -0.00468
     3.17000     0.00559    -0.00109    -0.00639     0.00000     0.00000     0.00000    -0.01690    -0.00466
     3.17500     0.00555    -0.00108    -0.00634     0.00000     0.00000     0.00000    -0.01686    -0.00465
     3.18000     0.00551    -0.00107    -0.00628     0.00000     0.00000     0.00000    -0.01682    -0.00463
     3.18500     0.00547    -0.00106    -0.00623     0.00000     0.00000     0.00000    -0.01678    -0.00461
     3.19000     0.00543    -0.00105    -0.00618     0.00000     0.00000     0.00000    -0.01674    -0.00459
     3.19500     0.00539    -0.00104    -0.00613     0.00000     0.00000     0.00000    -0.01670    -0.00457
     3.20000     0.00535    -0.00103    -0.00608     0.00000     0.00000     0.00000    -0.01666    -0.00455
     3.20500     0.00531    -0.00102    -0.00603     0.00000     0.00000     0.00000    -0.01662    -0.00454
     3.21000     0.00527    -0.00101    -0.00598     0.00000     0.00000     0.00000    -0.01658    -0.00452
     3.21500     0.00523    -0.00100    -0.00593     0.00000     0.00000     0.00000    -0.01654    -0.00450
     3.22000     0.00519    -0.00099    -0.00588     0.00000     0.00000     0.00000    -0.01651    -0.00448
     3.22500     0.00515    -0.00098    -0.00583     0.00000     0.00000     0.00000    -0.01647    -0.00447
     3.23000     0.00511    -0.00097    -0.00578     0.00000     0.00000     0.00000    -0.01643    -0.00445
     3.23500     0.00507    -0.00096    -0.00574     0.00000     0.00000     0.00000    -0.01639    -0.00443
     3.24000     0.00503    -0.00095    -0.00569     0.00000     0.00000     0.00000    -0.01635    -0.00441
     3.24500     0.00499    -0.00094    -0.00564     0.00000     0.00000     0.00000    -0.01631    -0.00440
     3.25000     0.00496    -0.00093    -0.00560     0.00000     0.00000     0.00000    -0.01627    -0.00438
     3.25500     0.00492    -0.00093    -0.00555     0.00000     0.00000     0.00000    -0.01623    -0.00436
     3.26000     0.00488    -0.00092    -0.00550     0.00000     0.00000     0.00000    -0.01620    -0.00435
     3.26500     0.00484    -0.00091    -0.00546     0.00000     0.00000     0.00000    -0.01616    -0.00433
     3.27000     0.00481    -0.00090    -0.00541     0.00000     0.00000     0.00000    -0.01612    -0.00431
     3.27500     0.00477    -0.00089    -0.00537     0.00000     0.00000     0.00000    -0.01608    -0.00430
     3.28000     0.00474    -0.00088    -0.00533     0.00000     0.00000     0.00000    -0.01605    -0.00428
     3.28500     0.00470    -0.00087    -0.00528     0.00000     0.00000     0.00000    -0.01601    -0.00426
     3.29000     0.00466    -0.00087    -0.00524     0.00000     0.00000     0.00000    -0.01597    -0.00425
     3.29500     0.00463    -0.00086    -0.00520     0.00000     0.00000     0.00000    -0.01593    -0.00423
     3.30000     0.00459    -0.00085    -0.00515     0.00000     0.00000     0.00000    -0.01590    -0.00421
     3.30500     0.00456    -0.00084    -0.00511     0.00000     0.00000     0.00000    -0.01586    -0.00420
     3.31000     0.00453    -0.00083    -0.00507     0.00000     0.00000     0.00000    -0.01582    -0.00418
     3.31500     0.00449    -0.00083    -0.00503     0.00000     0.00000     0.00000    -0.01579    -0.00417
     3.32000     0.00446    -0.00082    -0.00498     0.00000     0.00000     0.00000    -0.01575    -0.00415
     3.32500     0.00442    -0.00081    -0.00494     0.00000     0.00000     0.00000    -0.01571    -0.00413
     3.33000     0.00439    -0.00080    -0.00490     0.00000     0.00000     0.00000    -0.01568    -0.00412
     3.33500     0.00436    -0.00080    -0.00486     0.00000     0.00000     0.00000    -0.01564    -0.00410
     3.34000     0.00432    -0.00079    -0.00482     0.00000     0.00000     0.00000    -0.01561    -0.00409
     3.34500     0.00429    -0.00078    -0.00478     0.00000     0.00000     0.00000    -0.01557    -0.00407
     3.35000     0.00426    -0.00077    -0.00474     0.00000     0.00000     0.00000    -0.01553    -0.00406
     3.35500     0.00423    -0.00077    -0.00470     0.00000     0.00000     0.00000    -0.01550    -0.00404
     3.36000     0.00420    -0.00076    -0.00467     0.00000     0.00000     0.00000    -0.01546    -0.00403
     3.36500     0.00416    -0.00075    -0.00463     0.00000     0.00000     0.00000    -0.01543    -0.00401
     3.37000     0.00413    -0.00075    -0.00459     0.00000     0.00000     0.00000    -0.01539    -0.00400
     3.37500     0.00410    -0.00074    -0.00455     0.00000     0.00000     0.00000    -0.01536    -0.00398
     3.38000     0.00407    -0.00073    -0.00451     0.00000     0.00000     0.00000    -0.01532    -0.00397
     3.38500     0.00404    -0.00072    -0.00448     0.00000     0.00000     0.00000    -0.01529    -0.00395
     3.39000     0.00401    -0.00072    -0.00444     0.00000     0.00000     0.00000    -0.01525    -0.00394
     3.39500     0.00398    -0.00071    -0.00440     0.00000     0.00000     0.00000    -0.01522    -0.00392
     3.40000     0.00395    -0.00070    -0.00437     0.00000     0.00000     0.00000    -0.01518    -0.00391
     3.40500     0.00392    -0.00070    -0.00433     0.00000     0.00000     0.00000    -0.01515    -0.00389
     3.41000     0.00389    -0.00069    -0.00429     0.00000     0.00000     0.00000    -0.01511    -0.00388
     3.41500     0.00386    -0.00068    -0.00426     0.00000     0.00000     0.00000    -0.01508    -0.00386
     3.42000     0.00383    -0.00068    -0.00422     0.00000     0.00000     0.00000    -0.01505    -0.00385
     3.42500     0.00380    -0.00067    -0.00419     0.00000     0.00000     0.00000    -0.01501    -0.00383
     3.43000     0.00377    -0.00067    -0.00415     0.00000     0.00000     0.00000    -0.01498    -0.00382
     3.43500     0.00374    -0.00066    -0.00412     0.00000     0.00000     0.00000    -0.01494    -0.00381
     3.44000     0.00372    -0.00065    -0.00409     0.00000     0.00000     0.00000    -0.01491    -0.00379
     3.44500     0.00369    -0.00065    -0.00405     0.00000     0.00000     0.00000    -0.01488    -0.00378
     3.45000     0.00366    -0.00064    -0.00402     0.00000     0.00000     0.00000    -0.01484    -0.00376
     3.45500     0.00363    -0.00063    -0.00399     0.00000     0.00000     0.00000    -0.01481    -0.00375
     3.46000     0.00360    -0.00063    -0.00395     0.00000     0.00000     0.00000    -0.01478    -0.00374
     3.46500     0.00358    -0.00062    -0.00392     0.00000     0.00000     0.00000    -0.01474    -0.00372
     3.47000     0.00355    -0.00062    -0.00389     0.00000     0.00000     0.00000    -0.01471    -0.00371
     3.47500     0.00352    -0.00061    -0.00386     0.00000     0.00000     0.00000    -0.01468    -0.00370
     3.48000     0.00350    -0.00061    -0.00382     0.00000     0.00000     0.00000    -0.01465    -0.00368
     3.48500     0.00347    -0.00060    -0.00379     0.00000     0.00000     0.00000    -0.01461    -0.00367
     3.49000     0.00344    -0.00059    -0.00376     0.00000     0.00000     0.00000    -0.01458    -0.00366
     3.49500     0.00342    -0.00059    -0.00373     0.00000     0.00000     0.00000    -0.01455    -0.00364
     3.50000     0.00339    -0.00058    -0.00370     0.00000     0.00000     0.00000    -0.01452    -0.00363
     3.50500     0.00337    -0.00058    -0.00367     0.00000     0.00000     0.00000    -0.01448    -0.00362
     3.51000     0.00334    -0.00057    -0.00364     0.00000     0.00000     0.00000    -0.01445    -0.00360
     3.51500     0.00332    -0.00057    -0.00361     0.00000     0.00000     0.00000    -0.01442    -0.00359
     3.52000     0.00329    -0.00056    -0.00358     0.00000     0.00000     0.00000    -0.01439    -0.00358
     3.52500     0.00327    -0.00056    -0.00355     0.00000     0.00000     0.00000    -0.01436    -0.00356
     3.53000     0.00324    -0.00055    -0.00352     0.00000     0.00000     0.00000    -0.01432    -0.00355
     3.53500     0.00322    -0.00055    -0.00349     0.00000     0.00000     0.00000    -0.01429    -0.00354
     3.54000     0.00319    -0.00054    -0.00346     0.00000     0.00000     0.00000    -0.01426    -0.00353
     3.54500     0.00317    -0.00054    -0.00343     0.00000     0.00000     0.00000    -0.01423    -0.00351
     3.55000     0.00314    -0.00053    -0.00341     0.00000     0.00000     0.00000    -0.01420    -0.00350
     3.55500     0.00312    -0.00053    -0.00338     0.00000     0.00000     0.00000    -0.01417    -0.00349
     3.56000     0.00310    -0.00052    -0.00335     0.00000     0.00000     0.00000    -0.01414    -0.00348
     3.56500     0.00307    -0.00052    -0.00332     0.00000     0.00000     0.00000    -0.01410    -0.00346
     3.57000     0.00305    -0.00051    -0.00329     0.00000     0.00000     0.00000    -0.01407    -0.00345
     3.57500     0.00303    -0.00051    -0.00327     0.00000     0.00000     0.00000    -0.01404    -0.00344
     3.58000     0.00300    -0.00050    -0.00324     0.00000     0.00000     0.00000    -0.01401    -0.00343
     3.58500     0.00298    -0.00050    -0.00321     0.00000     0.00000     0.00000    -0.01398    -0.00341
     3.59000     0.00296    -0.00049    -0.00319     0.00000     0.00000     0.00000    -0.01395    -0.00340
     3.59500     0.00294    -0.00049    -0.00316     0.00000     0.00000     0.00000    -0.01392    -0.00339
     3.60000     0.00291    -0.00048    -0.00313     0.00000     0.00000     0.00000    -0.01389    -0.00338
     3.60500     0.00289    -0.00048    -0.00311     0.00000     0.00000     0.00000    -0.01386    -0.00337
     3.61000     0.00287    -0.00047    -0.00308     0.00000     0.00000     0.00000    -0.01383    -0.00335
     3.61500     0.00285    -0.00047    -0.00306     0.00000     0.00000     0.00000    -0.01380    -0.00334
     3.62000     0.00283    -0.00047    -0.00303     0.00000     0.00000     0.00000    -0.01377    -0.00333
     3.62500     0.00280    -0.00046    -0.00301     0.00000     0.00000     0.00000    -0.01374    -0.00332
     3.63000     0.00278    -0.00046    -0.00298     0.00000     0.00000     0.00000    -0.01371    -0.00331
     3.63500     0.00276    -0.00045    -0.00296     0.00000     0.00000     0.00000    -0.01368    -0.00329
     3.64000     0.00274    -0.00045    -0.00293     0.00000     0.00000     0.00000    -0.01365    -0.00328
     3.64500     0.00272    -0.00044    -0.00291     0.00000     0.00000     0.00000    -0.01362    -0.00327
     3.65000     0.00270    -0.00044    -0.00288     0.00000     0.00000     0.00000    -0.01359    -0.00326
     3.65500     0.00268    -0.00044    -0.00286     0.00000     0.00000     0.00000    -0.01356    -0.00325
     3.66000     0.00266    -0.00043    -0.00284     0.00000     0.00000     0.00000    -0.01354    -0.00324
     3.66500     0.00264    -0.00043    -0.00281     0.00000     0.00000     0.00000    -0.01351    -0.00323
     3.67000     0.00262    -0.00042    -0.00279     0.00000     0.00000     0.00000    -0.01348    -0.00321
     3.67500     0.00260    -0.00042    -0.00277     0.00000     0.00000     0.00000    -0.01345    -0.00320
     3.68000     0.00258    -0.00042    -0.00274     0.00000     0.00000     0.00000    -0.01342    -0.00319
     3.68500     0.00256    -0.00041    -0.00272     0.00000     0.00000     0.00000    -0.01339    -0.00318
     3.69000     0.00254    -0.00041    -0.00270     0.00000     0.00000     0.00000    -0.01336    -0.00317
     3.69500     0.00252    -0.00040    -0.00268     0.00000     0.00000     0.00000    -0.01333    -0.00316
     3.70000     0.00250    -0.00040    -0.00266     0.00000     0.00000     0.00000    -0.01331    -0.00315
     3.70500     0.00248    -0.00040    -0.00263     0.00000     0.00000     0.00000    -0.01328    -0.00314
     3.71000     0.00246    -0.00039    -0.00261     0.00000     0.00000     0.00000    -0.01325    -0.00313
     3.71500     0.00245    -0.00039    -0.00259     0.00000     0.00000     0.00000    -0.01322    -0.00312
     3.72000     0.00243    -0.00039    -0.00257     0.00000     0.00000     0.00000    -0.01319    -0.00310
     3.72500     0.00241    -0.00038    -0.00255     0.00000     0.00000     0.00000    -0.01317    -0.00309
     3.73000     0.00239    -0.00038    -0.00253     0.00000     0.00000     0.00000    -0.01314    -0.00308
     3.73500     0.00237    -0.00038    -0.00251     0.00000     0.00000     0.00000    -0.01311    -0.00307
     3.74000     0.00235    -0.00037    -0.00248     0.00000     0.00000     0.00000    -0.01308    -0.00306
     3.74500     0.00234    -0.00037    -0.00246     0.00000     0.00000     0.00000    -0.01306    -0.00305
     3.75000     0.00232    -0.00037    -0.00244     0.00000     0.00000     0.00000    -0.01303    -0.00304
     3.75500     0.00230    -0.00036    -0.00242     0.00000     0.00000     0.00000    -0.01300    -0.00303
     3.76000     0.00228    -0.00036    -0.00240     0.00000     0.00000     0.00000    -0.01297    -0.00302
     3.76500     0.00227    -0.00035    -0.00238     0.00000     0.00000     0.00000    -0.01295    -0.00301
     3.77000     0.00225    -0.00035    -0.00236     0.00000     0.00000     0.00000    -0.01292    -0.00300
     3.77500     0.00223    -0.00035    -0.00234     0.00000     0.00000     0.00000    -0.01289    -0.00299
     3.78000     0.00221    -0.00035    -0.00233     0.00000     0.00000     0.00000    -0.01286    -0.00298
     3.78500     0.00220    -0.00034    -0.00231     0.00000     0.00000     0.00000    -0.01284    -0.00297
     3.79000     0.00218    -0.00034    -0.00229     0.00000     0.00000     0.00000    -0.01281    -0.00296
     3.79500     0.00216    -0.00034    -0.00227     0.00000     0.00000     0.00000    -0.01278    -0.00295
     3.80000     0.00215    -0.00033    -0.00225     0.00000     0.00000     0.00000    -0.01276    -0.00294
     3.80500     0.00213    -0.00033    -0.00223     0.00000     0.00000     0.00000    -0.01273    -0.00293
     3.81000     0.00212    -0.00033    -0.00221     0.00000     0.00000     0.00000    -0.01270    -0.00292
     3.81500     0.00210    -0.00032    -0.00219     0.00000     0.00000     0.00000    -0.01268    -0.00291
     3.82000     0.00208    -0.00032    -0.00218     0.00000     0.00000     0.00000    -0.01265    -0.00290
     3.82500     0.00207    -0.00032    -0.00216     0.00000     0.00000     0.00000    -0.01263    -0.00289
     3.83000     0.00205    -0.00031    -0.00214     0.00000     0.00000     0.00000    -0.01260    -0.00288
     3.83500     0.00204    -0.00031    -0.00212     0.00000     0.00000     0.00000    -0.01257    -0.00287
     3.84000     0.00202    -0.00031    -0.00210     0.00000     0.00000     0.00000    -0.01255    -0.00286
     3.84500     0.00201    -0.00031    -0.00209     0.00000     0.00000     0.00000    -0.01252    -0.00285
     3.85000     0.00199    -0.00030    -0.00207     0.00000     0.00000     0.00000    -0.01250    -0.00284
     3.85500     0.00198    -0.00030    -0.00205     0.00000     0.00000     0.00000    -0.01247    -0.00283
     3.86000     0.00196    -0.00030    -0.00204     0.00000     0.00000     0.00000    -0.01244    -0.00282
     3.86500     0.00195    -0.00029    -0.00202     0.00000     0.00000     0.00000    -0.01242    -0.00281
     3.87000     0.00193    -0.00029    -0.00200     0.00000     0.00000     0.00000    -0.01239    -0.00280
     3.87500     0.00192    -0.00029    -0.00199     0.00000     0.00000     0.00000    -0.01237    -0.00279
     3.88000     0.00190    -0.00029    -0.00197     0.00000     0.00000     0.00000    -0.01234    -0.00279
     3.88500     0.00189    -0.00028    -0.00195     0.00000     0.00000     0.00000    -0.01232    -0.00278
     3.89000     0.00187    -0.00028    -0.00194     0.00000     0.00000     0.00000    -0.01229    -0.00277
     3.89500     0.00186    -0.00028    -0.00192     0.00000     0.00000     0.00000    -0.01227    -0.00276
     3.90000     0.00184    -0.00028    -0.00191     0.00000     0.00000     0.00000    -0.01224    -0.00275
     3.90500     0.00183    -0.00027    -0.00189     0.00000     0.00000     0.00000    -0.01222    -0.00274
     3.91000     0.00182    -0.00027    -0.00187     0.00000     0.00000     0.00000    -0.01219    -0.00273
     3.91500     0.00180    -0.00027    -0.00186     0.00000     0.00000     0.00000    -0.01217    -0.00272
     3.92000     0.00179    -0.00027    -0.00184     0.00000     0.00000     0.00000    -0.01214    -0.00271
     3.92500     0.00177    -0.00026    -0.00183     0.00000     0.00000     0.00000    -0.01212    -0.00270
     3.93000     0.00176    -0.00026    -0.00181     0.00000     0.00000     0.00000    -0.01209    -0.00269
     3.93500     0.00175    -0.00026    -0.00180     0.00000     0.00000     0.00000    -0.01207    -0.00269
     3.94000     0.00173    -0.00026    -0.00178     0.00000     0.00000     0.00000    -0.01204    -0.00268
     3.94500     0.00172    -0.00025    -0.00177     0.00000     0.00000     0.00000    -0.01202    -0.00267
     3.95000     0.00171    -0.00025    -0.00175     0.00000     0.00000     0.00000    -0.01200    -0.00266
     3.95500     0.00170    -0.00025    -0.00174     0.00000     0.00000     0.00000    -0.01197    -0.00265
     3.96000     0.00168    -0.00025    -0.00172     0.00000     0.00000     0.00000    -0.01195    -0.00264
     3.96500     0.00167    -0.00024    -0.00171     0.00000     0.00000     0.00000    -0.01192    -0.00263
     3.97000     0.00166    -0.00024    -0.00170     0.00000     0.00000     0.00000    -0.01190    -0.00262
     3.97500     0.00164    -0.00024    -0.00168     0.00000     0.00000     0.00000    -0.01188    -0.00262
     3.98000     0.00163    -0.00024    -0.00167     0.00000     0.00000     0.00000    -0.01185    -0.00261
     3.98500     0.00162    -0.00024    -0.00165     0.00000     0.00000     0.00000    -0.01183    -0.00260
     3.99000     0.00161    -0.00023    -0.00164     0.00000     0.00000     0.00000    -0.01180    -0.00259
     3.99500     0.00159    -0.00023    -0.00163     0.00000     0.00000     0.00000    -0.01178    -0.00258
     4.00000     0.00158    -0.00023    -0.00161     0.00000     0.00000     0.00000    -0.01176    -0.00257
