 # P33_1232 FF
     0.00000     1.17794    -6.26945     5.66580     0.00000     0.00000    -0.29367     1.17466     0.00000
     0.00500     1.15979    -5.80196     5.12873     0.00000     0.00000    -0.28237     1.12948     0.00000
     0.01000     1.14202    -5.39246     4.66295     0.00000     0.00000    -0.27290     1.09160     0.00000
     0.01500     1.12463    -5.03121     4.25622     0.00000     0.00000    -0.26477     1.05907     0.00000
     0.02000     1.10760    -4.71047     3.89884     0.00000     0.00000    -0.25765     1.03059     0.00000
     0.02500     1.09094    -4.42406     3.58307     0.00000     0.00000    -0.25131     1.00525     0.00000
     0.03000     1.07462    -4.16694     3.30264     0.00000     0.00000    -0.24560     0.98241     0.00000
     0.03500     1.05863    -3.93502     3.05243     0.00000     0.00000    -0.24040     0.96159     0.00000
     0.04000     1.04298    -3.72489     2.82823     0.00000     0.00000    -0.23561     0.94244     0.00000
     0.04500     1.02765    -3.53373     2.62656     0.00000     0.00000    -0.23117     0.92468     0.00000
     0.05000     1.01264    -3.35918     2.44448     0.00000     0.00000    -0.22703     0.90810     0.00000
     0.05500     0.99792    -3.19923     2.27956     0.00000     0.00000    -0.22314     0.89254     0.00000
     0.06000     0.98351    -3.05219     2.12969     0.00000     0.00000    -0.21946     0.87786     0.00000
     0.06500     0.96938    -2.91660     1.99313     0.00000     0.00000    -0.21599     0.86394     0.00000
     0.07000     0.95554    -2.79124     1.86834     0.00000     0.00000    -0.21267     0.85070     0.00000
     0.07500     0.94197    -2.67501     1.75403     0.00000     0.00000    -0.20952     0.83806     0.00000
     0.08000     0.92867    -2.56698     1.64907     0.00000     0.00000    -0.20649     0.82596     0.00000
     0.08500     0.91563    -2.46635     1.55247     0.00000     0.00000    -0.20359     0.81435     0.00000
     0.09000     0.90284    -2.37241     1.46339     0.00000     0.00000    -0.20079     0.80318     0.00000
     0.09500     0.89030    -2.28452     1.38108     0.00000     0.00000    -0.19810     0.79240     0.00000
     0.10000     0.87801    -2.20214     1.30488     0.00000     0.00000    -0.19550     0.78200     0.00000
     0.10500     0.86594    -2.12479     1.23422     0.00000     0.00000    -0.19298     0.77194     0.00000
     0.11000     0.85411    -2.05202     1.16858     0.00000     0.00000    -0.19055     0.76219     0.00000
     0.11500     0.84251    -1.98346     1.10751     0.00000     0.00000    -0.18818     0.75273     0.00000
     0.12000     0.83112    -1.91876     1.05060     0.00000     0.00000    -0.18588     0.74354     0.00000
     0.12500     0.81994    -1.85761     0.99750     0.00000     0.00000    -0.18365     0.73460     0.00000
     0.13000     0.80898    -1.79974     0.94788     0.00000     0.00000    -0.18148     0.72591     0.00000
     0.13500     0.79822    -1.74489     0.90146     0.00000     0.00000    -0.17936     0.71743     0.00000
     0.14000     0.78765    -1.69285     0.85797     0.00000     0.00000    -0.17729     0.70917     0.00000
     0.14500     0.77728    -1.64340     0.81719     0.00000     0.00000    -0.17528     0.70111     0.00000
     0.15000     0.76710    -1.59637     0.77889     0.00000     0.00000    -0.17331     0.69323     0.00000
     0.15500     0.75710    -1.55158     0.74289     0.00000     0.00000    -0.17138     0.68554     0.00000
     0.16000     0.74729    -1.50889     0.70902     0.00000     0.00000    -0.16950     0.67801     0.00000
     0.16500     0.73765    -1.46815     0.67712     0.00000     0.00000    -0.16766     0.67065     0.00000
     0.17000     0.72818    -1.42923     0.64704     0.00000     0.00000    -0.16586     0.66345     0.00000
     0.17500     0.71888    -1.39203     0.61865     0.00000     0.00000    -0.16410     0.65639     0.00000
     0.18000     0.70974    -1.35643     0.59184     0.00000     0.00000    -0.16237     0.64948     0.00000
     0.18500     0.70077    -1.32233     0.56650     0.00000     0.00000    -0.16068     0.64270     0.00000
     0.19000     0.69195    -1.28964     0.54252     0.00000     0.00000    -0.15902     0.63606     0.00000
     0.19500     0.68328    -1.25828     0.51982     0.00000     0.00000    -0.15739     0.62954     0.00000
     0.20000     0.67477    -1.22818     0.49831     0.00000     0.00000    -0.15579     0.62315     0.00000
     0.20500     0.66640    -1.19925     0.47791     0.00000     0.00000    -0.15422     0.61687     0.00000
     0.21000     0.65818    -1.17144     0.45856     0.00000     0.00000    -0.15268     0.61071     0.00000
     0.21500     0.65009    -1.14468     0.44017     0.00000     0.00000    -0.15116     0.60465     0.00000
     0.22000     0.64214    -1.11892     0.42271     0.00000     0.00000    -0.14968     0.59871     0.00000
     0.22500     0.63433    -1.09410     0.40610     0.00000     0.00000    -0.14822     0.59286     0.00000
     0.23000     0.62665    -1.07018     0.39030     0.00000     0.00000    -0.14678     0.58712     0.00000
     0.23500     0.61909    -1.04710     0.37526     0.00000     0.00000    -0.14537     0.58147     0.00000
     0.24000     0.61167    -1.02483     0.36093     0.00000     0.00000    -0.14398     0.57592     0.00000
     0.24500     0.60436    -1.00332     0.34727     0.00000     0.00000    -0.14261     0.57045     0.00000
     0.25000     0.59717    -0.98254     0.33425     0.00000     0.00000    -0.14127     0.56508     0.00000
     0.25500     0.59011    -0.96245     0.32182     0.00000     0.00000    -0.13995     0.55979     0.00000
     0.26000     0.58315    -0.94301     0.30996     0.00000     0.00000    -0.13865     0.55458     0.00000
     0.26500     0.57631    -0.92421     0.29863     0.00000     0.00000    -0.13737     0.54946     0.00000
     0.27000     0.56958    -0.90601     0.28781     0.00000     0.00000    -0.13610     0.54442     0.00000
     0.27500     0.56296    -0.88838     0.27745     0.00000     0.00000    -0.13486     0.53945     0.00000
     0.28000     0.55645    -0.87129     0.26755     0.00000     0.00000    -0.13364     0.53456     0.00000
     0.28500     0.55004    -0.85473     0.25808     0.00000     0.00000    -0.13243     0.52974     0.00000
     0.29000     0.54373    -0.83867     0.24901     0.00000     0.00000    -0.13125     0.52499     0.00000
     0.29500     0.53752    -0.82308     0.24033     0.00000     0.00000    -0.13008     0.52032     0.00000
     0.30000     0.53140    -0.80795     0.23200     0.00000     0.00000    -0.12893     0.51571     0.00000
     0.30500     0.52538    -0.79326     0.22403     0.00000     0.00000    -0.12779     0.51117     0.00000
     0.31000     0.51946    -0.77899     0.21638     0.00000     0.00000    -0.12667     0.50669     0.00000
     0.31500     0.51363    -0.76513     0.20904     0.00000     0.00000    -0.12557     0.50228     0.00000
     0.32000     0.50789    -0.75165     0.20200     0.00000     0.00000    -0.12448     0.49793     0.00000
     0.32500     0.50223    -0.73854     0.19524     0.00000     0.00000    -0.12341     0.49364     0.00000
     0.33000     0.49666    -0.72579     0.18875     0.00000     0.00000    -0.12235     0.48941     0.00000
     0.33500     0.49118    -0.71339     0.18251     0.00000     0.00000    -0.12131     0.48523     0.00000
     0.34000     0.48578    -0.70131     0.17652     0.00000     0.00000    -0.12028     0.48112     0.00000
     0.34500     0.48046    -0.68956     0.17076     0.00000     0.00000    -0.11926     0.47706     0.00000
     0.35000     0.47522    -0.67810     0.16522     0.00000     0.00000    -0.11826     0.47306     0.00000
     0.35500     0.47006    -0.66695     0.15989     0.00000     0.00000    -0.11728     0.46910     0.00000
     0.36000     0.46497    -0.65608     0.15476     0.00000     0.00000    -0.11630     0.46521     0.00000
     0.36500     0.45997    -0.64548     0.14982     0.00000     0.00000    -0.11534     0.46136     0.00000
     0.37000     0.45503    -0.63514     0.14507     0.00000     0.00000    -0.11439     0.45756     0.00000
     0.37500     0.45017    -0.62506     0.14050     0.00000     0.00000    -0.11345     0.45382     0.00000
     0.38000     0.44538    -0.61523     0.13609     0.00000     0.00000    -0.11253     0.45012     0.00000
     0.38500     0.44065    -0.60563     0.13184     0.00000     0.00000    -0.11162     0.44647     0.00000
     0.39000     0.43600    -0.59626     0.12774     0.00000     0.00000    -0.11072     0.44286     0.00000
     0.39500     0.43141    -0.58712     0.12379     0.00000     0.00000    -0.10983     0.43930     0.00000
     0.40000     0.42689    -0.57819     0.11999     0.00000     0.00000    -0.10895     0.43579     0.00000
     0.40500     0.42244    -0.56946     0.11631     0.00000     0.00000    -0.10808     0.43232     0.00000
     0.41000     0.41805    -0.56094     0.11277     0.00000     0.00000    -0.10722     0.42889     0.00000
     0.41500     0.41372    -0.55261     0.10935     0.00000     0.00000    -0.10638     0.42551     0.00000
     0.42000     0.40945    -0.54447     0.10605     0.00000     0.00000    -0.10554     0.42217     0.00000
     0.42500     0.40524    -0.53651     0.10286     0.00000     0.00000    -0.10472     0.41887     0.00000
     0.43000     0.40109    -0.52872     0.09978     0.00000     0.00000    -0.10390     0.41561     0.00000
     0.43500     0.39700    -0.52111     0.09680     0.00000     0.00000    -0.10310     0.41239     0.00000
     0.44000     0.39296    -0.51366     0.09393     0.00000     0.00000    -0.10230     0.40920     0.00000
     0.44500     0.38899    -0.50637     0.09115     0.00000     0.00000    -0.10151     0.40606     0.00000
     0.45000     0.38506    -0.49924     0.08847     0.00000     0.00000    -0.10074     0.40295     0.00000
     0.45500     0.38119    -0.49226     0.08587     0.00000     0.00000    -0.09997     0.39988     0.00000
     0.46000     0.37737    -0.48543     0.08336     0.00000     0.00000    -0.09921     0.39685     0.00000
     0.46500     0.37361    -0.47874     0.08093     0.00000     0.00000    -0.09846     0.39385     0.00000
     0.47000     0.36990    -0.47218     0.07858     0.00000     0.00000    -0.09772     0.39089     0.00000
     0.47500     0.36623    -0.46576     0.07631     0.00000     0.00000    -0.09699     0.38796     0.00000
     0.48000     0.36262    -0.45947     0.07411     0.00000     0.00000    -0.09627     0.38506     0.00000
     0.48500     0.35905    -0.45331     0.07198     0.00000     0.00000    -0.09555     0.38220     0.00000
     0.49000     0.35553    -0.44727     0.06992     0.00000     0.00000    -0.09484     0.37937     0.00000
     0.49500     0.35206    -0.44135     0.06792     0.00000     0.00000    -0.09414     0.37658     0.00000
     0.50000     0.34864    -0.43555     0.06598     0.00000     0.00000    -0.09345     0.37381     0.00000
     0.50500     0.34526    -0.42986     0.06411     0.00000     0.00000    -0.09277     0.37108     0.00000
     0.51000     0.34192    -0.42428     0.06230     0.00000     0.00000    -0.09209     0.36838     0.00000
     0.51500     0.33863    -0.41880     0.06054     0.00000     0.00000    -0.09143     0.36571     0.00000
     0.52000     0.33538    -0.41344     0.05883     0.00000     0.00000    -0.09077     0.36306     0.00000
     0.52500     0.33217    -0.40817     0.05718     0.00000     0.00000    -0.09011     0.36045     0.00000
     0.53000     0.32901    -0.40300     0.05558     0.00000     0.00000    -0.08947     0.35787     0.00000
     0.53500     0.32589    -0.39793     0.05402     0.00000     0.00000    -0.08883     0.35531     0.00000
     0.54000     0.32280    -0.39295     0.05252     0.00000     0.00000    -0.08820     0.35278     0.00000
     0.54500     0.31976    -0.38807     0.05106     0.00000     0.00000    -0.08757     0.35028     0.00000
     0.55000     0.31675    -0.38327     0.04964     0.00000     0.00000    -0.08695     0.34781     0.00000
     0.55500     0.31379    -0.37856     0.04826     0.00000     0.00000    -0.08634     0.34536     0.00000
     0.56000     0.31086    -0.37393     0.04693     0.00000     0.00000    -0.08574     0.34294     0.00000
     0.56500     0.30796    -0.36939     0.04563     0.00000     0.00000    -0.08514     0.34055     0.00000
     0.57000     0.30511    -0.36493     0.04438     0.00000     0.00000    -0.08454     0.33818     0.00000
     0.57500     0.30229    -0.36055     0.04316     0.00000     0.00000    -0.08396     0.33584     0.00000
     0.58000     0.29950    -0.35624     0.04197     0.00000     0.00000    -0.08338     0.33352     0.00000
     0.58500     0.29675    -0.35201     0.04082     0.00000     0.00000    -0.08281     0.33122     0.00000
     0.59000     0.29404    -0.34785     0.03970     0.00000     0.00000    -0.08224     0.32895     0.00000
     0.59500     0.29136    -0.34376     0.03862     0.00000     0.00000    -0.08168     0.32671     0.00000
     0.60000     0.28871    -0.33975     0.03756     0.00000     0.00000    -0.08112     0.32448     0.00000
     0.60500     0.28609    -0.33580     0.03654     0.00000     0.00000    -0.08057     0.32228     0.00000
     0.61000     0.28350    -0.33192     0.03554     0.00000     0.00000    -0.08003     0.32011     0.00000
     0.61500     0.28095    -0.32810     0.03458     0.00000     0.00000    -0.07949     0.31795     0.00000
     0.62000     0.27843    -0.32435     0.03364     0.00000     0.00000    -0.07895     0.31582     0.00000
     0.62500     0.27594    -0.32065     0.03272     0.00000     0.00000    -0.07843     0.31371     0.00000
     0.63000     0.27348    -0.31702     0.03183     0.00000     0.00000    -0.07790     0.31162     0.00000
     0.63500     0.27104    -0.31345     0.03097     0.00000     0.00000    -0.07739     0.30955     0.00000
     0.64000     0.26864    -0.30994     0.03013     0.00000     0.00000    -0.07688     0.30750     0.00000
     0.64500     0.26627    -0.30648     0.02931     0.00000     0.00000    -0.07637     0.30548     0.00000
     0.65000     0.26392    -0.30308     0.02852     0.00000     0.00000    -0.07587     0.30347     0.00000
     0.65500     0.26160    -0.29973     0.02775     0.00000     0.00000    -0.07537     0.30148     0.00000
     0.66000     0.25931    -0.29644     0.02700     0.00000     0.00000    -0.07488     0.29952     0.00000
     0.66500     0.25705    -0.29320     0.02627     0.00000     0.00000    -0.07439     0.29757     0.00000
     0.67000     0.25481    -0.29001     0.02556     0.00000     0.00000    -0.07391     0.29564     0.00000
     0.67500     0.25260    -0.28687     0.02486     0.00000     0.00000    -0.07343     0.29373     0.00000
     0.68000     0.25042    -0.28377     0.02419     0.00000     0.00000    -0.07296     0.29184     0.00000
     0.68500     0.24826    -0.28073     0.02353     0.00000     0.00000    -0.07249     0.28997     0.00000
     0.69000     0.24612    -0.27773     0.02290     0.00000     0.00000    -0.07203     0.28812     0.00000
     0.69500     0.24401    -0.27478     0.02228     0.00000     0.00000    -0.07157     0.28628     0.00000
     0.70000     0.24193    -0.27187     0.02167     0.00000     0.00000    -0.07112     0.28446     0.00000
     0.70500     0.23987    -0.26901     0.02108     0.00000     0.00000    -0.07067     0.28266     0.00000
     0.71000     0.23783    -0.26619     0.02051     0.00000     0.00000    -0.07022     0.28088     0.00000
     0.71500     0.23582    -0.26341     0.01995     0.00000     0.00000    -0.06978     0.27911     0.00000
     0.72000     0.23382    -0.26067     0.01941     0.00000     0.00000    -0.06934     0.27736     0.00000
     0.72500     0.23186    -0.25797     0.01888     0.00000     0.00000    -0.06891     0.27563     0.00000
     0.73000     0.22991    -0.25532     0.01836     0.00000     0.00000    -0.06848     0.27392     0.00000
     0.73500     0.22798    -0.25270     0.01786     0.00000     0.00000    -0.06805     0.27222     0.00000
     0.74000     0.22608    -0.25012     0.01737     0.00000     0.00000    -0.06763     0.27053     0.00000
     0.74500     0.22420    -0.24757     0.01690     0.00000     0.00000    -0.06722     0.26886     0.00000
     0.75000     0.22234    -0.24507     0.01643     0.00000     0.00000    -0.06680     0.26721     0.00000
     0.75500     0.22050    -0.24260     0.01598     0.00000     0.00000    -0.06639     0.26557     0.00000
     0.76000     0.21868    -0.24016     0.01554     0.00000     0.00000    -0.06599     0.26395     0.00000
     0.76500     0.21688    -0.23776     0.01511     0.00000     0.00000    -0.06559     0.26234     0.00000
     0.77000     0.21510    -0.23539     0.01469     0.00000     0.00000    -0.06519     0.26075     0.00000
     0.77500     0.21334    -0.23306     0.01428     0.00000     0.00000    -0.06479     0.25917     0.00000
     0.78000     0.21160    -0.23076     0.01389     0.00000     0.00000    -0.06440     0.25761     0.00000
     0.78500     0.20988    -0.22849     0.01350     0.00000     0.00000    -0.06402     0.25606     0.00000
     0.79000     0.20817    -0.22625     0.01312     0.00000     0.00000    -0.06363     0.25453     0.00000
     0.79500     0.20649    -0.22405     0.01275     0.00000     0.00000    -0.06325     0.25300     0.00000
     0.80000     0.20482    -0.22187     0.01239     0.00000     0.00000    -0.06287     0.25150     0.00000
     0.80500     0.20317    -0.21972     0.01204     0.00000     0.00000    -0.06250     0.25000     0.00000
     0.81000     0.20154    -0.21761     0.01170     0.00000     0.00000    -0.06213     0.24852     0.00000
     0.81500     0.19993    -0.21552     0.01137     0.00000     0.00000    -0.06176     0.24706     0.00000
     0.82000     0.19833    -0.21346     0.01104     0.00000     0.00000    -0.06140     0.24560     0.00000
     0.82500     0.19675    -0.21142     0.01073     0.00000     0.00000    -0.06104     0.24416     0.00000
     0.83000     0.19519    -0.20942     0.01042     0.00000     0.00000    -0.06068     0.24273     0.00000
     0.83500     0.19365    -0.20744     0.01012     0.00000     0.00000    -0.06033     0.24132     0.00000
     0.84000     0.19212    -0.20549     0.00982     0.00000     0.00000    -0.05998     0.23991     0.00000
     0.84500     0.19060    -0.20356     0.00954     0.00000     0.00000    -0.05963     0.23852     0.00000
     0.85000     0.18911    -0.20166     0.00926     0.00000     0.00000    -0.05929     0.23714     0.00000
     0.85500     0.18762    -0.19978     0.00898     0.00000     0.00000    -0.05894     0.23578     0.00000
     0.86000     0.18616    -0.19793     0.00872     0.00000     0.00000    -0.05861     0.23442     0.00000
     0.86500     0.18471    -0.19610     0.00846     0.00000     0.00000    -0.05827     0.23308     0.00000
     0.87000     0.18327    -0.19429     0.00820     0.00000     0.00000    -0.05794     0.23175     0.00000
     0.87500     0.18185    -0.19251     0.00796     0.00000     0.00000    -0.05761     0.23043     0.00000
     0.88000     0.18045    -0.19075     0.00772     0.00000     0.00000    -0.05728     0.22912     0.00000
     0.88500     0.17905    -0.18901     0.00748     0.00000     0.00000    -0.05695     0.22782     0.00000
     0.89000     0.17768    -0.18730     0.00725     0.00000     0.00000    -0.05663     0.22653     0.00000
     0.89500     0.17631    -0.18560     0.00703     0.00000     0.00000    -0.05631     0.22526     0.00000
     0.90000     0.17496    -0.18393     0.00681     0.00000     0.00000    -0.05600     0.22399     0.00000
     0.90500     0.17363    -0.18228     0.00659     0.00000     0.00000    -0.05568     0.22274     0.00000
     0.91000     0.17231    -0.18065     0.00638     0.00000     0.00000    -0.05537     0.22150     0.00000
     0.91500     0.17100    -0.17904     0.00618     0.00000     0.00000    -0.05507     0.22026     0.00000
     0.92000     0.16970    -0.17745     0.00598     0.00000     0.00000    -0.05476     0.21904     0.00000
     0.92500     0.16842    -0.17588     0.00579     0.00000     0.00000    -0.05446     0.21783     0.00000
     0.93000     0.16715    -0.17433     0.00560     0.00000     0.00000    -0.05416     0.21663     0.00000
     0.93500     0.16589    -0.17279     0.00541     0.00000     0.00000    -0.05386     0.21543     0.00000
     0.94000     0.16465    -0.17128     0.00523     0.00000     0.00000    -0.05356     0.21425     0.00000
     0.94500     0.16342    -0.16978     0.00506     0.00000     0.00000    -0.05327     0.21308     0.00000
     0.95000     0.16220    -0.16831     0.00488     0.00000     0.00000    -0.05298     0.21191     0.00000
     0.95500     0.16099    -0.16685     0.00472     0.00000     0.00000    -0.05269     0.21076     0.00000
     0.96000     0.15979    -0.16540     0.00455     0.00000     0.00000    -0.05240     0.20962     0.00000
     0.96500     0.15861    -0.16398     0.00439     0.00000     0.00000    -0.05212     0.20848     0.00000
     0.97000     0.15744    -0.16257     0.00424     0.00000     0.00000    -0.05184     0.20736     0.00000
     0.97500     0.15628    -0.16118     0.00408     0.00000     0.00000    -0.05156     0.20624     0.00000
     0.98000     0.15513    -0.15980     0.00393     0.00000     0.00000    -0.05128     0.20513     0.00000
     0.98500     0.15399    -0.15845     0.00379     0.00000     0.00000    -0.05101     0.20404     0.00000
     0.99000     0.15286    -0.15710     0.00365     0.00000     0.00000    -0.05074     0.20295     0.00000
     0.99500     0.15175    -0.15577     0.00351     0.00000     0.00000    -0.05047     0.20187     0.00000
     1.00000     0.15064    -0.15446     0.00337     0.00000     0.00000    -0.05020     0.20079     0.00000
     1.00500     0.14955    -0.15317     0.00324     0.00000     0.00000    -0.04993     0.19973     0.00000
     1.01000     0.14846    -0.15188     0.00311     0.00000     0.00000    -0.04967     0.19868     0.00000
     1.01500     0.14739    -0.15062     0.00298     0.00000     0.00000    -0.04941     0.19763     0.00000
     1.02000     0.14633    -0.14936     0.00286     0.00000     0.00000    -0.04915     0.19659     0.00000
     1.02500     0.14527    -0.14813     0.00274     0.00000     0.00000    -0.04889     0.19556     0.00000
     1.03000     0.14423    -0.14690     0.00262     0.00000     0.00000    -0.04863     0.19454     0.00000
     1.03500     0.14320    -0.14569     0.00250     0.00000     0.00000    -0.04838     0.19353     0.00000
     1.04000     0.14217    -0.14449     0.00239     0.00000     0.00000    -0.04813     0.19252     0.00000
     1.04500     0.14116    -0.14331     0.00228     0.00000     0.00000    -0.04788     0.19152     0.00000
     1.05000     0.14015    -0.14214     0.00217     0.00000     0.00000    -0.04763     0.19053     0.00000
     1.05500     0.13916    -0.14098     0.00207     0.00000     0.00000    -0.04739     0.18955     0.00000
     1.06000     0.13817    -0.13984     0.00197     0.00000     0.00000    -0.04714     0.18857     0.00000
     1.06500     0.13720    -0.13871     0.00187     0.00000     0.00000    -0.04690     0.18761     0.00000
     1.07000     0.13623    -0.13759     0.00177     0.00000     0.00000    -0.04666     0.18665     0.00000
     1.07500     0.13527    -0.13648     0.00167     0.00000     0.00000    -0.04642     0.18569     0.00000
     1.08000     0.13432    -0.13539     0.00158     0.00000     0.00000    -0.04619     0.18475     0.00000
     1.08500     0.13338    -0.13431     0.00149     0.00000     0.00000    -0.04595     0.18381     0.00000
     1.09000     0.13245    -0.13324     0.00140     0.00000     0.00000    -0.04572     0.18288     0.00000
     1.09500     0.13153    -0.13218     0.00131     0.00000     0.00000    -0.04549     0.18196     0.00000
     1.10000     0.13061    -0.13113     0.00123     0.00000     0.00000    -0.04526     0.18104     0.00000
     1.10500     0.12971    -0.13009     0.00115     0.00000     0.00000    -0.04503     0.18013     0.00000
     1.11000     0.12881    -0.12907     0.00107     0.00000     0.00000    -0.04481     0.17923     0.00000
     1.11500     0.12792    -0.12806     0.00099     0.00000     0.00000    -0.04458     0.17833     0.00000
     1.12000     0.12704    -0.12705     0.00091     0.00000     0.00000    -0.04436     0.17744     0.00000
     1.12500     0.12616    -0.12606     0.00083     0.00000     0.00000    -0.04414     0.17656     0.00000
     1.13000     0.12530    -0.12508     0.00076     0.00000     0.00000    -0.04392     0.17568     0.00000
     1.13500     0.12444    -0.12411     0.00069     0.00000     0.00000    -0.04370     0.17481     0.00000
     1.14000     0.12359    -0.12315     0.00062     0.00000     0.00000    -0.04349     0.17395     0.00000
     1.14500     0.12275    -0.12219     0.00055     0.00000     0.00000    -0.04327     0.17309     0.00000
     1.15000     0.12191    -0.12125     0.00048     0.00000     0.00000    -0.04306     0.17224     0.00000
     1.15500     0.12108    -0.12032     0.00042     0.00000     0.00000    -0.04285     0.17140     0.00000
     1.16000     0.12026    -0.11940     0.00035     0.00000     0.00000    -0.04264     0.17056     0.00000
     1.16500     0.11945    -0.11849     0.00029     0.00000     0.00000    -0.04243     0.16973     0.00000
     1.17000     0.11865    -0.11759     0.00023     0.00000     0.00000    -0.04223     0.16890     0.00000
     1.17500     0.11785    -0.11669     0.00017     0.00000     0.00000    -0.04202     0.16808     0.00000
     1.18000     0.11706    -0.11581     0.00011     0.00000     0.00000    -0.04182     0.16727     0.00000
     1.18500     0.11627    -0.11493     0.00005     0.00000     0.00000    -0.04162     0.16646     0.00000
     1.19000     0.11549    -0.11407     0.00000     0.00000     0.00000    -0.04142     0.16566     0.00000
     1.19500     0.11472    -0.11321    -0.00006     0.00000     0.00000    -0.04122     0.16486     0.00000
     1.20000     0.11396    -0.11236    -0.00011     0.00000     0.00000    -0.04102     0.16407     0.00000
     1.20500     0.11320    -0.11152    -0.00016     0.00000     0.00000    -0.04082     0.16329     0.00000
     1.21000     0.11245    -0.11069    -0.00021     0.00000     0.00000    -0.04063     0.16251     0.00000
     1.21500     0.11171    -0.10987    -0.00026     0.00000     0.00000    -0.04043     0.16174     0.00000
     1.22000     0.11097    -0.10905    -0.00031     0.00000     0.00000    -0.04024     0.16097     0.00000
     1.22500     0.11024    -0.10825    -0.00036     0.00000     0.00000    -0.04005     0.16021     0.00000
     1.23000     0.10951    -0.10745    -0.00040     0.00000     0.00000    -0.03986     0.15945     0.00000
     1.23500     0.10879    -0.10666    -0.00045     0.00000     0.00000    -0.03967     0.15870     0.00000
     1.24000     0.10808    -0.10587    -0.00049     0.00000     0.00000    -0.03949     0.15795     0.00000
     1.24500     0.10737    -0.10510    -0.00053     0.00000     0.00000    -0.03930     0.15721     0.00000
     1.25000     0.10667    -0.10433    -0.00058     0.00000     0.00000    -0.03912     0.15648     0.00000
     1.25500     0.10598    -0.10357    -0.00062     0.00000     0.00000    -0.03894     0.15575     0.00000
     1.26000     0.10529    -0.10282    -0.00066     0.00000     0.00000    -0.03875     0.15502     0.00000
     1.26500     0.10461    -0.10208    -0.00070     0.00000     0.00000    -0.03857     0.15430     0.00000
     1.27000     0.10393    -0.10134    -0.00073     0.00000     0.00000    -0.03840     0.15358     0.00000
     1.27500     0.10326    -0.10061    -0.00077     0.00000     0.00000    -0.03822     0.15287     0.00000
     1.28000     0.10260    -0.09988    -0.00081     0.00000     0.00000    -0.03804     0.15217     0.00000
     1.28500     0.10194    -0.09917    -0.00084     0.00000     0.00000    -0.03787     0.15147     0.00000
     1.29000     0.10128    -0.09846    -0.00088     0.00000     0.00000    -0.03769     0.15077     0.00000
     1.29500     0.10063    -0.09775    -0.00091     0.00000     0.00000    -0.03752     0.15008     0.00000
     1.30000     0.09999    -0.09706    -0.00094     0.00000     0.00000    -0.03735     0.14939     0.00000
     1.30500     0.09935    -0.09637    -0.00098     0.00000     0.00000    -0.03718     0.14871     0.00000
     1.31000     0.09872    -0.09569    -0.00101     0.00000     0.00000    -0.03701     0.14804     0.00000
     1.31500     0.09809    -0.09501    -0.00104     0.00000     0.00000    -0.03684     0.14736     0.00000
     1.32000     0.09747    -0.09434    -0.00107     0.00000     0.00000    -0.03667     0.14670     0.00000
     1.32500     0.09685    -0.09368    -0.00110     0.00000     0.00000    -0.03651     0.14603     0.00000
     1.33000     0.09624    -0.09302    -0.00112     0.00000     0.00000    -0.03634     0.14538     0.00000
     1.33500     0.09563    -0.09237    -0.00115     0.00000     0.00000    -0.03618     0.14472     0.00000
     1.34000     0.09503    -0.09172    -0.00118     0.00000     0.00000    -0.03602     0.14407     0.00000
     1.34500     0.09443    -0.09109    -0.00120     0.00000     0.00000    -0.03586     0.14343     0.00000
     1.35000     0.09384    -0.09045    -0.00123     0.00000     0.00000    -0.03570     0.14279     0.00000
     1.35500     0.09326    -0.08983    -0.00126     0.00000     0.00000    -0.03554     0.14215     0.00000
     1.36000     0.09267    -0.08920    -0.00128     0.00000     0.00000    -0.03538     0.14152     0.00000
     1.36500     0.09210    -0.08859    -0.00130     0.00000     0.00000    -0.03522     0.14089     0.00000
     1.37000     0.09152    -0.08798    -0.00133     0.00000     0.00000    -0.03507     0.14026     0.00000
     1.37500     0.09095    -0.08737    -0.00135     0.00000     0.00000    -0.03491     0.13964     0.00000
     1.38000     0.09039    -0.08678    -0.00137     0.00000     0.00000    -0.03476     0.13903     0.00000
     1.38500     0.08983    -0.08618    -0.00139     0.00000     0.00000    -0.03460     0.13842     0.00000
     1.39000     0.08928    -0.08560    -0.00141     0.00000     0.00000    -0.03445     0.13781     0.00000
     1.39500     0.08873    -0.08501    -0.00143     0.00000     0.00000    -0.03430     0.13721     0.00000
     1.40000     0.08818    -0.08444    -0.00145     0.00000     0.00000    -0.03415     0.13661     0.00000
     1.40500     0.08764    -0.08386    -0.00147     0.00000     0.00000    -0.03400     0.13601     0.00000
     1.41000     0.08710    -0.08330    -0.00149     0.00000     0.00000    -0.03385     0.13542     0.00000
     1.41500     0.08657    -0.08274    -0.00151     0.00000     0.00000    -0.03371     0.13483     0.00000
     1.42000     0.08604    -0.08218    -0.00153     0.00000     0.00000    -0.03356     0.13425     0.00000
     1.42500     0.08552    -0.08163    -0.00154     0.00000     0.00000    -0.03342     0.13367     0.00000
     1.43000     0.08500    -0.08108    -0.00156     0.00000     0.00000    -0.03327     0.13309     0.00000
     1.43500     0.08448    -0.08054    -0.00158     0.00000     0.00000    -0.03313     0.13252     0.00000
     1.44000     0.08397    -0.08000    -0.00159     0.00000     0.00000    -0.03299     0.13195     0.00000
     1.44500     0.08346    -0.07947    -0.00161     0.00000     0.00000    -0.03285     0.13138     0.00000
     1.45000     0.08296    -0.07894    -0.00162     0.00000     0.00000    -0.03271     0.13082     0.00000
     1.45500     0.08246    -0.07842    -0.00164     0.00000     0.00000    -0.03257     0.13026     0.00000
     1.46000     0.08196    -0.07790    -0.00165     0.00000     0.00000    -0.03243     0.12971     0.00000
     1.46500     0.08147    -0.07739    -0.00167     0.00000     0.00000    -0.03229     0.12916     0.00000
     1.47000     0.08098    -0.07688    -0.00168     0.00000     0.00000    -0.03215     0.12861     0.00000
     1.47500     0.08049    -0.07637    -0.00169     0.00000     0.00000    -0.03202     0.12807     0.00000
     1.48000     0.08001    -0.07587    -0.00170     0.00000     0.00000    -0.03188     0.12752     0.00000
     1.48500     0.07954    -0.07538    -0.00172     0.00000     0.00000    -0.03175     0.12699     0.00000
     1.49000     0.07906    -0.07489    -0.00173     0.00000     0.00000    -0.03161     0.12645     0.00000
     1.49500     0.07859    -0.07440    -0.00174     0.00000     0.00000    -0.03148     0.12592     0.00000
     1.50000     0.07813    -0.07392    -0.00175     0.00000     0.00000    -0.03135     0.12540     0.00000
     1.50500     0.07766    -0.07344    -0.00176     0.00000     0.00000    -0.03122     0.12487     0.00000
     1.51000     0.07721    -0.07296    -0.00177     0.00000     0.00000    -0.03109     0.12435     0.00000
     1.51500     0.07675    -0.07249    -0.00178     0.00000     0.00000    -0.03096     0.12383     0.00000
     1.52000     0.07630    -0.07203    -0.00179     0.00000     0.00000    -0.03083     0.12332     0.00000
     1.52500     0.07585    -0.07156    -0.00180     0.00000     0.00000    -0.03070     0.12281     0.00000
     1.53000     0.07540    -0.07110    -0.00181     0.00000     0.00000    -0.03058     0.12230     0.00000
     1.53500     0.07496    -0.07065    -0.00182     0.00000     0.00000    -0.03045     0.12180     0.00000
     1.54000     0.07452    -0.07020    -0.00183     0.00000     0.00000    -0.03032     0.12130     0.00000
     1.54500     0.07409    -0.06975    -0.00184     0.00000     0.00000    -0.03020     0.12080     0.00000
     1.55000     0.07366    -0.06931    -0.00185     0.00000     0.00000    -0.03008     0.12030     0.00000
     1.55500     0.07323    -0.06887    -0.00185     0.00000     0.00000    -0.02995     0.11981     0.00000
     1.56000     0.07280    -0.06843    -0.00186     0.00000     0.00000    -0.02983     0.11932     0.00000
     1.56500     0.07238    -0.06800    -0.00187     0.00000     0.00000    -0.02971     0.11884     0.00000
     1.57000     0.07196    -0.06757    -0.00188     0.00000     0.00000    -0.02959     0.11835     0.00000
     1.57500     0.07155    -0.06715    -0.00188     0.00000     0.00000    -0.02947     0.11787     0.00000
     1.58000     0.07113    -0.06672    -0.00189     0.00000     0.00000    -0.02935     0.11739     0.00000
     1.58500     0.07072    -0.06631    -0.00189     0.00000     0.00000    -0.02923     0.11692     0.00000
     1.59000     0.07032    -0.06589    -0.00190     0.00000     0.00000    -0.02911     0.11645     0.00000
     1.59500     0.06991    -0.06548    -0.00191     0.00000     0.00000    -0.02900     0.11598     0.00000
     1.60000     0.06951    -0.06507    -0.00191     0.00000     0.00000    -0.02888     0.11551     0.00000
     1.60500     0.06912    -0.06467    -0.00192     0.00000     0.00000    -0.02876     0.11505     0.00000
     1.61000     0.06872    -0.06427    -0.00192     0.00000     0.00000    -0.02865     0.11459     0.00000
     1.61500     0.06833    -0.06387    -0.00193     0.00000     0.00000    -0.02853     0.11413     0.00000
     1.62000     0.06794    -0.06348    -0.00193     0.00000     0.00000    -0.02842     0.11368     0.00000
     1.62500     0.06755    -0.06308    -0.00194     0.00000     0.00000    -0.02831     0.11323     0.00000
     1.63000     0.06717    -0.06270    -0.00194     0.00000     0.00000    -0.02819     0.11278     0.00000
     1.63500     0.06679    -0.06231    -0.00195     0.00000     0.00000    -0.02808     0.11233     0.00000
     1.64000     0.06641    -0.06193    -0.00195     0.00000     0.00000    -0.02797     0.11189     0.00000
     1.64500     0.06604    -0.06155    -0.00195     0.00000     0.00000    -0.02786     0.11145     0.00000
     1.65000     0.06567    -0.06117    -0.00196     0.00000     0.00000    -0.02775     0.11101     0.00000
     1.65500     0.06530    -0.06080    -0.00196     0.00000     0.00000    -0.02764     0.11057     0.00000
     1.66000     0.06493    -0.06043    -0.00196     0.00000     0.00000    -0.02753     0.11014     0.00000
     1.66500     0.06457    -0.06007    -0.00197     0.00000     0.00000    -0.02743     0.10971     0.00000
     1.67000     0.06420    -0.05970    -0.00197     0.00000     0.00000    -0.02732     0.10928     0.00000
     1.67500     0.06384    -0.05934    -0.00197     0.00000     0.00000    -0.02721     0.10885     0.00000
     1.68000     0.06349    -0.05898    -0.00197     0.00000     0.00000    -0.02711     0.10843     0.00000
     1.68500     0.06313    -0.05863    -0.00198     0.00000     0.00000    -0.02700     0.10801     0.00000
     1.69000     0.06278    -0.05827    -0.00198     0.00000     0.00000    -0.02690     0.10759     0.00000
     1.69500     0.06244    -0.05793    -0.00198     0.00000     0.00000    -0.02679     0.10717     0.00000
     1.70000     0.06209    -0.05758    -0.00198     0.00000     0.00000    -0.02669     0.10676     0.00000
     1.70500     0.06175    -0.05723    -0.00199     0.00000     0.00000    -0.02659     0.10635     0.00000
     1.71000     0.06140    -0.05689    -0.00199     0.00000     0.00000    -0.02648     0.10594     0.00000
     1.71500     0.06107    -0.05655    -0.00199     0.00000     0.00000    -0.02638     0.10553     0.00000
     1.72000     0.06073    -0.05622    -0.00199     0.00000     0.00000    -0.02628     0.10513     0.00000
     1.72500     0.06039    -0.05588    -0.00199     0.00000     0.00000    -0.02618     0.10473     0.00000
     1.73000     0.06006    -0.05555    -0.00199     0.00000     0.00000    -0.02608     0.10433     0.00000
     1.73500     0.05973    -0.05523    -0.00199     0.00000     0.00000    -0.02598     0.10393     0.00000
     1.74000     0.05941    -0.05490    -0.00199     0.00000     0.00000    -0.02588     0.10353     0.00000
     1.74500     0.05908    -0.05458    -0.00200     0.00000     0.00000    -0.02579     0.10314     0.00000
     1.75000     0.05876    -0.05426    -0.00200     0.00000     0.00000    -0.02569     0.10275     0.00000
     1.75500     0.05844    -0.05394    -0.00200     0.00000     0.00000    -0.02559     0.10236     0.00000
     1.76000     0.05812    -0.05362    -0.00200     0.00000     0.00000    -0.02549     0.10198     0.00000
     1.76500     0.05781    -0.05331    -0.00200     0.00000     0.00000    -0.02540     0.10159     0.00000
     1.77000     0.05749    -0.05300    -0.00200     0.00000     0.00000    -0.02530     0.10121     0.00000
     1.77500     0.05718    -0.05269    -0.00200     0.00000     0.00000    -0.02521     0.10083     0.00000
     1.78000     0.05687    -0.05238    -0.00200     0.00000     0.00000    -0.02511     0.10045     0.00000
     1.78500     0.05656    -0.05208    -0.00200     0.00000     0.00000    -0.02502     0.10008     0.00000
     1.79000     0.05626    -0.05178    -0.00200     0.00000     0.00000    -0.02493     0.09970     0.00000
     1.79500     0.05596    -0.05148    -0.00200     0.00000     0.00000    -0.02483     0.09933     0.00000
     1.80000     0.05566    -0.05118    -0.00200     0.00000     0.00000    -0.02474     0.09896     0.00000
     1.80500     0.05536    -0.05089    -0.00200     0.00000     0.00000    -0.02465     0.09860     0.00000
     1.81000     0.05506    -0.05059    -0.00200     0.00000     0.00000    -0.02456     0.09823     0.00000
     1.81500     0.05477    -0.05030    -0.00199     0.00000     0.00000    -0.02447     0.09787     0.00000
     1.82000     0.05447    -0.05002    -0.00199     0.00000     0.00000    -0.02438     0.09751     0.00000
     1.82500     0.05418    -0.04973    -0.00199     0.00000     0.00000    -0.02429     0.09715     0.00000
     1.83000     0.05389    -0.04945    -0.00199     0.00000     0.00000    -0.02420     0.09679     0.00000
     1.83500     0.05361    -0.04916    -0.00199     0.00000     0.00000    -0.02411     0.09644     0.00000
     1.84000     0.05332    -0.04888    -0.00199     0.00000     0.00000    -0.02402     0.09608     0.00000
     1.84500     0.05304    -0.04861    -0.00199     0.00000     0.00000    -0.02393     0.09573     0.00000
     1.85000     0.05276    -0.04833    -0.00199     0.00000     0.00000    -0.02385     0.09538     0.00000
     1.85500     0.05248    -0.04806    -0.00199     0.00000     0.00000    -0.02376     0.09503     0.00000
     1.86000     0.05220    -0.04779    -0.00199     0.00000     0.00000    -0.02367     0.09469     0.00000
     1.86500     0.05193    -0.04752    -0.00198     0.00000     0.00000    -0.02359     0.09435     0.00000
     1.87000     0.05166    -0.04725    -0.00198     0.00000     0.00000    -0.02350     0.09400     0.00000
     1.87500     0.05138    -0.04698    -0.00198     0.00000     0.00000    -0.02342     0.09366     0.00000
     1.88000     0.05111    -0.04672    -0.00198     0.00000     0.00000    -0.02333     0.09333     0.00000
     1.88500     0.05085    -0.04646    -0.00198     0.00000     0.00000    -0.02325     0.09299     0.00000
     1.89000     0.05058    -0.04620    -0.00198     0.00000     0.00000    -0.02316     0.09266     0.00000
     1.89500     0.05032    -0.04594    -0.00197     0.00000     0.00000    -0.02308     0.09232     0.00000
     1.90000     0.05005    -0.04569    -0.00197     0.00000     0.00000    -0.02300     0.09199     0.00000
     1.90500     0.04979    -0.04543    -0.00197     0.00000     0.00000    -0.02292     0.09166     0.00000
     1.91000     0.04953    -0.04518    -0.00197     0.00000     0.00000    -0.02283     0.09134     0.00000
     1.91500     0.04928    -0.04493    -0.00197     0.00000     0.00000    -0.02275     0.09101     0.00000
     1.92000     0.04902    -0.04468    -0.00196     0.00000     0.00000    -0.02267     0.09069     0.00000
     1.92500     0.04877    -0.04443    -0.00196     0.00000     0.00000    -0.02259     0.09036     0.00000
     1.93000     0.04852    -0.04419    -0.00196     0.00000     0.00000    -0.02251     0.09004     0.00000
     1.93500     0.04827    -0.04395    -0.00196     0.00000     0.00000    -0.02243     0.08973     0.00000
     1.94000     0.04802    -0.04370    -0.00195     0.00000     0.00000    -0.02235     0.08941     0.00000
     1.94500     0.04777    -0.04346    -0.00195     0.00000     0.00000    -0.02227     0.08909     0.00000
     1.95000     0.04752    -0.04323    -0.00195     0.00000     0.00000    -0.02220     0.08878     0.00000
     1.95500     0.04728    -0.04299    -0.00195     0.00000     0.00000    -0.02212     0.08847     0.00000
     1.96000     0.04704    -0.04276    -0.00195     0.00000     0.00000    -0.02204     0.08816     0.00000
     1.96500     0.04680    -0.04252    -0.00194     0.00000     0.00000    -0.02196     0.08785     0.00000
     1.97000     0.04656    -0.04229    -0.00194     0.00000     0.00000    -0.02189     0.08754     0.00000
     1.97500     0.04632    -0.04206    -0.00194     0.00000     0.00000    -0.02181     0.08724     0.00000
     1.98000     0.04608    -0.04183    -0.00193     0.00000     0.00000    -0.02173     0.08693     0.00000
     1.98500     0.04585    -0.04161    -0.00193     0.00000     0.00000    -0.02166     0.08663     0.00000
     1.99000     0.04562    -0.04138    -0.00193     0.00000     0.00000    -0.02158     0.08633     0.00000
     1.99500     0.04538    -0.04116    -0.00193     0.00000     0.00000    -0.02151     0.08603     0.00000
     2.00000     0.04515    -0.04094    -0.00192     0.00000     0.00000    -0.02143     0.08573     0.00000
     2.00500     0.04493    -0.04072    -0.00192     0.00000     0.00000    -0.02136     0.08544     0.00000
     2.01000     0.04470    -0.04050    -0.00192     0.00000     0.00000    -0.02129     0.08514     0.00000
     2.01500     0.04447    -0.04028    -0.00191     0.00000     0.00000    -0.02121     0.08485     0.00000
     2.02000     0.04425    -0.04007    -0.00191     0.00000     0.00000    -0.02114     0.08456     0.00000
     2.02500     0.04403    -0.03985    -0.00191     0.00000     0.00000    -0.02107     0.08427     0.00000
     2.03000     0.04380    -0.03964    -0.00191     0.00000     0.00000    -0.02100     0.08398     0.00000
     2.03500     0.04358    -0.03943    -0.00190     0.00000     0.00000    -0.02092     0.08369     0.00000
     2.04000     0.04337    -0.03922    -0.00190     0.00000     0.00000    -0.02085     0.08341     0.00000
     2.04500     0.04315    -0.03901    -0.00190     0.00000     0.00000    -0.02078     0.08312     0.00000
     2.05000     0.04293    -0.03880    -0.00189     0.00000     0.00000    -0.02071     0.08284     0.00000
     2.05500     0.04272    -0.03860    -0.00189     0.00000     0.00000    -0.02064     0.08256     0.00000
     2.06000     0.04251    -0.03839    -0.00189     0.00000     0.00000    -0.02057     0.08228     0.00000
     2.06500     0.04229    -0.03819    -0.00188     0.00000     0.00000    -0.02050     0.08200     0.00000
     2.07000     0.04208    -0.03799    -0.00188     0.00000     0.00000    -0.02043     0.08173     0.00000
     2.07500     0.04187    -0.03779    -0.00188     0.00000     0.00000    -0.02036     0.08145     0.00000
     2.08000     0.04167    -0.03759    -0.00187     0.00000     0.00000    -0.02029     0.08118     0.00000
     2.08500     0.04146    -0.03740    -0.00187     0.00000     0.00000    -0.02023     0.08090     0.00000
     2.09000     0.04126    -0.03720    -0.00187     0.00000     0.00000    -0.02016     0.08063     0.00000
     2.09500     0.04105    -0.03701    -0.00186     0.00000     0.00000    -0.02009     0.08036     0.00000
     2.10000     0.04085    -0.03681    -0.00186     0.00000     0.00000    -0.02002     0.08009     0.00000
     2.10500     0.04065    -0.03662    -0.00186     0.00000     0.00000    -0.01996     0.07983     0.00000
     2.11000     0.04045    -0.03643    -0.00185     0.00000     0.00000    -0.01989     0.07956     0.00000
     2.11500     0.04025    -0.03624    -0.00185     0.00000     0.00000    -0.01982     0.07930     0.00000
     2.12000     0.04005    -0.03605    -0.00185     0.00000     0.00000    -0.01976     0.07903     0.00000
     2.12500     0.03986    -0.03587    -0.00184     0.00000     0.00000    -0.01969     0.07877     0.00000
     2.13000     0.03966    -0.03568    -0.00184     0.00000     0.00000    -0.01963     0.07851     0.00000
     2.13500     0.03947    -0.03550    -0.00184     0.00000     0.00000    -0.01956     0.07825     0.00000
     2.14000     0.03927    -0.03531    -0.00183     0.00000     0.00000    -0.01950     0.07799     0.00000
     2.14500     0.03908    -0.03513    -0.00183     0.00000     0.00000    -0.01943     0.07774     0.00000
     2.15000     0.03889    -0.03495    -0.00183     0.00000     0.00000    -0.01937     0.07748     0.00000
     2.15500     0.03870    -0.03477    -0.00182     0.00000     0.00000    -0.01931     0.07723     0.00000
     2.16000     0.03851    -0.03459    -0.00182     0.00000     0.00000    -0.01924     0.07697     0.00000
     2.16500     0.03833    -0.03442    -0.00182     0.00000     0.00000    -0.01918     0.07672     0.00000
     2.17000     0.03814    -0.03424    -0.00181     0.00000     0.00000    -0.01912     0.07647     0.00000
     2.17500     0.03796    -0.03407    -0.00181     0.00000     0.00000    -0.01906     0.07622     0.00000
     2.18000     0.03777    -0.03389    -0.00180     0.00000     0.00000    -0.01899     0.07597     0.00000
     2.18500     0.03759    -0.03372    -0.00180     0.00000     0.00000    -0.01893     0.07573     0.00000
     2.19000     0.03741    -0.03355    -0.00180     0.00000     0.00000    -0.01887     0.07548     0.00000
     2.19500     0.03723    -0.03338    -0.00179     0.00000     0.00000    -0.01881     0.07524     0.00000
     2.20000     0.03705    -0.03321    -0.00179     0.00000     0.00000    -0.01875     0.07499     0.00000
     2.20500     0.03687    -0.03304    -0.00179     0.00000     0.00000    -0.01869     0.07475     0.00000
     2.21000     0.03670    -0.03288    -0.00178     0.00000     0.00000    -0.01863     0.07451     0.00000
     2.21500     0.03652    -0.03271    -0.00178     0.00000     0.00000    -0.01857     0.07427     0.00000
     2.22000     0.03635    -0.03255    -0.00178     0.00000     0.00000    -0.01851     0.07403     0.00000
     2.22500     0.03617    -0.03238    -0.00177     0.00000     0.00000    -0.01845     0.07379     0.00000
     2.23000     0.03600    -0.03222    -0.00177     0.00000     0.00000    -0.01839     0.07356     0.00000
     2.23500     0.03583    -0.03206    -0.00176     0.00000     0.00000    -0.01833     0.07332     0.00000
     2.24000     0.03566    -0.03190    -0.00176     0.00000     0.00000    -0.01827     0.07309     0.00000
     2.24500     0.03549    -0.03174    -0.00176     0.00000     0.00000    -0.01821     0.07286     0.00000
     2.25000     0.03532    -0.03158    -0.00175     0.00000     0.00000    -0.01816     0.07262     0.00000
     2.25500     0.03515    -0.03142    -0.00175     0.00000     0.00000    -0.01810     0.07239     0.00000
     2.26000     0.03499    -0.03127    -0.00175     0.00000     0.00000    -0.01804     0.07216     0.00000
     2.26500     0.03482    -0.03111    -0.00174     0.00000     0.00000    -0.01798     0.07193     0.00000
     2.27000     0.03466    -0.03096    -0.00174     0.00000     0.00000    -0.01793     0.07171     0.00000
     2.27500     0.03449    -0.03081    -0.00173     0.00000     0.00000    -0.01787     0.07148     0.00000
     2.28000     0.03433    -0.03065    -0.00173     0.00000     0.00000    -0.01781     0.07126     0.00000
     2.28500     0.03417    -0.03050    -0.00173     0.00000     0.00000    -0.01776     0.07103     0.00000
     2.29000     0.03401    -0.03035    -0.00172     0.00000     0.00000    -0.01770     0.07081     0.00000
     2.29500     0.03385    -0.03020    -0.00172     0.00000     0.00000    -0.01765     0.07059     0.00000
     2.30000     0.03369    -0.03005    -0.00172     0.00000     0.00000    -0.01759     0.07037     0.00000
     2.30500     0.03353    -0.02991    -0.00171     0.00000     0.00000    -0.01754     0.07015     0.00000
     2.31000     0.03338    -0.02976    -0.00171     0.00000     0.00000    -0.01748     0.06993     0.00000
     2.31500     0.03322    -0.02961    -0.00170     0.00000     0.00000    -0.01743     0.06971     0.00000
     2.32000     0.03307    -0.02947    -0.00170     0.00000     0.00000    -0.01737     0.06949     0.00000
     2.32500     0.03291    -0.02933    -0.00170     0.00000     0.00000    -0.01732     0.06928     0.00000
     2.33000     0.03276    -0.02918    -0.00169     0.00000     0.00000    -0.01727     0.06906     0.00000
     2.33500     0.03261    -0.02904    -0.00169     0.00000     0.00000    -0.01721     0.06885     0.00000
     2.34000     0.03246    -0.02890    -0.00169     0.00000     0.00000    -0.01716     0.06863     0.00000
     2.34500     0.03230    -0.02876    -0.00168     0.00000     0.00000    -0.01711     0.06842     0.00000
     2.35000     0.03216    -0.02862    -0.00168     0.00000     0.00000    -0.01705     0.06821     0.00000
     2.35500     0.03201    -0.02848    -0.00167     0.00000     0.00000    -0.01700     0.06800     0.00000
     2.36000     0.03186    -0.02834    -0.00167     0.00000     0.00000    -0.01695     0.06779     0.00000
     2.36500     0.03171    -0.02821    -0.00167     0.00000     0.00000    -0.01690     0.06758     0.00000
     2.37000     0.03157    -0.02807    -0.00166     0.00000     0.00000    -0.01684     0.06738     0.00000
     2.37500     0.03142    -0.02794    -0.00166     0.00000     0.00000    -0.01679     0.06717     0.00000
     2.38000     0.03128    -0.02780    -0.00166     0.00000     0.00000    -0.01674     0.06696     0.00000
     2.38500     0.03113    -0.02767    -0.00165     0.00000     0.00000    -0.01669     0.06676     0.00000
     2.39000     0.03099    -0.02754    -0.00165     0.00000     0.00000    -0.01664     0.06656     0.00000
     2.39500     0.03085    -0.02741    -0.00164     0.00000     0.00000    -0.01659     0.06635     0.00000
     2.40000     0.03071    -0.02727    -0.00164     0.00000     0.00000    -0.01654     0.06615     0.00000
     2.40500     0.03057    -0.02714    -0.00164     0.00000     0.00000    -0.01649     0.06595     0.00000
     2.41000     0.03043    -0.02701    -0.00163     0.00000     0.00000    -0.01644     0.06575     0.00000
     2.41500     0.03029    -0.02689    -0.00163     0.00000     0.00000    -0.01639     0.06555     0.00000
     2.42000     0.03015    -0.02676    -0.00163     0.00000     0.00000    -0.01634     0.06536     0.00000
     2.42500     0.03001    -0.02663    -0.00162     0.00000     0.00000    -0.01629     0.06516     0.00000
     2.43000     0.02988    -0.02651    -0.00162     0.00000     0.00000    -0.01624     0.06496     0.00000
     2.43500     0.02974    -0.02638    -0.00161     0.00000     0.00000    -0.01619     0.06477     0.00000
     2.44000     0.02961    -0.02626    -0.00161     0.00000     0.00000    -0.01614     0.06457     0.00000
     2.44500     0.02947    -0.02613    -0.00161     0.00000     0.00000    -0.01609     0.06438     0.00000
     2.45000     0.02934    -0.02601    -0.00160     0.00000     0.00000    -0.01605     0.06419     0.00000
     2.45500     0.02921    -0.02589    -0.00160     0.00000     0.00000    -0.01600     0.06400     0.00000
     2.46000     0.02907    -0.02576    -0.00160     0.00000     0.00000    -0.01595     0.06380     0.00000
     2.46500     0.02894    -0.02564    -0.00159     0.00000     0.00000    -0.01590     0.06361     0.00000
     2.47000     0.02881    -0.02552    -0.00159     0.00000     0.00000    -0.01586     0.06343     0.00000
     2.47500     0.02868    -0.02540    -0.00158     0.00000     0.00000    -0.01581     0.06324     0.00000
     2.48000     0.02855    -0.02528    -0.00158     0.00000     0.00000    -0.01576     0.06305     0.00000
     2.48500     0.02843    -0.02517    -0.00158     0.00000     0.00000    -0.01572     0.06286     0.00000
     2.49000     0.02830    -0.02505    -0.00157     0.00000     0.00000    -0.01567     0.06268     0.00000
     2.49500     0.02817    -0.02493    -0.00157     0.00000     0.00000    -0.01562     0.06249     0.00000
     2.50000     0.02805    -0.02482    -0.00157     0.00000     0.00000    -0.01558     0.06231     0.00000
     2.50500     0.02792    -0.02470    -0.00156     0.00000     0.00000    -0.01553     0.06212     0.00000
     2.51000     0.02780    -0.02459    -0.00156     0.00000     0.00000    -0.01549     0.06194     0.00000
     2.51500     0.02767    -0.02447    -0.00156     0.00000     0.00000    -0.01544     0.06176     0.00000
     2.52000     0.02755    -0.02436    -0.00155     0.00000     0.00000    -0.01539     0.06158     0.00000
     2.52500     0.02743    -0.02425    -0.00155     0.00000     0.00000    -0.01535     0.06140     0.00000
     2.53000     0.02731    -0.02414    -0.00154     0.00000     0.00000    -0.01531     0.06122     0.00000
     2.53500     0.02718    -0.02402    -0.00154     0.00000     0.00000    -0.01526     0.06104     0.00000
     2.54000     0.02706    -0.02391    -0.00154     0.00000     0.00000    -0.01522     0.06086     0.00000
     2.54500     0.02694    -0.02380    -0.00153     0.00000     0.00000    -0.01517     0.06069     0.00000
     2.55000     0.02682    -0.02369    -0.00153     0.00000     0.00000    -0.01513     0.06051     0.00000
     2.55500     0.02671    -0.02359    -0.00153     0.00000     0.00000    -0.01508     0.06033     0.00000
     2.56000     0.02659    -0.02348    -0.00152     0.00000     0.00000    -0.01504     0.06016     0.00000
     2.56500     0.02647    -0.02337    -0.00152     0.00000     0.00000    -0.01500     0.05999     0.00000
     2.57000     0.02635    -0.02326    -0.00152     0.00000     0.00000    -0.01495     0.05981     0.00000
     2.57500     0.02624    -0.02316    -0.00151     0.00000     0.00000    -0.01491     0.05964     0.00000
     2.58000     0.02612    -0.02305    -0.00151     0.00000     0.00000    -0.01487     0.05947     0.00000
     2.58500     0.02601    -0.02295    -0.00150     0.00000     0.00000    -0.01482     0.05930     0.00000
     2.59000     0.02590    -0.02284    -0.00150     0.00000     0.00000    -0.01478     0.05913     0.00000
     2.59500     0.02578    -0.02274    -0.00150     0.00000     0.00000    -0.01474     0.05896     0.00000
     2.60000     0.02567    -0.02264    -0.00149     0.00000     0.00000    -0.01470     0.05879     0.00000
     2.60500     0.02556    -0.02253    -0.00149     0.00000     0.00000    -0.01466     0.05862     0.00000
     2.61000     0.02545    -0.02243    -0.00149     0.00000     0.00000    -0.01461     0.05845     0.00000
     2.61500     0.02533    -0.02233    -0.00148     0.00000     0.00000    -0.01457     0.05829     0.00000
     2.62000     0.02522    -0.02223    -0.00148     0.00000     0.00000    -0.01453     0.05812     0.00000
     2.62500     0.02511    -0.02213    -0.00148     0.00000     0.00000    -0.01449     0.05796     0.00000
     2.63000     0.02501    -0.02203    -0.00147     0.00000     0.00000    -0.01445     0.05779     0.00000
     2.63500     0.02490    -0.02193    -0.00147     0.00000     0.00000    -0.01441     0.05763     0.00000
     2.64000     0.02479    -0.02183    -0.00147     0.00000     0.00000    -0.01437     0.05747     0.00000
     2.64500     0.02468    -0.02174    -0.00146     0.00000     0.00000    -0.01433     0.05730     0.00000
     2.65000     0.02457    -0.02164    -0.00146     0.00000     0.00000    -0.01429     0.05714     0.00000
     2.65500     0.02447    -0.02154    -0.00146     0.00000     0.00000    -0.01424     0.05698     0.00000
     2.66000     0.02436    -0.02145    -0.00145     0.00000     0.00000    -0.01420     0.05682     0.00000
     2.66500     0.02426    -0.02135    -0.00145     0.00000     0.00000    -0.01416     0.05666     0.00000
     2.67000     0.02415    -0.02125    -0.00145     0.00000     0.00000    -0.01413     0.05650     0.00000
     2.67500     0.02405    -0.02116    -0.00144     0.00000     0.00000    -0.01409     0.05634     0.00000
     2.68000     0.02395    -0.02107    -0.00144     0.00000     0.00000    -0.01405     0.05618     0.00000
     2.68500     0.02384    -0.02097    -0.00144     0.00000     0.00000    -0.01401     0.05603     0.00000
     2.69000     0.02374    -0.02088    -0.00143     0.00000     0.00000    -0.01397     0.05587     0.00000
     2.69500     0.02364    -0.02079    -0.00143     0.00000     0.00000    -0.01393     0.05572     0.00000
     2.70000     0.02354    -0.02070    -0.00142     0.00000     0.00000    -0.01389     0.05556     0.00000
     2.70500     0.02344    -0.02060    -0.00142     0.00000     0.00000    -0.01385     0.05541     0.00000
     2.71000     0.02334    -0.02051    -0.00142     0.00000     0.00000    -0.01381     0.05525     0.00000
     2.71500     0.02324    -0.02042    -0.00141     0.00000     0.00000    -0.01377     0.05510     0.00000
     2.72000     0.02314    -0.02033    -0.00141     0.00000     0.00000    -0.01374     0.05495     0.00000
     2.72500     0.02304    -0.02024    -0.00141     0.00000     0.00000    -0.01370     0.05480     0.00000
     2.73000     0.02294    -0.02016    -0.00140     0.00000     0.00000    -0.01366     0.05464     0.00000
     2.73500     0.02285    -0.02007    -0.00140     0.00000     0.00000    -0.01362     0.05449     0.00000
     2.74000     0.02275    -0.01998    -0.00140     0.00000     0.00000    -0.01359     0.05434     0.00000
     2.74500     0.02265    -0.01989    -0.00139     0.00000     0.00000    -0.01355     0.05419     0.00000
     2.75000     0.02256    -0.01980    -0.00139     0.00000     0.00000    -0.01351     0.05405     0.00000
     2.75500     0.02246    -0.01972    -0.00139     0.00000     0.00000    -0.01347     0.05390     0.00000
     2.76000     0.02237    -0.01963    -0.00138     0.00000     0.00000    -0.01344     0.05375     0.00000
     2.76500     0.02227    -0.01955    -0.00138     0.00000     0.00000    -0.01340     0.05360     0.00000
     2.77000     0.02218    -0.01946    -0.00138     0.00000     0.00000    -0.01336     0.05346     0.00000
     2.77500     0.02208    -0.01938    -0.00137     0.00000     0.00000    -0.01333     0.05331     0.00000
     2.78000     0.02199    -0.01929    -0.00137     0.00000     0.00000    -0.01329     0.05317     0.00000
     2.78500     0.02190    -0.01921    -0.00137     0.00000     0.00000    -0.01326     0.05302     0.00000
     2.79000     0.02181    -0.01913    -0.00137     0.00000     0.00000    -0.01322     0.05288     0.00000
     2.79500     0.02171    -0.01904    -0.00136     0.00000     0.00000    -0.01318     0.05273     0.00000
     2.80000     0.02162    -0.01896    -0.00136     0.00000     0.00000    -0.01315     0.05259     0.00000
     2.80500     0.02153    -0.01888    -0.00136     0.00000     0.00000    -0.01311     0.05245     0.00000
     2.81000     0.02144    -0.01880    -0.00135     0.00000     0.00000    -0.01308     0.05231     0.00000
     2.81500     0.02135    -0.01872    -0.00135     0.00000     0.00000    -0.01304     0.05217     0.00000
     2.82000     0.02126    -0.01864    -0.00135     0.00000     0.00000    -0.01301     0.05203     0.00000
     2.82500     0.02118    -0.01856    -0.00134     0.00000     0.00000    -0.01297     0.05189     0.00000
     2.83000     0.02109    -0.01848    -0.00134     0.00000     0.00000    -0.01294     0.05175     0.00000
     2.83500     0.02100    -0.01840    -0.00134     0.00000     0.00000    -0.01290     0.05161     0.00000
     2.84000     0.02091    -0.01832    -0.00133     0.00000     0.00000    -0.01287     0.05147     0.00000
     2.84500     0.02083    -0.01824    -0.00133     0.00000     0.00000    -0.01283     0.05133     0.00000
     2.85000     0.02074    -0.01817    -0.00133     0.00000     0.00000    -0.01280     0.05119     0.00000
     2.85500     0.02065    -0.01809    -0.00132     0.00000     0.00000    -0.01276     0.05106     0.00000
     2.86000     0.02057    -0.01801    -0.00132     0.00000     0.00000    -0.01273     0.05092     0.00000
     2.86500     0.02048    -0.01793    -0.00132     0.00000     0.00000    -0.01270     0.05079     0.00000
     2.87000     0.02040    -0.01786    -0.00131     0.00000     0.00000    -0.01266     0.05065     0.00000
     2.87500     0.02031    -0.01778    -0.00131     0.00000     0.00000    -0.01263     0.05052     0.00000
     2.88000     0.02023    -0.01771    -0.00131     0.00000     0.00000    -0.01260     0.05038     0.00000
     2.88500     0.02015    -0.01763    -0.00131     0.00000     0.00000    -0.01256     0.05025     0.00000
     2.89000     0.02006    -0.01756    -0.00130     0.00000     0.00000    -0.01253     0.05012     0.00000
     2.89500     0.01998    -0.01748    -0.00130     0.00000     0.00000    -0.01250     0.04999     0.00000
     2.90000     0.01990    -0.01741    -0.00130     0.00000     0.00000    -0.01246     0.04985     0.00000
     2.90500     0.01982    -0.01734    -0.00129     0.00000     0.00000    -0.01243     0.04972     0.00000
     2.91000     0.01974    -0.01726    -0.00129     0.00000     0.00000    -0.01240     0.04959     0.00000
     2.91500     0.01966    -0.01719    -0.00129     0.00000     0.00000    -0.01237     0.04946     0.00000
     2.92000     0.01957    -0.01712    -0.00128     0.00000     0.00000    -0.01233     0.04933     0.00000
     2.92500     0.01949    -0.01705    -0.00128     0.00000     0.00000    -0.01230     0.04920     0.00000
     2.93000     0.01942    -0.01698    -0.00128     0.00000     0.00000    -0.01227     0.04907     0.00000
     2.93500     0.01934    -0.01691    -0.00128     0.00000     0.00000    -0.01224     0.04895     0.00000
     2.94000     0.01926    -0.01684    -0.00127     0.00000     0.00000    -0.01220     0.04882     0.00000
     2.94500     0.01918    -0.01677    -0.00127     0.00000     0.00000    -0.01217     0.04869     0.00000
     2.95000     0.01910    -0.01670    -0.00127     0.00000     0.00000    -0.01214     0.04856     0.00000
     2.95500     0.01902    -0.01663    -0.00126     0.00000     0.00000    -0.01211     0.04844     0.00000
     2.96000     0.01895    -0.01656    -0.00126     0.00000     0.00000    -0.01208     0.04831     0.00000
     2.96500     0.01887    -0.01649    -0.00126     0.00000     0.00000    -0.01205     0.04819     0.00000
     2.97000     0.01879    -0.01642    -0.00125     0.00000     0.00000    -0.01202     0.04806     0.00000
     2.97500     0.01872    -0.01635    -0.00125     0.00000     0.00000    -0.01198     0.04794     0.00000
     2.98000     0.01864    -0.01628    -0.00125     0.00000     0.00000    -0.01195     0.04781     0.00000
     2.98500     0.01857    -0.01622    -0.00125     0.00000     0.00000    -0.01192     0.04769     0.00000
     2.99000     0.01849    -0.01615    -0.00124     0.00000     0.00000    -0.01189     0.04757     0.00000
     2.99500     0.01842    -0.01608    -0.00124     0.00000     0.00000    -0.01186     0.04745     0.00000
     3.00000     0.01834    -0.01602    -0.00124     0.00000     0.00000    -0.01183     0.04732     0.00000
     3.00500     0.01827    -0.01595    -0.00123     0.00000     0.00000    -0.01180     0.04720     0.00000
     3.01000     0.01819    -0.01589    -0.00123     0.00000     0.00000    -0.01177     0.04708     0.00000
     3.01500     0.01812    -0.01582    -0.00123     0.00000     0.00000    -0.01174     0.04696     0.00000
     3.02000     0.01805    -0.01576    -0.00123     0.00000     0.00000    -0.01171     0.04684     0.00000
     3.02500     0.01798    -0.01569    -0.00122     0.00000     0.00000    -0.01168     0.04672     0.00000
     3.03000     0.01790    -0.01563    -0.00122     0.00000     0.00000    -0.01165     0.04660     0.00000
     3.03500     0.01783    -0.01556    -0.00122     0.00000     0.00000    -0.01162     0.04648     0.00000
     3.04000     0.01776    -0.01550    -0.00121     0.00000     0.00000    -0.01159     0.04637     0.00000
     3.04500     0.01769    -0.01544    -0.00121     0.00000     0.00000    -0.01156     0.04625     0.00000
     3.05000     0.01762    -0.01537    -0.00121     0.00000     0.00000    -0.01153     0.04613     0.00000
     3.05500     0.01755    -0.01531    -0.00121     0.00000     0.00000    -0.01150     0.04601     0.00000
     3.06000     0.01748    -0.01525    -0.00120     0.00000     0.00000    -0.01147     0.04590     0.00000
     3.06500     0.01741    -0.01519    -0.00120     0.00000     0.00000    -0.01145     0.04578     0.00000
     3.07000     0.01734    -0.01512    -0.00120     0.00000     0.00000    -0.01142     0.04567     0.00000
     3.07500     0.01727    -0.01506    -0.00119     0.00000     0.00000    -0.01139     0.04555     0.00000
     3.08000     0.01720    -0.01500    -0.00119     0.00000     0.00000    -0.01136     0.04544     0.00000
     3.08500     0.01713    -0.01494    -0.00119     0.00000     0.00000    -0.01133     0.04532     0.00000
     3.09000     0.01707    -0.01488    -0.00119     0.00000     0.00000    -0.01130     0.04521     0.00000
     3.09500     0.01700    -0.01482    -0.00118     0.00000     0.00000    -0.01127     0.04510     0.00000
     3.10000     0.01693    -0.01476    -0.00118     0.00000     0.00000    -0.01125     0.04498     0.00000
     3.10500     0.01686    -0.01470    -0.00118     0.00000     0.00000    -0.01122     0.04487     0.00000
     3.11000     0.01680    -0.01464    -0.00118     0.00000     0.00000    -0.01119     0.04476     0.00000
     3.11500     0.01673    -0.01458    -0.00117     0.00000     0.00000    -0.01116     0.04465     0.00000
     3.12000     0.01667    -0.01453    -0.00117     0.00000     0.00000    -0.01113     0.04454     0.00000
     3.12500     0.01660    -0.01447    -0.00117     0.00000     0.00000    -0.01111     0.04442     0.00000
     3.13000     0.01654    -0.01441    -0.00117     0.00000     0.00000    -0.01108     0.04431     0.00000
     3.13500     0.01647    -0.01435    -0.00116     0.00000     0.00000    -0.01105     0.04420     0.00000
     3.14000     0.01641    -0.01429    -0.00116     0.00000     0.00000    -0.01102     0.04409     0.00000
     3.14500     0.01634    -0.01424    -0.00116     0.00000     0.00000    -0.01100     0.04399     0.00000
     3.15000     0.01628    -0.01418    -0.00115     0.00000     0.00000    -0.01097     0.04388     0.00000
     3.15500     0.01621    -0.01412    -0.00115     0.00000     0.00000    -0.01094     0.04377     0.00000
     3.16000     0.01615    -0.01407    -0.00115     0.00000     0.00000    -0.01092     0.04366     0.00000
     3.16500     0.01609    -0.01401    -0.00115     0.00000     0.00000    -0.01089     0.04355     0.00000
     3.17000     0.01602    -0.01396    -0.00114     0.00000     0.00000    -0.01086     0.04345     0.00000
     3.17500     0.01596    -0.01390    -0.00114     0.00000     0.00000    -0.01083     0.04334     0.00000
     3.18000     0.01590    -0.01385    -0.00114     0.00000     0.00000    -0.01081     0.04323     0.00000
     3.18500     0.01584    -0.01379    -0.00114     0.00000     0.00000    -0.01078     0.04313     0.00000
     3.19000     0.01578    -0.01374    -0.00113     0.00000     0.00000    -0.01076     0.04302     0.00000
     3.19500     0.01571    -0.01368    -0.00113     0.00000     0.00000    -0.01073     0.04292     0.00000
     3.20000     0.01565    -0.01363    -0.00113     0.00000     0.00000    -0.01070     0.04281     0.00000
     3.20500     0.01559    -0.01358    -0.00113     0.00000     0.00000    -0.01068     0.04271     0.00000
     3.21000     0.01553    -0.01352    -0.00112     0.00000     0.00000    -0.01065     0.04260     0.00000
     3.21500     0.01547    -0.01347    -0.00112     0.00000     0.00000    -0.01062     0.04250     0.00000
     3.22000     0.01541    -0.01342    -0.00112     0.00000     0.00000    -0.01060     0.04240     0.00000
     3.22500     0.01535    -0.01336    -0.00112     0.00000     0.00000    -0.01057     0.04229     0.00000
     3.23000     0.01529    -0.01331    -0.00111     0.00000     0.00000    -0.01055     0.04219     0.00000
     3.23500     0.01523    -0.01326    -0.00111     0.00000     0.00000    -0.01052     0.04209     0.00000
     3.24000     0.01518    -0.01321    -0.00111     0.00000     0.00000    -0.01050     0.04199     0.00000
     3.24500     0.01512    -0.01316    -0.00111     0.00000     0.00000    -0.01047     0.04188     0.00000
     3.25000     0.01506    -0.01310    -0.00110     0.00000     0.00000    -0.01045     0.04178     0.00000
     3.25500     0.01500    -0.01305    -0.00110     0.00000     0.00000    -0.01042     0.04168     0.00000
     3.26000     0.01494    -0.01300    -0.00110     0.00000     0.00000    -0.01040     0.04158     0.00000
     3.26500     0.01489    -0.01295    -0.00110     0.00000     0.00000    -0.01037     0.04148     0.00000
     3.27000     0.01483    -0.01290    -0.00109     0.00000     0.00000    -0.01035     0.04138     0.00000
     3.27500     0.01477    -0.01285    -0.00109     0.00000     0.00000    -0.01032     0.04128     0.00000
     3.28000     0.01472    -0.01280    -0.00109     0.00000     0.00000    -0.01030     0.04118     0.00000
     3.28500     0.01466    -0.01275    -0.00109     0.00000     0.00000    -0.01027     0.04109     0.00000
     3.29000     0.01460    -0.01270    -0.00108     0.00000     0.00000    -0.01025     0.04099     0.00000
     3.29500     0.01455    -0.01265    -0.00108     0.00000     0.00000    -0.01022     0.04089     0.00000
     3.30000     0.01449    -0.01260    -0.00108     0.00000     0.00000    -0.01020     0.04079     0.00000
     3.30500     0.01444    -0.01256    -0.00108     0.00000     0.00000    -0.01017     0.04070     0.00000
     3.31000     0.01438    -0.01251    -0.00107     0.00000     0.00000    -0.01015     0.04060     0.00000
     3.31500     0.01433    -0.01246    -0.00107     0.00000     0.00000    -0.01013     0.04050     0.00000
     3.32000     0.01427    -0.01241    -0.00107     0.00000     0.00000    -0.01010     0.04041     0.00000
     3.32500     0.01422    -0.01236    -0.00107     0.00000     0.00000    -0.01008     0.04031     0.00000
     3.33000     0.01416    -0.01232    -0.00107     0.00000     0.00000    -0.01005     0.04022     0.00000
     3.33500     0.01411    -0.01227    -0.00106     0.00000     0.00000    -0.01003     0.04012     0.00000
     3.34000     0.01406    -0.01222    -0.00106     0.00000     0.00000    -0.01001     0.04003     0.00000
     3.34500     0.01400    -0.01217    -0.00106     0.00000     0.00000    -0.00998     0.03993     0.00000
     3.35000     0.01395    -0.01213    -0.00106     0.00000     0.00000    -0.00996     0.03984     0.00000
     3.35500     0.01390    -0.01208    -0.00105     0.00000     0.00000    -0.00994     0.03974     0.00000
     3.36000     0.01384    -0.01204    -0.00105     0.00000     0.00000    -0.00991     0.03965     0.00000
     3.36500     0.01379    -0.01199    -0.00105     0.00000     0.00000    -0.00989     0.03956     0.00000
     3.37000     0.01374    -0.01194    -0.00105     0.00000     0.00000    -0.00987     0.03946     0.00000
     3.37500     0.01369    -0.01190    -0.00104     0.00000     0.00000    -0.00984     0.03937     0.00000
     3.38000     0.01364    -0.01185    -0.00104     0.00000     0.00000    -0.00982     0.03928     0.00000
     3.38500     0.01359    -0.01181    -0.00104     0.00000     0.00000    -0.00980     0.03919     0.00000
     3.39000     0.01354    -0.01176    -0.00104     0.00000     0.00000    -0.00977     0.03910     0.00000
     3.39500     0.01348    -0.01172    -0.00104     0.00000     0.00000    -0.00975     0.03900     0.00000
     3.40000     0.01343    -0.01168    -0.00103     0.00000     0.00000    -0.00973     0.03891     0.00000
     3.40500     0.01338    -0.01163    -0.00103     0.00000     0.00000    -0.00971     0.03882     0.00000
     3.41000     0.01333    -0.01159    -0.00103     0.00000     0.00000    -0.00968     0.03873     0.00000
     3.41500     0.01328    -0.01154    -0.00103     0.00000     0.00000    -0.00966     0.03864     0.00000
     3.42000     0.01323    -0.01150    -0.00102     0.00000     0.00000    -0.00964     0.03855     0.00000
     3.42500     0.01318    -0.01146    -0.00102     0.00000     0.00000    -0.00962     0.03846     0.00000
     3.43000     0.01313    -0.01141    -0.00102     0.00000     0.00000    -0.00959     0.03838     0.00000
     3.43500     0.01309    -0.01137    -0.00102     0.00000     0.00000    -0.00957     0.03829     0.00000
     3.44000     0.01304    -0.01133    -0.00102     0.00000     0.00000    -0.00955     0.03820     0.00000
     3.44500     0.01299    -0.01129    -0.00101     0.00000     0.00000    -0.00953     0.03811     0.00000
     3.45000     0.01294    -0.01124    -0.00101     0.00000     0.00000    -0.00951     0.03802     0.00000
     3.45500     0.01289    -0.01120    -0.00101     0.00000     0.00000    -0.00948     0.03794     0.00000
     3.46000     0.01284    -0.01116    -0.00101     0.00000     0.00000    -0.00946     0.03785     0.00000
     3.46500     0.01280    -0.01112    -0.00100     0.00000     0.00000    -0.00944     0.03776     0.00000
     3.47000     0.01275    -0.01108    -0.00100     0.00000     0.00000    -0.00942     0.03768     0.00000
     3.47500     0.01270    -0.01103    -0.00100     0.00000     0.00000    -0.00940     0.03759     0.00000
     3.48000     0.01265    -0.01099    -0.00100     0.00000     0.00000    -0.00938     0.03750     0.00000
     3.48500     0.01261    -0.01095    -0.00100     0.00000     0.00000    -0.00935     0.03742     0.00000
     3.49000     0.01256    -0.01091    -0.00099     0.00000     0.00000    -0.00933     0.03733     0.00000
     3.49500     0.01251    -0.01087    -0.00099     0.00000     0.00000    -0.00931     0.03725     0.00000
     3.50000     0.01247    -0.01083    -0.00099     0.00000     0.00000    -0.00929     0.03716     0.00000
     3.50500     0.01242    -0.01079    -0.00099     0.00000     0.00000    -0.00927     0.03708     0.00000
     3.51000     0.01238    -0.01075    -0.00099     0.00000     0.00000    -0.00925     0.03699     0.00000
     3.51500     0.01233    -0.01071    -0.00098     0.00000     0.00000    -0.00923     0.03691     0.00000
     3.52000     0.01229    -0.01067    -0.00098     0.00000     0.00000    -0.00921     0.03683     0.00000
     3.52500     0.01224    -0.01063    -0.00098     0.00000     0.00000    -0.00919     0.03674     0.00000
     3.53000     0.01220    -0.01059    -0.00098     0.00000     0.00000    -0.00916     0.03666     0.00000
     3.53500     0.01215    -0.01055    -0.00098     0.00000     0.00000    -0.00914     0.03658     0.00000
     3.54000     0.01211    -0.01051    -0.00097     0.00000     0.00000    -0.00912     0.03649     0.00000
     3.54500     0.01206    -0.01048    -0.00097     0.00000     0.00000    -0.00910     0.03641     0.00000
     3.55000     0.01202    -0.01044    -0.00097     0.00000     0.00000    -0.00908     0.03633     0.00000
     3.55500     0.01197    -0.01040    -0.00097     0.00000     0.00000    -0.00906     0.03625     0.00000
     3.56000     0.01193    -0.01036    -0.00097     0.00000     0.00000    -0.00904     0.03617     0.00000
     3.56500     0.01189    -0.01032    -0.00096     0.00000     0.00000    -0.00902     0.03609     0.00000
     3.57000     0.01184    -0.01028    -0.00096     0.00000     0.00000    -0.00900     0.03601     0.00000
     3.57500     0.01180    -0.01025    -0.00096     0.00000     0.00000    -0.00898     0.03592     0.00000
     3.58000     0.01176    -0.01021    -0.00096     0.00000     0.00000    -0.00896     0.03584     0.00000
     3.58500     0.01171    -0.01017    -0.00096     0.00000     0.00000    -0.00894     0.03576     0.00000
     3.59000     0.01167    -0.01014    -0.00095     0.00000     0.00000    -0.00892     0.03568     0.00000
     3.59500     0.01163    -0.01010    -0.00095     0.00000     0.00000    -0.00890     0.03561     0.00000
     3.60000     0.01159    -0.01006    -0.00095     0.00000     0.00000    -0.00888     0.03553     0.00000
     3.60500     0.01154    -0.01003    -0.00095     0.00000     0.00000    -0.00886     0.03545     0.00000
     3.61000     0.01150    -0.00999    -0.00095     0.00000     0.00000    -0.00884     0.03537     0.00000
     3.61500     0.01146    -0.00995    -0.00094     0.00000     0.00000    -0.00882     0.03529     0.00000
     3.62000     0.01142    -0.00992    -0.00094     0.00000     0.00000    -0.00880     0.03521     0.00000
     3.62500     0.01138    -0.00988    -0.00094     0.00000     0.00000    -0.00878     0.03513     0.00000
     3.63000     0.01134    -0.00984    -0.00094     0.00000     0.00000    -0.00876     0.03506     0.00000
     3.63500     0.01130    -0.00981    -0.00094     0.00000     0.00000    -0.00874     0.03498     0.00000
     3.64000     0.01126    -0.00977    -0.00093     0.00000     0.00000    -0.00873     0.03490     0.00000
     3.64500     0.01122    -0.00974    -0.00093     0.00000     0.00000    -0.00871     0.03482     0.00000
     3.65000     0.01117    -0.00970    -0.00093     0.00000     0.00000    -0.00869     0.03475     0.00000
     3.65500     0.01113    -0.00967    -0.00093     0.00000     0.00000    -0.00867     0.03467     0.00000
     3.66000     0.01109    -0.00963    -0.00093     0.00000     0.00000    -0.00865     0.03460     0.00000
     3.66500     0.01105    -0.00960    -0.00092     0.00000     0.00000    -0.00863     0.03452     0.00000
     3.67000     0.01101    -0.00956    -0.00092     0.00000     0.00000    -0.00861     0.03444     0.00000
     3.67500     0.01098    -0.00953    -0.00092     0.00000     0.00000    -0.00859     0.03437     0.00000
     3.68000     0.01094    -0.00950    -0.00092     0.00000     0.00000    -0.00857     0.03429     0.00000
     3.68500     0.01090    -0.00946    -0.00092     0.00000     0.00000    -0.00855     0.03422     0.00000
     3.69000     0.01086    -0.00943    -0.00091     0.00000     0.00000    -0.00854     0.03414     0.00000
     3.69500     0.01082    -0.00939    -0.00091     0.00000     0.00000    -0.00852     0.03407     0.00000
     3.70000     0.01078    -0.00936    -0.00091     0.00000     0.00000    -0.00850     0.03400     0.00000
     3.70500     0.01074    -0.00933    -0.00091     0.00000     0.00000    -0.00848     0.03392     0.00000
     3.71000     0.01070    -0.00929    -0.00091     0.00000     0.00000    -0.00846     0.03385     0.00000
     3.71500     0.01066    -0.00926    -0.00091     0.00000     0.00000    -0.00844     0.03377     0.00000
     3.72000     0.01063    -0.00923    -0.00090     0.00000     0.00000    -0.00843     0.03370     0.00000
     3.72500     0.01059    -0.00919    -0.00090     0.00000     0.00000    -0.00841     0.03363     0.00000
     3.73000     0.01055    -0.00916    -0.00090     0.00000     0.00000    -0.00839     0.03356     0.00000
     3.73500     0.01051    -0.00913    -0.00090     0.00000     0.00000    -0.00837     0.03348     0.00000
     3.74000     0.01048    -0.00910    -0.00090     0.00000     0.00000    -0.00835     0.03341     0.00000
     3.74500     0.01044    -0.00906    -0.00089     0.00000     0.00000    -0.00833     0.03334     0.00000
     3.75000     0.01040    -0.00903    -0.00089     0.00000     0.00000    -0.00832     0.03327     0.00000
     3.75500     0.01037    -0.00900    -0.00089     0.00000     0.00000    -0.00830     0.03320     0.00000
     3.76000     0.01033    -0.00897    -0.00089     0.00000     0.00000    -0.00828     0.03312     0.00000
     3.76500     0.01029    -0.00894    -0.00089     0.00000     0.00000    -0.00826     0.03305     0.00000
     3.77000     0.01026    -0.00891    -0.00089     0.00000     0.00000    -0.00825     0.03298     0.00000
     3.77500     0.01022    -0.00887    -0.00088     0.00000     0.00000    -0.00823     0.03291     0.00000
     3.78000     0.01018    -0.00884    -0.00088     0.00000     0.00000    -0.00821     0.03284     0.00000
     3.78500     0.01015    -0.00881    -0.00088     0.00000     0.00000    -0.00819     0.03277     0.00000
     3.79000     0.01011    -0.00878    -0.00088     0.00000     0.00000    -0.00818     0.03270     0.00000
     3.79500     0.01008    -0.00875    -0.00088     0.00000     0.00000    -0.00816     0.03263     0.00000
     3.80000     0.01004    -0.00872    -0.00088     0.00000     0.00000    -0.00814     0.03256     0.00000
     3.80500     0.01000    -0.00869    -0.00087     0.00000     0.00000    -0.00812     0.03249     0.00000
     3.81000     0.00997    -0.00866    -0.00087     0.00000     0.00000    -0.00811     0.03242     0.00000
     3.81500     0.00993    -0.00863    -0.00087     0.00000     0.00000    -0.00809     0.03236     0.00000
     3.82000     0.00990    -0.00860    -0.00087     0.00000     0.00000    -0.00807     0.03229     0.00000
     3.82500     0.00987    -0.00857    -0.00087     0.00000     0.00000    -0.00805     0.03222     0.00000
     3.83000     0.00983    -0.00854    -0.00086     0.00000     0.00000    -0.00804     0.03215     0.00000
     3.83500     0.00980    -0.00851    -0.00086     0.00000     0.00000    -0.00802     0.03208     0.00000
     3.84000     0.00976    -0.00848    -0.00086     0.00000     0.00000    -0.00800     0.03201     0.00000
     3.84500     0.00973    -0.00845    -0.00086     0.00000     0.00000    -0.00799     0.03195     0.00000
     3.85000     0.00969    -0.00842    -0.00086     0.00000     0.00000    -0.00797     0.03188     0.00000
     3.85500     0.00966    -0.00839    -0.00086     0.00000     0.00000    -0.00795     0.03181     0.00000
     3.86000     0.00963    -0.00836    -0.00085     0.00000     0.00000    -0.00794     0.03175     0.00000
     3.86500     0.00959    -0.00833    -0.00085     0.00000     0.00000    -0.00792     0.03168     0.00000
     3.87000     0.00956    -0.00830    -0.00085     0.00000     0.00000    -0.00790     0.03161     0.00000
     3.87500     0.00953    -0.00827    -0.00085     0.00000     0.00000    -0.00789     0.03155     0.00000
     3.88000     0.00949    -0.00825    -0.00085     0.00000     0.00000    -0.00787     0.03148     0.00000
     3.88500     0.00946    -0.00822    -0.00085     0.00000     0.00000    -0.00785     0.03141     0.00000
     3.89000     0.00943    -0.00819    -0.00084     0.00000     0.00000    -0.00784     0.03135     0.00000
     3.89500     0.00939    -0.00816    -0.00084     0.00000     0.00000    -0.00782     0.03128     0.00000
     3.90000     0.00936    -0.00813    -0.00084     0.00000     0.00000    -0.00780     0.03122     0.00000
     3.90500     0.00933    -0.00810    -0.00084     0.00000     0.00000    -0.00779     0.03115     0.00000
     3.91000     0.00930    -0.00808    -0.00084     0.00000     0.00000    -0.00777     0.03109     0.00000
     3.91500     0.00926    -0.00805    -0.00084     0.00000     0.00000    -0.00776     0.03102     0.00000
     3.92000     0.00923    -0.00802    -0.00083     0.00000     0.00000    -0.00774     0.03096     0.00000
     3.92500     0.00920    -0.00799    -0.00083     0.00000     0.00000    -0.00772     0.03089     0.00000
     3.93000     0.00917    -0.00797    -0.00083     0.00000     0.00000    -0.00771     0.03083     0.00000
     3.93500     0.00914    -0.00794    -0.00083     0.00000     0.00000    -0.00769     0.03077     0.00000
     3.94000     0.00911    -0.00791    -0.00083     0.00000     0.00000    -0.00768     0.03070     0.00000
     3.94500     0.00907    -0.00788    -0.00083     0.00000     0.00000    -0.00766     0.03064     0.00000
     3.95000     0.00904    -0.00786    -0.00083     0.00000     0.00000    -0.00764     0.03058     0.00000
     3.95500     0.00901    -0.00783    -0.00082     0.00000     0.00000    -0.00763     0.03051     0.00000
     3.96000     0.00898    -0.00780    -0.00082     0.00000     0.00000    -0.00761     0.03045     0.00000
     3.96500     0.00895    -0.00778    -0.00082     0.00000     0.00000    -0.00760     0.03039     0.00000
     3.97000     0.00892    -0.00775    -0.00082     0.00000     0.00000    -0.00758     0.03033     0.00000
     3.97500     0.00889    -0.00772    -0.00082     0.00000     0.00000    -0.00757     0.03026     0.00000
     3.98000     0.00886    -0.00770    -0.00082     0.00000     0.00000    -0.00755     0.03020     0.00000
     3.98500     0.00883    -0.00767    -0.00081     0.00000     0.00000    -0.00753     0.03014     0.00000
     3.99000     0.00880    -0.00765    -0.00081     0.00000     0.00000    -0.00752     0.03008     0.00000
     3.99500     0.00877    -0.00762    -0.00081     0.00000     0.00000    -0.00750     0.03002     0.00000
     4.00000     0.00874    -0.00759    -0.00081     0.00000     0.00000    -0.00749     0.02995     0.00000
