 # S11_1650 FF
     0.00000     0.43428     0.20629     0.00000     0.00000     0.00000     0.00000     0.00000     0.00000
     0.00500     0.43165     0.20547     0.00000     0.00000     0.00000     0.00000     0.00000     0.00000
     0.01000     0.42907     0.20467     0.00000     0.00000     0.00000     0.00000     0.00000     0.00000
     0.01500     0.42653     0.20388     0.00000     0.00000     0.00000     0.00000     0.00000     0.00000
     0.02000     0.42403     0.20310     0.00000     0.00000     0.00000     0.00000     0.00000     0.00000
     0.02500     0.42157     0.20233     0.00000     0.00000     0.00000     0.00000     0.00000     0.00000
     0.03000     0.41914     0.20157     0.00000     0.00000     0.00000     0.00000     0.00000     0.00000
     0.03500     0.41676     0.20082     0.00000     0.00000     0.00000     0.00000     0.00000     0.00000
     0.04000     0.41441     0.20008     0.00000     0.00000     0.00000     0.00000     0.00000     0.00000
     0.04500     0.41209     0.19935     0.00000     0.00000     0.00000     0.00000     0.00000     0.00000
     0.05000     0.40981     0.19862     0.00000     0.00000     0.00000     0.00000     0.00000     0.00000
     0.05500     0.40756     0.19790     0.00000     0.00000     0.00000     0.00000     0.00000     0.00000
     0.06000     0.40534     0.19720     0.00000     0.00000     0.00000     0.00000     0.00000     0.00000
     0.06500     0.40315     0.19649     0.00000     0.00000     0.00000     0.00000     0.00000     0.00000
     0.07000     0.40099     0.19580     0.00000     0.00000     0.00000     0.00000     0.00000     0.00000
     0.07500     0.39886     0.19511     0.00000     0.00000     0.00000     0.00000     0.00000     0.00000
     0.08000     0.39676     0.19444     0.00000     0.00000     0.00000     0.00000     0.00000     0.00000
     0.08500     0.39469     0.19376     0.00000     0.00000     0.00000     0.00000     0.00000     0.00000
     0.09000     0.39264     0.19310     0.00000     0.00000     0.00000     0.00000     0.00000     0.00000
     0.09500     0.39062     0.19244     0.00000     0.00000     0.00000     0.00000     0.00000     0.00000
     0.10000     0.38862     0.19178     0.00000     0.00000     0.00000     0.00000     0.00000     0.00000
     0.10500     0.38665     0.19113     0.00000     0.00000     0.00000     0.00000     0.00000     0.00000
     0.11000     0.38470     0.19049     0.00000     0.00000     0.00000     0.00000     0.00000     0.00000
     0.11500     0.38278     0.18985     0.00000     0.00000     0.00000     0.00000     0.00000     0.00000
     0.12000     0.38088     0.18922     0.00000     0.00000     0.00000     0.00000     0.00000     0.00000
     0.12500     0.37900     0.18860     0.00000     0.00000     0.00000     0.00000     0.00000     0.00000
     0.13000     0.37715     0.18797     0.00000     0.00000     0.00000     0.00000     0.00000     0.00000
     0.13500     0.37531     0.18736     0.00000     0.00000     0.00000     0.00000     0.00000     0.00000
     0.14000     0.37349     0.18675     0.00000     0.00000     0.00000     0.00000     0.00000     0.00000
     0.14500     0.37170     0.18614     0.00000     0.00000     0.00000     0.00000     0.00000     0.00000
     0.15000     0.36992     0.18554     0.00000     0.00000     0.00000     0.00000     0.00000     0.00000
     0.15500     0.36817     0.18494     0.00000     0.00000     0.00000     0.00000     0.00000     0.00000
     0.16000     0.36643     0.18434     0.00000     0.00000     0.00000     0.00000     0.00000     0.00000
     0.16500     0.36471     0.18375     0.00000     0.00000     0.00000     0.00000     0.00000     0.00000
     0.17000     0.36301     0.18317     0.00000     0.00000     0.00000     0.00000     0.00000     0.00000
     0.17500     0.36133     0.18258     0.00000     0.00000     0.00000     0.00000     0.00000     0.00000
     0.18000     0.35966     0.18201     0.00000     0.00000     0.00000     0.00000     0.00000     0.00000
     0.18500     0.35801     0.18143     0.00000     0.00000     0.00000     0.00000     0.00000     0.00000
     0.19000     0.35638     0.18086     0.00000     0.00000     0.00000     0.00000     0.00000     0.00000
     0.19500     0.35476     0.18029     0.00000     0.00000     0.00000     0.00000     0.00000     0.00000
     0.20000     0.35316     0.17973     0.00000     0.00000     0.00000     0.00000     0.00000     0.00000
     0.20500     0.35157     0.17917     0.00000     0.00000     0.00000     0.00000     0.00000     0.00000
     0.21000     0.35000     0.17861     0.00000     0.00000     0.00000     0.00000     0.00000     0.00000
     0.21500     0.34844     0.17806     0.00000     0.00000     0.00000     0.00000     0.00000     0.00000
     0.22000     0.34690     0.17751     0.00000     0.00000     0.00000     0.00000     0.00000     0.00000
     0.22500     0.34537     0.17696     0.00000     0.00000     0.00000     0.00000     0.00000     0.00000
     0.23000     0.34385     0.17641     0.00000     0.00000     0.00000     0.00000     0.00000     0.00000
     0.23500     0.34235     0.17587     0.00000     0.00000     0.00000     0.00000     0.00000     0.00000
     0.24000     0.34086     0.17533     0.00000     0.00000     0.00000     0.00000     0.00000     0.00000
     0.24500     0.33939     0.17479     0.00000     0.00000     0.00000     0.00000     0.00000     0.00000
     0.25000     0.33793     0.17426     0.00000     0.00000     0.00000     0.00000     0.00000     0.00000
     0.25500     0.33648     0.17373     0.00000     0.00000     0.00000     0.00000     0.00000     0.00000
     0.26000     0.33504     0.17320     0.00000     0.00000     0.00000     0.00000     0.00000     0.00000
     0.26500     0.33361     0.17267     0.00000     0.00000     0.00000     0.00000     0.00000     0.00000
     0.27000     0.33220     0.17215     0.00000     0.00000     0.00000     0.00000     0.00000     0.00000
     0.27500     0.33079     0.17163     0.00000     0.00000     0.00000     0.00000     0.00000     0.00000
     0.28000     0.32940     0.17111     0.00000     0.00000     0.00000     0.00000     0.00000     0.00000
     0.28500     0.32802     0.17059     0.00000     0.00000     0.00000     0.00000     0.00000     0.00000
     0.29000     0.32665     0.17008     0.00000     0.00000     0.00000     0.00000     0.00000     0.00000
     0.29500     0.32529     0.16957     0.00000     0.00000     0.00000     0.00000     0.00000     0.00000
     0.30000     0.32394     0.16906     0.00000     0.00000     0.00000     0.00000     0.00000     0.00000
     0.30500     0.32261     0.16855     0.00000     0.00000     0.00000     0.00000     0.00000     0.00000
     0.31000     0.32128     0.16804     0.00000     0.00000     0.00000     0.00000     0.00000     0.00000
     0.31500     0.31996     0.16754     0.00000     0.00000     0.00000     0.00000     0.00000     0.00000
     0.32000     0.31865     0.16704     0.00000     0.00000     0.00000     0.00000     0.00000     0.00000
     0.32500     0.31735     0.16654     0.00000     0.00000     0.00000     0.00000     0.00000     0.00000
     0.33000     0.31606     0.16604     0.00000     0.00000     0.00000     0.00000     0.00000     0.00000
     0.33500     0.31479     0.16555     0.00000     0.00000     0.00000     0.00000     0.00000     0.00000
     0.34000     0.31351     0.16505     0.00000     0.00000     0.00000     0.00000     0.00000     0.00000
     0.34500     0.31225     0.16456     0.00000     0.00000     0.00000     0.00000     0.00000     0.00000
     0.35000     0.31100     0.16407     0.00000     0.00000     0.00000     0.00000     0.00000     0.00000
     0.35500     0.30976     0.16359     0.00000     0.00000     0.00000     0.00000     0.00000     0.00000
     0.36000     0.30852     0.16310     0.00000     0.00000     0.00000     0.00000     0.00000     0.00000
     0.36500     0.30729     0.16261     0.00000     0.00000     0.00000     0.00000     0.00000     0.00000
     0.37000     0.30608     0.16213     0.00000     0.00000     0.00000     0.00000     0.00000     0.00000
     0.37500     0.30487     0.16165     0.00000     0.00000     0.00000     0.00000     0.00000     0.00000
     0.38000     0.30366     0.16117     0.00000     0.00000     0.00000     0.00000     0.00000     0.00000
     0.38500     0.30247     0.16069     0.00000     0.00000     0.00000     0.00000     0.00000     0.00000
     0.39000     0.30128     0.16022     0.00000     0.00000     0.00000     0.00000     0.00000     0.00000
     0.39500     0.30010     0.15974     0.00000     0.00000     0.00000     0.00000     0.00000     0.00000
     0.40000     0.29893     0.15927     0.00000     0.00000     0.00000     0.00000     0.00000     0.00000
     0.40500     0.29777     0.15880     0.00000     0.00000     0.00000     0.00000     0.00000     0.00000
     0.41000     0.29661     0.15833     0.00000     0.00000     0.00000     0.00000     0.00000     0.00000
     0.41500     0.29546     0.15786     0.00000     0.00000     0.00000     0.00000     0.00000     0.00000
     0.42000     0.29432     0.15740     0.00000     0.00000     0.00000     0.00000     0.00000     0.00000
     0.42500     0.29319     0.15693     0.00000     0.00000     0.00000     0.00000     0.00000     0.00000
     0.43000     0.29206     0.15647     0.00000     0.00000     0.00000     0.00000     0.00000     0.00000
     0.43500     0.29094     0.15601     0.00000     0.00000     0.00000     0.00000     0.00000     0.00000
     0.44000     0.28982     0.15555     0.00000     0.00000     0.00000     0.00000     0.00000     0.00000
     0.44500     0.28872     0.15509     0.00000     0.00000     0.00000     0.00000     0.00000     0.00000
     0.45000     0.28761     0.15463     0.00000     0.00000     0.00000     0.00000     0.00000     0.00000
     0.45500     0.28652     0.15417     0.00000     0.00000     0.00000     0.00000     0.00000     0.00000
     0.46000     0.28543     0.15372     0.00000     0.00000     0.00000     0.00000     0.00000     0.00000
     0.46500     0.28435     0.15326     0.00000     0.00000     0.00000     0.00000     0.00000     0.00000
     0.47000     0.28327     0.15281     0.00000     0.00000     0.00000     0.00000     0.00000     0.00000
     0.47500     0.28221     0.15236     0.00000     0.00000     0.00000     0.00000     0.00000     0.00000
     0.48000     0.28114     0.15191     0.00000     0.00000     0.00000     0.00000     0.00000     0.00000
     0.48500     0.28009     0.15146     0.00000     0.00000     0.00000     0.00000     0.00000     0.00000
     0.49000     0.27903     0.15102     0.00000     0.00000     0.00000     0.00000     0.00000     0.00000
     0.49500     0.27799     0.15057     0.00000     0.00000     0.00000     0.00000     0.00000     0.00000
     0.50000     0.27695     0.15013     0.00000     0.00000     0.00000     0.00000     0.00000     0.00000
     0.50500     0.27592     0.14968     0.00000     0.00000     0.00000     0.00000     0.00000     0.00000
     0.51000     0.27489     0.14924     0.00000     0.00000     0.00000     0.00000     0.00000     0.00000
     0.51500     0.27387     0.14880     0.00000     0.00000     0.00000     0.00000     0.00000     0.00000
     0.52000     0.27285     0.14836     0.00000     0.00000     0.00000     0.00000     0.00000     0.00000
     0.52500     0.27184     0.14792     0.00000     0.00000     0.00000     0.00000     0.00000     0.00000
     0.53000     0.27083     0.14749     0.00000     0.00000     0.00000     0.00000     0.00000     0.00000
     0.53500     0.26983     0.14705     0.00000     0.00000     0.00000     0.00000     0.00000     0.00000
     0.54000     0.26884     0.14662     0.00000     0.00000     0.00000     0.00000     0.00000     0.00000
     0.54500     0.26785     0.14619     0.00000     0.00000     0.00000     0.00000     0.00000     0.00000
     0.55000     0.26686     0.14575     0.00000     0.00000     0.00000     0.00000     0.00000     0.00000
     0.55500     0.26588     0.14532     0.00000     0.00000     0.00000     0.00000     0.00000     0.00000
     0.56000     0.26491     0.14489     0.00000     0.00000     0.00000     0.00000     0.00000     0.00000
     0.56500     0.26394     0.14446     0.00000     0.00000     0.00000     0.00000     0.00000     0.00000
     0.57000     0.26297     0.14404     0.00000     0.00000     0.00000     0.00000     0.00000     0.00000
     0.57500     0.26201     0.14361     0.00000     0.00000     0.00000     0.00000     0.00000     0.00000
     0.58000     0.26106     0.14319     0.00000     0.00000     0.00000     0.00000     0.00000     0.00000
     0.58500     0.26011     0.14276     0.00000     0.00000     0.00000     0.00000     0.00000     0.00000
     0.59000     0.25916     0.14234     0.00000     0.00000     0.00000     0.00000     0.00000     0.00000
     0.59500     0.25822     0.14192     0.00000     0.00000     0.00000     0.00000     0.00000     0.00000
     0.60000     0.25729     0.14150     0.00000     0.00000     0.00000     0.00000     0.00000     0.00000
     0.60500     0.25635     0.14108     0.00000     0.00000     0.00000     0.00000     0.00000     0.00000
     0.61000     0.25543     0.14066     0.00000     0.00000     0.00000     0.00000     0.00000     0.00000
     0.61500     0.25451     0.14024     0.00000     0.00000     0.00000     0.00000     0.00000     0.00000
     0.62000     0.25359     0.13983     0.00000     0.00000     0.00000     0.00000     0.00000     0.00000
     0.62500     0.25267     0.13941     0.00000     0.00000     0.00000     0.00000     0.00000     0.00000
     0.63000     0.25177     0.13900     0.00000     0.00000     0.00000     0.00000     0.00000     0.00000
     0.63500     0.25086     0.13859     0.00000     0.00000     0.00000     0.00000     0.00000     0.00000
     0.64000     0.24996     0.13818     0.00000     0.00000     0.00000     0.00000     0.00000     0.00000
     0.64500     0.24906     0.13777     0.00000     0.00000     0.00000     0.00000     0.00000     0.00000
     0.65000     0.24817     0.13736     0.00000     0.00000     0.00000     0.00000     0.00000     0.00000
     0.65500     0.24728     0.13695     0.00000     0.00000     0.00000     0.00000     0.00000     0.00000
     0.66000     0.24640     0.13654     0.00000     0.00000     0.00000     0.00000     0.00000     0.00000
     0.66500     0.24552     0.13613     0.00000     0.00000     0.00000     0.00000     0.00000     0.00000
     0.67000     0.24465     0.13573     0.00000     0.00000     0.00000     0.00000     0.00000     0.00000
     0.67500     0.24378     0.13532     0.00000     0.00000     0.00000     0.00000     0.00000     0.00000
     0.68000     0.24291     0.13492     0.00000     0.00000     0.00000     0.00000     0.00000     0.00000
     0.68500     0.24204     0.13452     0.00000     0.00000     0.00000     0.00000     0.00000     0.00000
     0.69000     0.24119     0.13412     0.00000     0.00000     0.00000     0.00000     0.00000     0.00000
     0.69500     0.24033     0.13372     0.00000     0.00000     0.00000     0.00000     0.00000     0.00000
     0.70000     0.23948     0.13332     0.00000     0.00000     0.00000     0.00000     0.00000     0.00000
     0.70500     0.23863     0.13292     0.00000     0.00000     0.00000     0.00000     0.00000     0.00000
     0.71000     0.23779     0.13252     0.00000     0.00000     0.00000     0.00000     0.00000     0.00000
     0.71500     0.23695     0.13213     0.00000     0.00000     0.00000     0.00000     0.00000     0.00000
     0.72000     0.23611     0.13173     0.00000     0.00000     0.00000     0.00000     0.00000     0.00000
     0.72500     0.23528     0.13134     0.00000     0.00000     0.00000     0.00000     0.00000     0.00000
     0.73000     0.23445     0.13095     0.00000     0.00000     0.00000     0.00000     0.00000     0.00000
     0.73500     0.23362     0.13056     0.00000     0.00000     0.00000     0.00000     0.00000     0.00000
     0.74000     0.23280     0.13016     0.00000     0.00000     0.00000     0.00000     0.00000     0.00000
     0.74500     0.23198     0.12977     0.00000     0.00000     0.00000     0.00000     0.00000     0.00000
     0.75000     0.23117     0.12939     0.00000     0.00000     0.00000     0.00000     0.00000     0.00000
     0.75500     0.23036     0.12900     0.00000     0.00000     0.00000     0.00000     0.00000     0.00000
     0.76000     0.22955     0.12861     0.00000     0.00000     0.00000     0.00000     0.00000     0.00000
     0.76500     0.22875     0.12823     0.00000     0.00000     0.00000     0.00000     0.00000     0.00000
     0.77000     0.22795     0.12784     0.00000     0.00000     0.00000     0.00000     0.00000     0.00000
     0.77500     0.22715     0.12746     0.00000     0.00000     0.00000     0.00000     0.00000     0.00000
     0.78000     0.22635     0.12707     0.00000     0.00000     0.00000     0.00000     0.00000     0.00000
     0.78500     0.22556     0.12669     0.00000     0.00000     0.00000     0.00000     0.00000     0.00000
     0.79000     0.22478     0.12631     0.00000     0.00000     0.00000     0.00000     0.00000     0.00000
     0.79500     0.22399     0.12593     0.00000     0.00000     0.00000     0.00000     0.00000     0.00000
     0.80000     0.22321     0.12555     0.00000     0.00000     0.00000     0.00000     0.00000     0.00000
     0.80500     0.22244     0.12517     0.00000     0.00000     0.00000     0.00000     0.00000     0.00000
     0.81000     0.22166     0.12480     0.00000     0.00000     0.00000     0.00000     0.00000     0.00000
     0.81500     0.22089     0.12442     0.00000     0.00000     0.00000     0.00000     0.00000     0.00000
     0.82000     0.22012     0.12404     0.00000     0.00000     0.00000     0.00000     0.00000     0.00000
     0.82500     0.21936     0.12367     0.00000     0.00000     0.00000     0.00000     0.00000     0.00000
     0.83000     0.21860     0.12330     0.00000     0.00000     0.00000     0.00000     0.00000     0.00000
     0.83500     0.21784     0.12292     0.00000     0.00000     0.00000     0.00000     0.00000     0.00000
     0.84000     0.21709     0.12255     0.00000     0.00000     0.00000     0.00000     0.00000     0.00000
     0.84500     0.21633     0.12218     0.00000     0.00000     0.00000     0.00000     0.00000     0.00000
     0.85000     0.21559     0.12181     0.00000     0.00000     0.00000     0.00000     0.00000     0.00000
     0.85500     0.21484     0.12145     0.00000     0.00000     0.00000     0.00000     0.00000     0.00000
     0.86000     0.21410     0.12108     0.00000     0.00000     0.00000     0.00000     0.00000     0.00000
     0.86500     0.21336     0.12071     0.00000     0.00000     0.00000     0.00000     0.00000     0.00000
     0.87000     0.21262     0.12035     0.00000     0.00000     0.00000     0.00000     0.00000     0.00000
     0.87500     0.21189     0.11998     0.00000     0.00000     0.00000     0.00000     0.00000     0.00000
     0.88000     0.21116     0.11962     0.00000     0.00000     0.00000     0.00000     0.00000     0.00000
     0.88500     0.21043     0.11925     0.00000     0.00000     0.00000     0.00000     0.00000     0.00000
     0.89000     0.20970     0.11889     0.00000     0.00000     0.00000     0.00000     0.00000     0.00000
     0.89500     0.20898     0.11853     0.00000     0.00000     0.00000     0.00000     0.00000     0.00000
     0.90000     0.20826     0.11817     0.00000     0.00000     0.00000     0.00000     0.00000     0.00000
     0.90500     0.20755     0.11781     0.00000     0.00000     0.00000     0.00000     0.00000     0.00000
     0.91000     0.20683     0.11745     0.00000     0.00000     0.00000     0.00000     0.00000     0.00000
     0.91500     0.20612     0.11710     0.00000     0.00000     0.00000     0.00000     0.00000     0.00000
     0.92000     0.20542     0.11674     0.00000     0.00000     0.00000     0.00000     0.00000     0.00000
     0.92500     0.20471     0.11638     0.00000     0.00000     0.00000     0.00000     0.00000     0.00000
     0.93000     0.20401     0.11603     0.00000     0.00000     0.00000     0.00000     0.00000     0.00000
     0.93500     0.20331     0.11568     0.00000     0.00000     0.00000     0.00000     0.00000     0.00000
     0.94000     0.20261     0.11532     0.00000     0.00000     0.00000     0.00000     0.00000     0.00000
     0.94500     0.20192     0.11497     0.00000     0.00000     0.00000     0.00000     0.00000     0.00000
     0.95000     0.20123     0.11462     0.00000     0.00000     0.00000     0.00000     0.00000     0.00000
     0.95500     0.20054     0.11427     0.00000     0.00000     0.00000     0.00000     0.00000     0.00000
     0.96000     0.19986     0.11392     0.00000     0.00000     0.00000     0.00000     0.00000     0.00000
     0.96500     0.19917     0.11357     0.00000     0.00000     0.00000     0.00000     0.00000     0.00000
     0.97000     0.19849     0.11322     0.00000     0.00000     0.00000     0.00000     0.00000     0.00000
     0.97500     0.19781     0.11288     0.00000     0.00000     0.00000     0.00000     0.00000     0.00000
     0.98000     0.19714     0.11253     0.00000     0.00000     0.00000     0.00000     0.00000     0.00000
     0.98500     0.19647     0.11219     0.00000     0.00000     0.00000     0.00000     0.00000     0.00000
     0.99000     0.19580     0.11184     0.00000     0.00000     0.00000     0.00000     0.00000     0.00000
     0.99500     0.19513     0.11150     0.00000     0.00000     0.00000     0.00000     0.00000     0.00000
     1.00000     0.19446     0.11116     0.00000     0.00000     0.00000     0.00000     0.00000     0.00000
     1.00500     0.19380     0.11082     0.00000     0.00000     0.00000     0.00000     0.00000     0.00000
     1.01000     0.19314     0.11048     0.00000     0.00000     0.00000     0.00000     0.00000     0.00000
     1.01500     0.19248     0.11014     0.00000     0.00000     0.00000     0.00000     0.00000     0.00000
     1.02000     0.19183     0.10980     0.00000     0.00000     0.00000     0.00000     0.00000     0.00000
     1.02500     0.19118     0.10946     0.00000     0.00000     0.00000     0.00000     0.00000     0.00000
     1.03000     0.19053     0.10913     0.00000     0.00000     0.00000     0.00000     0.00000     0.00000
     1.03500     0.18988     0.10879     0.00000     0.00000     0.00000     0.00000     0.00000     0.00000
     1.04000     0.18924     0.10846     0.00000     0.00000     0.00000     0.00000     0.00000     0.00000
     1.04500     0.18859     0.10812     0.00000     0.00000     0.00000     0.00000     0.00000     0.00000
     1.05000     0.18795     0.10779     0.00000     0.00000     0.00000     0.00000     0.00000     0.00000
     1.05500     0.18732     0.10746     0.00000     0.00000     0.00000     0.00000     0.00000     0.00000
     1.06000     0.18668     0.10713     0.00000     0.00000     0.00000     0.00000     0.00000     0.00000
     1.06500     0.18605     0.10680     0.00000     0.00000     0.00000     0.00000     0.00000     0.00000
     1.07000     0.18542     0.10647     0.00000     0.00000     0.00000     0.00000     0.00000     0.00000
     1.07500     0.18479     0.10614     0.00000     0.00000     0.00000     0.00000     0.00000     0.00000
     1.08000     0.18416     0.10581     0.00000     0.00000     0.00000     0.00000     0.00000     0.00000
     1.08500     0.18354     0.10548     0.00000     0.00000     0.00000     0.00000     0.00000     0.00000
     1.09000     0.18292     0.10516     0.00000     0.00000     0.00000     0.00000     0.00000     0.00000
     1.09500     0.18230     0.10483     0.00000     0.00000     0.00000     0.00000     0.00000     0.00000
     1.10000     0.18168     0.10451     0.00000     0.00000     0.00000     0.00000     0.00000     0.00000
     1.10500     0.18107     0.10418     0.00000     0.00000     0.00000     0.00000     0.00000     0.00000
     1.11000     0.18046     0.10386     0.00000     0.00000     0.00000     0.00000     0.00000     0.00000
     1.11500     0.17985     0.10354     0.00000     0.00000     0.00000     0.00000     0.00000     0.00000
     1.12000     0.17924     0.10322     0.00000     0.00000     0.00000     0.00000     0.00000     0.00000
     1.12500     0.17863     0.10290     0.00000     0.00000     0.00000     0.00000     0.00000     0.00000
     1.13000     0.17803     0.10258     0.00000     0.00000     0.00000     0.00000     0.00000     0.00000
     1.13500     0.17743     0.10226     0.00000     0.00000     0.00000     0.00000     0.00000     0.00000
     1.14000     0.17683     0.10194     0.00000     0.00000     0.00000     0.00000     0.00000     0.00000
     1.14500     0.17624     0.10163     0.00000     0.00000     0.00000     0.00000     0.00000     0.00000
     1.15000     0.17564     0.10131     0.00000     0.00000     0.00000     0.00000     0.00000     0.00000
     1.15500     0.17505     0.10100     0.00000     0.00000     0.00000     0.00000     0.00000     0.00000
     1.16000     0.17446     0.10068     0.00000     0.00000     0.00000     0.00000     0.00000     0.00000
     1.16500     0.17387     0.10037     0.00000     0.00000     0.00000     0.00000     0.00000     0.00000
     1.17000     0.17329     0.10006     0.00000     0.00000     0.00000     0.00000     0.00000     0.00000
     1.17500     0.17270     0.09974     0.00000     0.00000     0.00000     0.00000     0.00000     0.00000
     1.18000     0.17212     0.09943     0.00000     0.00000     0.00000     0.00000     0.00000     0.00000
     1.18500     0.17154     0.09912     0.00000     0.00000     0.00000     0.00000     0.00000     0.00000
     1.19000     0.17096     0.09881     0.00000     0.00000     0.00000     0.00000     0.00000     0.00000
     1.19500     0.17039     0.09851     0.00000     0.00000     0.00000     0.00000     0.00000     0.00000
     1.20000     0.16982     0.09820     0.00000     0.00000     0.00000     0.00000     0.00000     0.00000
     1.20500     0.16925     0.09789     0.00000     0.00000     0.00000     0.00000     0.00000     0.00000
     1.21000     0.16868     0.09759     0.00000     0.00000     0.00000     0.00000     0.00000     0.00000
     1.21500     0.16811     0.09728     0.00000     0.00000     0.00000     0.00000     0.00000     0.00000
     1.22000     0.16755     0.09698     0.00000     0.00000     0.00000     0.00000     0.00000     0.00000
     1.22500     0.16698     0.09667     0.00000     0.00000     0.00000     0.00000     0.00000     0.00000
     1.23000     0.16642     0.09637     0.00000     0.00000     0.00000     0.00000     0.00000     0.00000
     1.23500     0.16586     0.09607     0.00000     0.00000     0.00000     0.00000     0.00000     0.00000
     1.24000     0.16531     0.09577     0.00000     0.00000     0.00000     0.00000     0.00000     0.00000
     1.24500     0.16475     0.09547     0.00000     0.00000     0.00000     0.00000     0.00000     0.00000
     1.25000     0.16420     0.09517     0.00000     0.00000     0.00000     0.00000     0.00000     0.00000
     1.25500     0.16365     0.09487     0.00000     0.00000     0.00000     0.00000     0.00000     0.00000
     1.26000     0.16310     0.09458     0.00000     0.00000     0.00000     0.00000     0.00000     0.00000
     1.26500     0.16255     0.09428     0.00000     0.00000     0.00000     0.00000     0.00000     0.00000
     1.27000     0.16201     0.09398     0.00000     0.00000     0.00000     0.00000     0.00000     0.00000
     1.27500     0.16147     0.09369     0.00000     0.00000     0.00000     0.00000     0.00000     0.00000
     1.28000     0.16092     0.09339     0.00000     0.00000     0.00000     0.00000     0.00000     0.00000
     1.28500     0.16039     0.09310     0.00000     0.00000     0.00000     0.00000     0.00000     0.00000
     1.29000     0.15985     0.09281     0.00000     0.00000     0.00000     0.00000     0.00000     0.00000
     1.29500     0.15931     0.09252     0.00000     0.00000     0.00000     0.00000     0.00000     0.00000
     1.30000     0.15878     0.09223     0.00000     0.00000     0.00000     0.00000     0.00000     0.00000
     1.30500     0.15825     0.09194     0.00000     0.00000     0.00000     0.00000     0.00000     0.00000
     1.31000     0.15772     0.09165     0.00000     0.00000     0.00000     0.00000     0.00000     0.00000
     1.31500     0.15719     0.09136     0.00000     0.00000     0.00000     0.00000     0.00000     0.00000
     1.32000     0.15667     0.09107     0.00000     0.00000     0.00000     0.00000     0.00000     0.00000
     1.32500     0.15614     0.09078     0.00000     0.00000     0.00000     0.00000     0.00000     0.00000
     1.33000     0.15562     0.09050     0.00000     0.00000     0.00000     0.00000     0.00000     0.00000
     1.33500     0.15510     0.09021     0.00000     0.00000     0.00000     0.00000     0.00000     0.00000
     1.34000     0.15458     0.08993     0.00000     0.00000     0.00000     0.00000     0.00000     0.00000
     1.34500     0.15406     0.08964     0.00000     0.00000     0.00000     0.00000     0.00000     0.00000
     1.35000     0.15355     0.08936     0.00000     0.00000     0.00000     0.00000     0.00000     0.00000
     1.35500     0.15304     0.08908     0.00000     0.00000     0.00000     0.00000     0.00000     0.00000
     1.36000     0.15253     0.08880     0.00000     0.00000     0.00000     0.00000     0.00000     0.00000
     1.36500     0.15202     0.08852     0.00000     0.00000     0.00000     0.00000     0.00000     0.00000
     1.37000     0.15151     0.08824     0.00000     0.00000     0.00000     0.00000     0.00000     0.00000
     1.37500     0.15100     0.08796     0.00000     0.00000     0.00000     0.00000     0.00000     0.00000
     1.38000     0.15050     0.08768     0.00000     0.00000     0.00000     0.00000     0.00000     0.00000
     1.38500     0.15000     0.08740     0.00000     0.00000     0.00000     0.00000     0.00000     0.00000
     1.39000     0.14950     0.08712     0.00000     0.00000     0.00000     0.00000     0.00000     0.00000
     1.39500     0.14900     0.08685     0.00000     0.00000     0.00000     0.00000     0.00000     0.00000
     1.40000     0.14850     0.08657     0.00000     0.00000     0.00000     0.00000     0.00000     0.00000
     1.40500     0.14801     0.08630     0.00000     0.00000     0.00000     0.00000     0.00000     0.00000
     1.41000     0.14751     0.08603     0.00000     0.00000     0.00000     0.00000     0.00000     0.00000
     1.41500     0.14702     0.08575     0.00000     0.00000     0.00000     0.00000     0.00000     0.00000
     1.42000     0.14653     0.08548     0.00000     0.00000     0.00000     0.00000     0.00000     0.00000
     1.42500     0.14604     0.08521     0.00000     0.00000     0.00000     0.00000     0.00000     0.00000
     1.43000     0.14555     0.08494     0.00000     0.00000     0.00000     0.00000     0.00000     0.00000
     1.43500     0.14507     0.08467     0.00000     0.00000     0.00000     0.00000     0.00000     0.00000
     1.44000     0.14459     0.08440     0.00000     0.00000     0.00000     0.00000     0.00000     0.00000
     1.44500     0.14410     0.08413     0.00000     0.00000     0.00000     0.00000     0.00000     0.00000
     1.45000     0.14362     0.08387     0.00000     0.00000     0.00000     0.00000     0.00000     0.00000
     1.45500     0.14315     0.08360     0.00000     0.00000     0.00000     0.00000     0.00000     0.00000
     1.46000     0.14267     0.08333     0.00000     0.00000     0.00000     0.00000     0.00000     0.00000
     1.46500     0.14220     0.08307     0.00000     0.00000     0.00000     0.00000     0.00000     0.00000
     1.47000     0.14172     0.08280     0.00000     0.00000     0.00000     0.00000     0.00000     0.00000
     1.47500     0.14125     0.08254     0.00000     0.00000     0.00000     0.00000     0.00000     0.00000
     1.48000     0.14078     0.08228     0.00000     0.00000     0.00000     0.00000     0.00000     0.00000
     1.48500     0.14031     0.08201     0.00000     0.00000     0.00000     0.00000     0.00000     0.00000
     1.49000     0.13984     0.08175     0.00000     0.00000     0.00000     0.00000     0.00000     0.00000
     1.49500     0.13938     0.08149     0.00000     0.00000     0.00000     0.00000     0.00000     0.00000
     1.50000     0.13892     0.08123     0.00000     0.00000     0.00000     0.00000     0.00000     0.00000
     1.50500     0.13845     0.08097     0.00000     0.00000     0.00000     0.00000     0.00000     0.00000
     1.51000     0.13799     0.08072     0.00000     0.00000     0.00000     0.00000     0.00000     0.00000
     1.51500     0.13754     0.08046     0.00000     0.00000     0.00000     0.00000     0.00000     0.00000
     1.52000     0.13708     0.08020     0.00000     0.00000     0.00000     0.00000     0.00000     0.00000
     1.52500     0.13662     0.07994     0.00000     0.00000     0.00000     0.00000     0.00000     0.00000
     1.53000     0.13617     0.07969     0.00000     0.00000     0.00000     0.00000     0.00000     0.00000
     1.53500     0.13572     0.07943     0.00000     0.00000     0.00000     0.00000     0.00000     0.00000
     1.54000     0.13526     0.07918     0.00000     0.00000     0.00000     0.00000     0.00000     0.00000
     1.54500     0.13482     0.07893     0.00000     0.00000     0.00000     0.00000     0.00000     0.00000
     1.55000     0.13437     0.07868     0.00000     0.00000     0.00000     0.00000     0.00000     0.00000
     1.55500     0.13392     0.07842     0.00000     0.00000     0.00000     0.00000     0.00000     0.00000
     1.56000     0.13348     0.07817     0.00000     0.00000     0.00000     0.00000     0.00000     0.00000
     1.56500     0.13303     0.07792     0.00000     0.00000     0.00000     0.00000     0.00000     0.00000
     1.57000     0.13259     0.07767     0.00000     0.00000     0.00000     0.00000     0.00000     0.00000
     1.57500     0.13215     0.07742     0.00000     0.00000     0.00000     0.00000     0.00000     0.00000
     1.58000     0.13171     0.07718     0.00000     0.00000     0.00000     0.00000     0.00000     0.00000
     1.58500     0.13128     0.07693     0.00000     0.00000     0.00000     0.00000     0.00000     0.00000
     1.59000     0.13084     0.07668     0.00000     0.00000     0.00000     0.00000     0.00000     0.00000
     1.59500     0.13041     0.07644     0.00000     0.00000     0.00000     0.00000     0.00000     0.00000
     1.60000     0.12997     0.07619     0.00000     0.00000     0.00000     0.00000     0.00000     0.00000
     1.60500     0.12954     0.07595     0.00000     0.00000     0.00000     0.00000     0.00000     0.00000
     1.61000     0.12911     0.07570     0.00000     0.00000     0.00000     0.00000     0.00000     0.00000
     1.61500     0.12868     0.07546     0.00000     0.00000     0.00000     0.00000     0.00000     0.00000
     1.62000     0.12826     0.07522     0.00000     0.00000     0.00000     0.00000     0.00000     0.00000
     1.62500     0.12783     0.07497     0.00000     0.00000     0.00000     0.00000     0.00000     0.00000
     1.63000     0.12741     0.07473     0.00000     0.00000     0.00000     0.00000     0.00000     0.00000
     1.63500     0.12698     0.07449     0.00000     0.00000     0.00000     0.00000     0.00000     0.00000
     1.64000     0.12656     0.07425     0.00000     0.00000     0.00000     0.00000     0.00000     0.00000
     1.64500     0.12614     0.07402     0.00000     0.00000     0.00000     0.00000     0.00000     0.00000
     1.65000     0.12573     0.07378     0.00000     0.00000     0.00000     0.00000     0.00000     0.00000
     1.65500     0.12531     0.07354     0.00000     0.00000     0.00000     0.00000     0.00000     0.00000
     1.66000     0.12489     0.07330     0.00000     0.00000     0.00000     0.00000     0.00000     0.00000
     1.66500     0.12448     0.07307     0.00000     0.00000     0.00000     0.00000     0.00000     0.00000
     1.67000     0.12407     0.07283     0.00000     0.00000     0.00000     0.00000     0.00000     0.00000
     1.67500     0.12366     0.07260     0.00000     0.00000     0.00000     0.00000     0.00000     0.00000
     1.68000     0.12325     0.07236     0.00000     0.00000     0.00000     0.00000     0.00000     0.00000
     1.68500     0.12284     0.07213     0.00000     0.00000     0.00000     0.00000     0.00000     0.00000
     1.69000     0.12243     0.07190     0.00000     0.00000     0.00000     0.00000     0.00000     0.00000
     1.69500     0.12203     0.07167     0.00000     0.00000     0.00000     0.00000     0.00000     0.00000
     1.70000     0.12162     0.07143     0.00000     0.00000     0.00000     0.00000     0.00000     0.00000
     1.70500     0.12122     0.07120     0.00000     0.00000     0.00000     0.00000     0.00000     0.00000
     1.71000     0.12082     0.07097     0.00000     0.00000     0.00000     0.00000     0.00000     0.00000
     1.71500     0.12042     0.07074     0.00000     0.00000     0.00000     0.00000     0.00000     0.00000
     1.72000     0.12002     0.07052     0.00000     0.00000     0.00000     0.00000     0.00000     0.00000
     1.72500     0.11962     0.07029     0.00000     0.00000     0.00000     0.00000     0.00000     0.00000
     1.73000     0.11923     0.07006     0.00000     0.00000     0.00000     0.00000     0.00000     0.00000
     1.73500     0.11883     0.06983     0.00000     0.00000     0.00000     0.00000     0.00000     0.00000
     1.74000     0.11844     0.06961     0.00000     0.00000     0.00000     0.00000     0.00000     0.00000
     1.74500     0.11805     0.06938     0.00000     0.00000     0.00000     0.00000     0.00000     0.00000
     1.75000     0.11766     0.06916     0.00000     0.00000     0.00000     0.00000     0.00000     0.00000
     1.75500     0.11727     0.06894     0.00000     0.00000     0.00000     0.00000     0.00000     0.00000
     1.76000     0.11688     0.06871     0.00000     0.00000     0.00000     0.00000     0.00000     0.00000
     1.76500     0.11649     0.06849     0.00000     0.00000     0.00000     0.00000     0.00000     0.00000
     1.77000     0.11611     0.06827     0.00000     0.00000     0.00000     0.00000     0.00000     0.00000
     1.77500     0.11572     0.06805     0.00000     0.00000     0.00000     0.00000     0.00000     0.00000
     1.78000     0.11534     0.06783     0.00000     0.00000     0.00000     0.00000     0.00000     0.00000
     1.78500     0.11496     0.06761     0.00000     0.00000     0.00000     0.00000     0.00000     0.00000
     1.79000     0.11458     0.06739     0.00000     0.00000     0.00000     0.00000     0.00000     0.00000
     1.79500     0.11420     0.06717     0.00000     0.00000     0.00000     0.00000     0.00000     0.00000
     1.80000     0.11382     0.06695     0.00000     0.00000     0.00000     0.00000     0.00000     0.00000
     1.80500     0.11344     0.06673     0.00000     0.00000     0.00000     0.00000     0.00000     0.00000
     1.81000     0.11307     0.06652     0.00000     0.00000     0.00000     0.00000     0.00000     0.00000
     1.81500     0.11270     0.06630     0.00000     0.00000     0.00000     0.00000     0.00000     0.00000
     1.82000     0.11232     0.06609     0.00000     0.00000     0.00000     0.00000     0.00000     0.00000
     1.82500     0.11195     0.06587     0.00000     0.00000     0.00000     0.00000     0.00000     0.00000
     1.83000     0.11158     0.06566     0.00000     0.00000     0.00000     0.00000     0.00000     0.00000
     1.83500     0.11121     0.06544     0.00000     0.00000     0.00000     0.00000     0.00000     0.00000
     1.84000     0.11084     0.06523     0.00000     0.00000     0.00000     0.00000     0.00000     0.00000
     1.84500     0.11048     0.06502     0.00000     0.00000     0.00000     0.00000     0.00000     0.00000
     1.85000     0.11011     0.06481     0.00000     0.00000     0.00000     0.00000     0.00000     0.00000
     1.85500     0.10975     0.06460     0.00000     0.00000     0.00000     0.00000     0.00000     0.00000
     1.86000     0.10939     0.06439     0.00000     0.00000     0.00000     0.00000     0.00000     0.00000
     1.86500     0.10903     0.06418     0.00000     0.00000     0.00000     0.00000     0.00000     0.00000
     1.87000     0.10867     0.06397     0.00000     0.00000     0.00000     0.00000     0.00000     0.00000
     1.87500     0.10831     0.06376     0.00000     0.00000     0.00000     0.00000     0.00000     0.00000
     1.88000     0.10795     0.06355     0.00000     0.00000     0.00000     0.00000     0.00000     0.00000
     1.88500     0.10759     0.06335     0.00000     0.00000     0.00000     0.00000     0.00000     0.00000
     1.89000     0.10724     0.06314     0.00000     0.00000     0.00000     0.00000     0.00000     0.00000
     1.89500     0.10688     0.06294     0.00000     0.00000     0.00000     0.00000     0.00000     0.00000
     1.90000     0.10653     0.06273     0.00000     0.00000     0.00000     0.00000     0.00000     0.00000
     1.90500     0.10618     0.06253     0.00000     0.00000     0.00000     0.00000     0.00000     0.00000
     1.91000     0.10583     0.06232     0.00000     0.00000     0.00000     0.00000     0.00000     0.00000
     1.91500     0.10548     0.06212     0.00000     0.00000     0.00000     0.00000     0.00000     0.00000
     1.92000     0.10513     0.06192     0.00000     0.00000     0.00000     0.00000     0.00000     0.00000
     1.92500     0.10478     0.06171     0.00000     0.00000     0.00000     0.00000     0.00000     0.00000
     1.93000     0.10444     0.06151     0.00000     0.00000     0.00000     0.00000     0.00000     0.00000
     1.93500     0.10409     0.06131     0.00000     0.00000     0.00000     0.00000     0.00000     0.00000
     1.94000     0.10375     0.06111     0.00000     0.00000     0.00000     0.00000     0.00000     0.00000
     1.94500     0.10341     0.06091     0.00000     0.00000     0.00000     0.00000     0.00000     0.00000
     1.95000     0.10306     0.06071     0.00000     0.00000     0.00000     0.00000     0.00000     0.00000
     1.95500     0.10272     0.06052     0.00000     0.00000     0.00000     0.00000     0.00000     0.00000
     1.96000     0.10238     0.06032     0.00000     0.00000     0.00000     0.00000     0.00000     0.00000
     1.96500     0.10205     0.06012     0.00000     0.00000     0.00000     0.00000     0.00000     0.00000
     1.97000     0.10171     0.05992     0.00000     0.00000     0.00000     0.00000     0.00000     0.00000
     1.97500     0.10137     0.05973     0.00000     0.00000     0.00000     0.00000     0.00000     0.00000
     1.98000     0.10104     0.05953     0.00000     0.00000     0.00000     0.00000     0.00000     0.00000
     1.98500     0.10071     0.05934     0.00000     0.00000     0.00000     0.00000     0.00000     0.00000
     1.99000     0.10037     0.05914     0.00000     0.00000     0.00000     0.00000     0.00000     0.00000
     1.99500     0.10004     0.05895     0.00000     0.00000     0.00000     0.00000     0.00000     0.00000
     2.00000     0.09971     0.05876     0.00000     0.00000     0.00000     0.00000     0.00000     0.00000
     2.00500     0.09938     0.05857     0.00000     0.00000     0.00000     0.00000     0.00000     0.00000
     2.01000     0.09906     0.05837     0.00000     0.00000     0.00000     0.00000     0.00000     0.00000
     2.01500     0.09873     0.05818     0.00000     0.00000     0.00000     0.00000     0.00000     0.00000
     2.02000     0.09840     0.05799     0.00000     0.00000     0.00000     0.00000     0.00000     0.00000
     2.02500     0.09808     0.05780     0.00000     0.00000     0.00000     0.00000     0.00000     0.00000
     2.03000     0.09776     0.05761     0.00000     0.00000     0.00000     0.00000     0.00000     0.00000
     2.03500     0.09743     0.05742     0.00000     0.00000     0.00000     0.00000     0.00000     0.00000
     2.04000     0.09711     0.05724     0.00000     0.00000     0.00000     0.00000     0.00000     0.00000
     2.04500     0.09679     0.05705     0.00000     0.00000     0.00000     0.00000     0.00000     0.00000
     2.05000     0.09647     0.05686     0.00000     0.00000     0.00000     0.00000     0.00000     0.00000
     2.05500     0.09615     0.05667     0.00000     0.00000     0.00000     0.00000     0.00000     0.00000
     2.06000     0.09584     0.05649     0.00000     0.00000     0.00000     0.00000     0.00000     0.00000
     2.06500     0.09552     0.05630     0.00000     0.00000     0.00000     0.00000     0.00000     0.00000
     2.07000     0.09521     0.05612     0.00000     0.00000     0.00000     0.00000     0.00000     0.00000
     2.07500     0.09489     0.05593     0.00000     0.00000     0.00000     0.00000     0.00000     0.00000
     2.08000     0.09458     0.05575     0.00000     0.00000     0.00000     0.00000     0.00000     0.00000
     2.08500     0.09427     0.05557     0.00000     0.00000     0.00000     0.00000     0.00000     0.00000
     2.09000     0.09396     0.05539     0.00000     0.00000     0.00000     0.00000     0.00000     0.00000
     2.09500     0.09365     0.05520     0.00000     0.00000     0.00000     0.00000     0.00000     0.00000
     2.10000     0.09334     0.05502     0.00000     0.00000     0.00000     0.00000     0.00000     0.00000
     2.10500     0.09303     0.05484     0.00000     0.00000     0.00000     0.00000     0.00000     0.00000
     2.11000     0.09272     0.05466     0.00000     0.00000     0.00000     0.00000     0.00000     0.00000
     2.11500     0.09242     0.05448     0.00000     0.00000     0.00000     0.00000     0.00000     0.00000
     2.12000     0.09211     0.05430     0.00000     0.00000     0.00000     0.00000     0.00000     0.00000
     2.12500     0.09181     0.05412     0.00000     0.00000     0.00000     0.00000     0.00000     0.00000
     2.13000     0.09151     0.05395     0.00000     0.00000     0.00000     0.00000     0.00000     0.00000
     2.13500     0.09121     0.05377     0.00000     0.00000     0.00000     0.00000     0.00000     0.00000
     2.14000     0.09091     0.05359     0.00000     0.00000     0.00000     0.00000     0.00000     0.00000
     2.14500     0.09061     0.05342     0.00000     0.00000     0.00000     0.00000     0.00000     0.00000
     2.15000     0.09031     0.05324     0.00000     0.00000     0.00000     0.00000     0.00000     0.00000
     2.15500     0.09001     0.05306     0.00000     0.00000     0.00000     0.00000     0.00000     0.00000
     2.16000     0.08971     0.05289     0.00000     0.00000     0.00000     0.00000     0.00000     0.00000
     2.16500     0.08942     0.05272     0.00000     0.00000     0.00000     0.00000     0.00000     0.00000
     2.17000     0.08912     0.05254     0.00000     0.00000     0.00000     0.00000     0.00000     0.00000
     2.17500     0.08883     0.05237     0.00000     0.00000     0.00000     0.00000     0.00000     0.00000
     2.18000     0.08854     0.05220     0.00000     0.00000     0.00000     0.00000     0.00000     0.00000
     2.18500     0.08825     0.05202     0.00000     0.00000     0.00000     0.00000     0.00000     0.00000
     2.19000     0.08796     0.05185     0.00000     0.00000     0.00000     0.00000     0.00000     0.00000
     2.19500     0.08767     0.05168     0.00000     0.00000     0.00000     0.00000     0.00000     0.00000
     2.20000     0.08738     0.05151     0.00000     0.00000     0.00000     0.00000     0.00000     0.00000
     2.20500     0.08709     0.05134     0.00000     0.00000     0.00000     0.00000     0.00000     0.00000
     2.21000     0.08680     0.05117     0.00000     0.00000     0.00000     0.00000     0.00000     0.00000
     2.21500     0.08652     0.05100     0.00000     0.00000     0.00000     0.00000     0.00000     0.00000
     2.22000     0.08623     0.05084     0.00000     0.00000     0.00000     0.00000     0.00000     0.00000
     2.22500     0.08595     0.05067     0.00000     0.00000     0.00000     0.00000     0.00000     0.00000
     2.23000     0.08567     0.05050     0.00000     0.00000     0.00000     0.00000     0.00000     0.00000
     2.23500     0.08538     0.05033     0.00000     0.00000     0.00000     0.00000     0.00000     0.00000
     2.24000     0.08510     0.05017     0.00000     0.00000     0.00000     0.00000     0.00000     0.00000
     2.24500     0.08482     0.05000     0.00000     0.00000     0.00000     0.00000     0.00000     0.00000
     2.25000     0.08454     0.04984     0.00000     0.00000     0.00000     0.00000     0.00000     0.00000
     2.25500     0.08426     0.04967     0.00000     0.00000     0.00000     0.00000     0.00000     0.00000
     2.26000     0.08399     0.04951     0.00000     0.00000     0.00000     0.00000     0.00000     0.00000
     2.26500     0.08371     0.04934     0.00000     0.00000     0.00000     0.00000     0.00000     0.00000
     2.27000     0.08343     0.04918     0.00000     0.00000     0.00000     0.00000     0.00000     0.00000
     2.27500     0.08316     0.04902     0.00000     0.00000     0.00000     0.00000     0.00000     0.00000
     2.28000     0.08289     0.04886     0.00000     0.00000     0.00000     0.00000     0.00000     0.00000
     2.28500     0.08261     0.04870     0.00000     0.00000     0.00000     0.00000     0.00000     0.00000
     2.29000     0.08234     0.04853     0.00000     0.00000     0.00000     0.00000     0.00000     0.00000
     2.29500     0.08207     0.04837     0.00000     0.00000     0.00000     0.00000     0.00000     0.00000
     2.30000     0.08180     0.04821     0.00000     0.00000     0.00000     0.00000     0.00000     0.00000
     2.30500     0.08153     0.04805     0.00000     0.00000     0.00000     0.00000     0.00000     0.00000
     2.31000     0.08126     0.04790     0.00000     0.00000     0.00000     0.00000     0.00000     0.00000
     2.31500     0.08100     0.04774     0.00000     0.00000     0.00000     0.00000     0.00000     0.00000
     2.32000     0.08073     0.04758     0.00000     0.00000     0.00000     0.00000     0.00000     0.00000
     2.32500     0.08046     0.04742     0.00000     0.00000     0.00000     0.00000     0.00000     0.00000
     2.33000     0.08020     0.04726     0.00000     0.00000     0.00000     0.00000     0.00000     0.00000
     2.33500     0.07993     0.04711     0.00000     0.00000     0.00000     0.00000     0.00000     0.00000
     2.34000     0.07967     0.04695     0.00000     0.00000     0.00000     0.00000     0.00000     0.00000
     2.34500     0.07941     0.04680     0.00000     0.00000     0.00000     0.00000     0.00000     0.00000
     2.35000     0.07915     0.04664     0.00000     0.00000     0.00000     0.00000     0.00000     0.00000
     2.35500     0.07889     0.04649     0.00000     0.00000     0.00000     0.00000     0.00000     0.00000
     2.36000     0.07863     0.04633     0.00000     0.00000     0.00000     0.00000     0.00000     0.00000
     2.36500     0.07837     0.04618     0.00000     0.00000     0.00000     0.00000     0.00000     0.00000
     2.37000     0.07811     0.04603     0.00000     0.00000     0.00000     0.00000     0.00000     0.00000
     2.37500     0.07786     0.04587     0.00000     0.00000     0.00000     0.00000     0.00000     0.00000
     2.38000     0.07760     0.04572     0.00000     0.00000     0.00000     0.00000     0.00000     0.00000
     2.38500     0.07734     0.04557     0.00000     0.00000     0.00000     0.00000     0.00000     0.00000
     2.39000     0.07709     0.04542     0.00000     0.00000     0.00000     0.00000     0.00000     0.00000
     2.39500     0.07684     0.04527     0.00000     0.00000     0.00000     0.00000     0.00000     0.00000
     2.40000     0.07658     0.04512     0.00000     0.00000     0.00000     0.00000     0.00000     0.00000
     2.40500     0.07633     0.04497     0.00000     0.00000     0.00000     0.00000     0.00000     0.00000
     2.41000     0.07608     0.04482     0.00000     0.00000     0.00000     0.00000     0.00000     0.00000
     2.41500     0.07583     0.04467     0.00000     0.00000     0.00000     0.00000     0.00000     0.00000
     2.42000     0.07558     0.04452     0.00000     0.00000     0.00000     0.00000     0.00000     0.00000
     2.42500     0.07533     0.04437     0.00000     0.00000     0.00000     0.00000     0.00000     0.00000
     2.43000     0.07508     0.04423     0.00000     0.00000     0.00000     0.00000     0.00000     0.00000
     2.43500     0.07484     0.04408     0.00000     0.00000     0.00000     0.00000     0.00000     0.00000
     2.44000     0.07459     0.04393     0.00000     0.00000     0.00000     0.00000     0.00000     0.00000
     2.44500     0.07435     0.04379     0.00000     0.00000     0.00000     0.00000     0.00000     0.00000
     2.45000     0.07410     0.04364     0.00000     0.00000     0.00000     0.00000     0.00000     0.00000
     2.45500     0.07386     0.04350     0.00000     0.00000     0.00000     0.00000     0.00000     0.00000
     2.46000     0.07361     0.04335     0.00000     0.00000     0.00000     0.00000     0.00000     0.00000
     2.46500     0.07337     0.04321     0.00000     0.00000     0.00000     0.00000     0.00000     0.00000
     2.47000     0.07313     0.04306     0.00000     0.00000     0.00000     0.00000     0.00000     0.00000
     2.47500     0.07289     0.04292     0.00000     0.00000     0.00000     0.00000     0.00000     0.00000
     2.48000     0.07265     0.04278     0.00000     0.00000     0.00000     0.00000     0.00000     0.00000
     2.48500     0.07241     0.04264     0.00000     0.00000     0.00000     0.00000     0.00000     0.00000
     2.49000     0.07217     0.04249     0.00000     0.00000     0.00000     0.00000     0.00000     0.00000
     2.49500     0.07194     0.04235     0.00000     0.00000     0.00000     0.00000     0.00000     0.00000
     2.50000     0.07170     0.04221     0.00000     0.00000     0.00000     0.00000     0.00000     0.00000
     2.50500     0.07147     0.04207     0.00000     0.00000     0.00000     0.00000     0.00000     0.00000
     2.51000     0.07123     0.04193     0.00000     0.00000     0.00000     0.00000     0.00000     0.00000
     2.51500     0.07100     0.04179     0.00000     0.00000     0.00000     0.00000     0.00000     0.00000
     2.52000     0.07076     0.04165     0.00000     0.00000     0.00000     0.00000     0.00000     0.00000
     2.52500     0.07053     0.04151     0.00000     0.00000     0.00000     0.00000     0.00000     0.00000
     2.53000     0.07030     0.04138     0.00000     0.00000     0.00000     0.00000     0.00000     0.00000
     2.53500     0.07007     0.04124     0.00000     0.00000     0.00000     0.00000     0.00000     0.00000
     2.54000     0.06984     0.04110     0.00000     0.00000     0.00000     0.00000     0.00000     0.00000
     2.54500     0.06961     0.04096     0.00000     0.00000     0.00000     0.00000     0.00000     0.00000
     2.55000     0.06938     0.04083     0.00000     0.00000     0.00000     0.00000     0.00000     0.00000
     2.55500     0.06915     0.04069     0.00000     0.00000     0.00000     0.00000     0.00000     0.00000
     2.56000     0.06892     0.04056     0.00000     0.00000     0.00000     0.00000     0.00000     0.00000
     2.56500     0.06870     0.04042     0.00000     0.00000     0.00000     0.00000     0.00000     0.00000
     2.57000     0.06847     0.04029     0.00000     0.00000     0.00000     0.00000     0.00000     0.00000
     2.57500     0.06825     0.04015     0.00000     0.00000     0.00000     0.00000     0.00000     0.00000
     2.58000     0.06802     0.04002     0.00000     0.00000     0.00000     0.00000     0.00000     0.00000
     2.58500     0.06780     0.03989     0.00000     0.00000     0.00000     0.00000     0.00000     0.00000
     2.59000     0.06758     0.03975     0.00000     0.00000     0.00000     0.00000     0.00000     0.00000
     2.59500     0.06735     0.03962     0.00000     0.00000     0.00000     0.00000     0.00000     0.00000
     2.60000     0.06713     0.03949     0.00000     0.00000     0.00000     0.00000     0.00000     0.00000
     2.60500     0.06691     0.03936     0.00000     0.00000     0.00000     0.00000     0.00000     0.00000
     2.61000     0.06669     0.03922     0.00000     0.00000     0.00000     0.00000     0.00000     0.00000
     2.61500     0.06647     0.03909     0.00000     0.00000     0.00000     0.00000     0.00000     0.00000
     2.62000     0.06625     0.03896     0.00000     0.00000     0.00000     0.00000     0.00000     0.00000
     2.62500     0.06604     0.03883     0.00000     0.00000     0.00000     0.00000     0.00000     0.00000
     2.63000     0.06582     0.03870     0.00000     0.00000     0.00000     0.00000     0.00000     0.00000
     2.63500     0.06560     0.03857     0.00000     0.00000     0.00000     0.00000     0.00000     0.00000
     2.64000     0.06539     0.03845     0.00000     0.00000     0.00000     0.00000     0.00000     0.00000
     2.64500     0.06517     0.03832     0.00000     0.00000     0.00000     0.00000     0.00000     0.00000
     2.65000     0.06496     0.03819     0.00000     0.00000     0.00000     0.00000     0.00000     0.00000
     2.65500     0.06475     0.03806     0.00000     0.00000     0.00000     0.00000     0.00000     0.00000
     2.66000     0.06453     0.03793     0.00000     0.00000     0.00000     0.00000     0.00000     0.00000
     2.66500     0.06432     0.03781     0.00000     0.00000     0.00000     0.00000     0.00000     0.00000
     2.67000     0.06411     0.03768     0.00000     0.00000     0.00000     0.00000     0.00000     0.00000
     2.67500     0.06390     0.03756     0.00000     0.00000     0.00000     0.00000     0.00000     0.00000
     2.68000     0.06369     0.03743     0.00000     0.00000     0.00000     0.00000     0.00000     0.00000
     2.68500     0.06348     0.03731     0.00000     0.00000     0.00000     0.00000     0.00000     0.00000
     2.69000     0.06327     0.03718     0.00000     0.00000     0.00000     0.00000     0.00000     0.00000
     2.69500     0.06306     0.03706     0.00000     0.00000     0.00000     0.00000     0.00000     0.00000
     2.70000     0.06286     0.03693     0.00000     0.00000     0.00000     0.00000     0.00000     0.00000
     2.70500     0.06265     0.03681     0.00000     0.00000     0.00000     0.00000     0.00000     0.00000
     2.71000     0.06244     0.03669     0.00000     0.00000     0.00000     0.00000     0.00000     0.00000
     2.71500     0.06224     0.03656     0.00000     0.00000     0.00000     0.00000     0.00000     0.00000
     2.72000     0.06203     0.03644     0.00000     0.00000     0.00000     0.00000     0.00000     0.00000
     2.72500     0.06183     0.03632     0.00000     0.00000     0.00000     0.00000     0.00000     0.00000
     2.73000     0.06163     0.03620     0.00000     0.00000     0.00000     0.00000     0.00000     0.00000
     2.73500     0.06143     0.03608     0.00000     0.00000     0.00000     0.00000     0.00000     0.00000
     2.74000     0.06122     0.03596     0.00000     0.00000     0.00000     0.00000     0.00000     0.00000
     2.74500     0.06102     0.03584     0.00000     0.00000     0.00000     0.00000     0.00000     0.00000
     2.75000     0.06082     0.03572     0.00000     0.00000     0.00000     0.00000     0.00000     0.00000
     2.75500     0.06062     0.03560     0.00000     0.00000     0.00000     0.00000     0.00000     0.00000
     2.76000     0.06042     0.03548     0.00000     0.00000     0.00000     0.00000     0.00000     0.00000
     2.76500     0.06023     0.03536     0.00000     0.00000     0.00000     0.00000     0.00000     0.00000
     2.77000     0.06003     0.03524     0.00000     0.00000     0.00000     0.00000     0.00000     0.00000
     2.77500     0.05983     0.03512     0.00000     0.00000     0.00000     0.00000     0.00000     0.00000
     2.78000     0.05963     0.03500     0.00000     0.00000     0.00000     0.00000     0.00000     0.00000
     2.78500     0.05944     0.03489     0.00000     0.00000     0.00000     0.00000     0.00000     0.00000
     2.79000     0.05924     0.03477     0.00000     0.00000     0.00000     0.00000     0.00000     0.00000
     2.79500     0.05905     0.03465     0.00000     0.00000     0.00000     0.00000     0.00000     0.00000
     2.80000     0.05885     0.03454     0.00000     0.00000     0.00000     0.00000     0.00000     0.00000
     2.80500     0.05866     0.03442     0.00000     0.00000     0.00000     0.00000     0.00000     0.00000
     2.81000     0.05847     0.03431     0.00000     0.00000     0.00000     0.00000     0.00000     0.00000
     2.81500     0.05828     0.03419     0.00000     0.00000     0.00000     0.00000     0.00000     0.00000
     2.82000     0.05809     0.03408     0.00000     0.00000     0.00000     0.00000     0.00000     0.00000
     2.82500     0.05789     0.03396     0.00000     0.00000     0.00000     0.00000     0.00000     0.00000
     2.83000     0.05770     0.03385     0.00000     0.00000     0.00000     0.00000     0.00000     0.00000
     2.83500     0.05752     0.03374     0.00000     0.00000     0.00000     0.00000     0.00000     0.00000
     2.84000     0.05733     0.03362     0.00000     0.00000     0.00000     0.00000     0.00000     0.00000
     2.84500     0.05714     0.03351     0.00000     0.00000     0.00000     0.00000     0.00000     0.00000
     2.85000     0.05695     0.03340     0.00000     0.00000     0.00000     0.00000     0.00000     0.00000
     2.85500     0.05676     0.03329     0.00000     0.00000     0.00000     0.00000     0.00000     0.00000
     2.86000     0.05658     0.03317     0.00000     0.00000     0.00000     0.00000     0.00000     0.00000
     2.86500     0.05639     0.03306     0.00000     0.00000     0.00000     0.00000     0.00000     0.00000
     2.87000     0.05621     0.03295     0.00000     0.00000     0.00000     0.00000     0.00000     0.00000
     2.87500     0.05602     0.03284     0.00000     0.00000     0.00000     0.00000     0.00000     0.00000
     2.88000     0.05584     0.03273     0.00000     0.00000     0.00000     0.00000     0.00000     0.00000
     2.88500     0.05566     0.03262     0.00000     0.00000     0.00000     0.00000     0.00000     0.00000
     2.89000     0.05547     0.03251     0.00000     0.00000     0.00000     0.00000     0.00000     0.00000
     2.89500     0.05529     0.03240     0.00000     0.00000     0.00000     0.00000     0.00000     0.00000
     2.90000     0.05511     0.03229     0.00000     0.00000     0.00000     0.00000     0.00000     0.00000
     2.90500     0.05493     0.03219     0.00000     0.00000     0.00000     0.00000     0.00000     0.00000
     2.91000     0.05475     0.03208     0.00000     0.00000     0.00000     0.00000     0.00000     0.00000
     2.91500     0.05457     0.03197     0.00000     0.00000     0.00000     0.00000     0.00000     0.00000
     2.92000     0.05439     0.03186     0.00000     0.00000     0.00000     0.00000     0.00000     0.00000
     2.92500     0.05421     0.03176     0.00000     0.00000     0.00000     0.00000     0.00000     0.00000
     2.93000     0.05403     0.03165     0.00000     0.00000     0.00000     0.00000     0.00000     0.00000
     2.93500     0.05386     0.03154     0.00000     0.00000     0.00000     0.00000     0.00000     0.00000
     2.94000     0.05368     0.03144     0.00000     0.00000     0.00000     0.00000     0.00000     0.00000
     2.94500     0.05350     0.03133     0.00000     0.00000     0.00000     0.00000     0.00000     0.00000
     2.95000     0.05333     0.03123     0.00000     0.00000     0.00000     0.00000     0.00000     0.00000
     2.95500     0.05315     0.03112     0.00000     0.00000     0.00000     0.00000     0.00000     0.00000
     2.96000     0.05298     0.03102     0.00000     0.00000     0.00000     0.00000     0.00000     0.00000
     2.96500     0.05280     0.03091     0.00000     0.00000     0.00000     0.00000     0.00000     0.00000
     2.97000     0.05263     0.03081     0.00000     0.00000     0.00000     0.00000     0.00000     0.00000
     2.97500     0.05246     0.03070     0.00000     0.00000     0.00000     0.00000     0.00000     0.00000
     2.98000     0.05229     0.03060     0.00000     0.00000     0.00000     0.00000     0.00000     0.00000
     2.98500     0.05211     0.03050     0.00000     0.00000     0.00000     0.00000     0.00000     0.00000
     2.99000     0.05194     0.03040     0.00000     0.00000     0.00000     0.00000     0.00000     0.00000
     2.99500     0.05177     0.03029     0.00000     0.00000     0.00000     0.00000     0.00000     0.00000
     3.00000     0.05160     0.03019     0.00000     0.00000     0.00000     0.00000     0.00000     0.00000
     3.00500     0.05143     0.03009     0.00000     0.00000     0.00000     0.00000     0.00000     0.00000
     3.01000     0.05126     0.02999     0.00000     0.00000     0.00000     0.00000     0.00000     0.00000
     3.01500     0.05110     0.02989     0.00000     0.00000     0.00000     0.00000     0.00000     0.00000
     3.02000     0.05093     0.02979     0.00000     0.00000     0.00000     0.00000     0.00000     0.00000
     3.02500     0.05076     0.02969     0.00000     0.00000     0.00000     0.00000     0.00000     0.00000
     3.03000     0.05060     0.02959     0.00000     0.00000     0.00000     0.00000     0.00000     0.00000
     3.03500     0.05043     0.02949     0.00000     0.00000     0.00000     0.00000     0.00000     0.00000
     3.04000     0.05026     0.02939     0.00000     0.00000     0.00000     0.00000     0.00000     0.00000
     3.04500     0.05010     0.02929     0.00000     0.00000     0.00000     0.00000     0.00000     0.00000
     3.05000     0.04993     0.02919     0.00000     0.00000     0.00000     0.00000     0.00000     0.00000
     3.05500     0.04977     0.02909     0.00000     0.00000     0.00000     0.00000     0.00000     0.00000
     3.06000     0.04961     0.02900     0.00000     0.00000     0.00000     0.00000     0.00000     0.00000
     3.06500     0.04945     0.02890     0.00000     0.00000     0.00000     0.00000     0.00000     0.00000
     3.07000     0.04928     0.02880     0.00000     0.00000     0.00000     0.00000     0.00000     0.00000
     3.07500     0.04912     0.02870     0.00000     0.00000     0.00000     0.00000     0.00000     0.00000
     3.08000     0.04896     0.02861     0.00000     0.00000     0.00000     0.00000     0.00000     0.00000
     3.08500     0.04880     0.02851     0.00000     0.00000     0.00000     0.00000     0.00000     0.00000
     3.09000     0.04864     0.02842     0.00000     0.00000     0.00000     0.00000     0.00000     0.00000
     3.09500     0.04848     0.02832     0.00000     0.00000     0.00000     0.00000     0.00000     0.00000
     3.10000     0.04832     0.02822     0.00000     0.00000     0.00000     0.00000     0.00000     0.00000
     3.10500     0.04816     0.02813     0.00000     0.00000     0.00000     0.00000     0.00000     0.00000
     3.11000     0.04800     0.02803     0.00000     0.00000     0.00000     0.00000     0.00000     0.00000
     3.11500     0.04785     0.02794     0.00000     0.00000     0.00000     0.00000     0.00000     0.00000
     3.12000     0.04769     0.02785     0.00000     0.00000     0.00000     0.00000     0.00000     0.00000
     3.12500     0.04753     0.02775     0.00000     0.00000     0.00000     0.00000     0.00000     0.00000
     3.13000     0.04738     0.02766     0.00000     0.00000     0.00000     0.00000     0.00000     0.00000
     3.13500     0.04722     0.02757     0.00000     0.00000     0.00000     0.00000     0.00000     0.00000
     3.14000     0.04707     0.02747     0.00000     0.00000     0.00000     0.00000     0.00000     0.00000
     3.14500     0.04691     0.02738     0.00000     0.00000     0.00000     0.00000     0.00000     0.00000
     3.15000     0.04676     0.02729     0.00000     0.00000     0.00000     0.00000     0.00000     0.00000
     3.15500     0.04661     0.02720     0.00000     0.00000     0.00000     0.00000     0.00000     0.00000
     3.16000     0.04645     0.02710     0.00000     0.00000     0.00000     0.00000     0.00000     0.00000
     3.16500     0.04630     0.02701     0.00000     0.00000     0.00000     0.00000     0.00000     0.00000
     3.17000     0.04615     0.02692     0.00000     0.00000     0.00000     0.00000     0.00000     0.00000
     3.17500     0.04600     0.02683     0.00000     0.00000     0.00000     0.00000     0.00000     0.00000
     3.18000     0.04585     0.02674     0.00000     0.00000     0.00000     0.00000     0.00000     0.00000
     3.18500     0.04570     0.02665     0.00000     0.00000     0.00000     0.00000     0.00000     0.00000
     3.19000     0.04555     0.02656     0.00000     0.00000     0.00000     0.00000     0.00000     0.00000
     3.19500     0.04540     0.02647     0.00000     0.00000     0.00000     0.00000     0.00000     0.00000
     3.20000     0.04525     0.02638     0.00000     0.00000     0.00000     0.00000     0.00000     0.00000
     3.20500     0.04510     0.02629     0.00000     0.00000     0.00000     0.00000     0.00000     0.00000
     3.21000     0.04495     0.02620     0.00000     0.00000     0.00000     0.00000     0.00000     0.00000
     3.21500     0.04481     0.02612     0.00000     0.00000     0.00000     0.00000     0.00000     0.00000
     3.22000     0.04466     0.02603     0.00000     0.00000     0.00000     0.00000     0.00000     0.00000
     3.22500     0.04451     0.02594     0.00000     0.00000     0.00000     0.00000     0.00000     0.00000
     3.23000     0.04437     0.02585     0.00000     0.00000     0.00000     0.00000     0.00000     0.00000
     3.23500     0.04422     0.02577     0.00000     0.00000     0.00000     0.00000     0.00000     0.00000
     3.24000     0.04408     0.02568     0.00000     0.00000     0.00000     0.00000     0.00000     0.00000
     3.24500     0.04393     0.02559     0.00000     0.00000     0.00000     0.00000     0.00000     0.00000
     3.25000     0.04379     0.02551     0.00000     0.00000     0.00000     0.00000     0.00000     0.00000
     3.25500     0.04364     0.02542     0.00000     0.00000     0.00000     0.00000     0.00000     0.00000
     3.26000     0.04350     0.02533     0.00000     0.00000     0.00000     0.00000     0.00000     0.00000
     3.26500     0.04336     0.02525     0.00000     0.00000     0.00000     0.00000     0.00000     0.00000
     3.27000     0.04322     0.02516     0.00000     0.00000     0.00000     0.00000     0.00000     0.00000
     3.27500     0.04307     0.02508     0.00000     0.00000     0.00000     0.00000     0.00000     0.00000
     3.28000     0.04293     0.02499     0.00000     0.00000     0.00000     0.00000     0.00000     0.00000
     3.28500     0.04279     0.02491     0.00000     0.00000     0.00000     0.00000     0.00000     0.00000
     3.29000     0.04265     0.02482     0.00000     0.00000     0.00000     0.00000     0.00000     0.00000
     3.29500     0.04251     0.02474     0.00000     0.00000     0.00000     0.00000     0.00000     0.00000
     3.30000     0.04237     0.02466     0.00000     0.00000     0.00000     0.00000     0.00000     0.00000
     3.30500     0.04223     0.02457     0.00000     0.00000     0.00000     0.00000     0.00000     0.00000
     3.31000     0.04210     0.02449     0.00000     0.00000     0.00000     0.00000     0.00000     0.00000
     3.31500     0.04196     0.02441     0.00000     0.00000     0.00000     0.00000     0.00000     0.00000
     3.32000     0.04182     0.02433     0.00000     0.00000     0.00000     0.00000     0.00000     0.00000
     3.32500     0.04168     0.02424     0.00000     0.00000     0.00000     0.00000     0.00000     0.00000
     3.33000     0.04155     0.02416     0.00000     0.00000     0.00000     0.00000     0.00000     0.00000
     3.33500     0.04141     0.02408     0.00000     0.00000     0.00000     0.00000     0.00000     0.00000
     3.34000     0.04127     0.02400     0.00000     0.00000     0.00000     0.00000     0.00000     0.00000
     3.34500     0.04114     0.02392     0.00000     0.00000     0.00000     0.00000     0.00000     0.00000
     3.35000     0.04100     0.02384     0.00000     0.00000     0.00000     0.00000     0.00000     0.00000
     3.35500     0.04087     0.02376     0.00000     0.00000     0.00000     0.00000     0.00000     0.00000
     3.36000     0.04074     0.02368     0.00000     0.00000     0.00000     0.00000     0.00000     0.00000
     3.36500     0.04060     0.02360     0.00000     0.00000     0.00000     0.00000     0.00000     0.00000
     3.37000     0.04047     0.02352     0.00000     0.00000     0.00000     0.00000     0.00000     0.00000
     3.37500     0.04034     0.02344     0.00000     0.00000     0.00000     0.00000     0.00000     0.00000
     3.38000     0.04021     0.02336     0.00000     0.00000     0.00000     0.00000     0.00000     0.00000
     3.38500     0.04007     0.02328     0.00000     0.00000     0.00000     0.00000     0.00000     0.00000
     3.39000     0.03994     0.02320     0.00000     0.00000     0.00000     0.00000     0.00000     0.00000
     3.39500     0.03981     0.02312     0.00000     0.00000     0.00000     0.00000     0.00000     0.00000
     3.40000     0.03968     0.02304     0.00000     0.00000     0.00000     0.00000     0.00000     0.00000
     3.40500     0.03955     0.02297     0.00000     0.00000     0.00000     0.00000     0.00000     0.00000
     3.41000     0.03942     0.02289     0.00000     0.00000     0.00000     0.00000     0.00000     0.00000
     3.41500     0.03929     0.02281     0.00000     0.00000     0.00000     0.00000     0.00000     0.00000
     3.42000     0.03916     0.02273     0.00000     0.00000     0.00000     0.00000     0.00000     0.00000
     3.42500     0.03903     0.02266     0.00000     0.00000     0.00000     0.00000     0.00000     0.00000
     3.43000     0.03891     0.02258     0.00000     0.00000     0.00000     0.00000     0.00000     0.00000
     3.43500     0.03878     0.02250     0.00000     0.00000     0.00000     0.00000     0.00000     0.00000
     3.44000     0.03865     0.02243     0.00000     0.00000     0.00000     0.00000     0.00000     0.00000
     3.44500     0.03853     0.02235     0.00000     0.00000     0.00000     0.00000     0.00000     0.00000
     3.45000     0.03840     0.02228     0.00000     0.00000     0.00000     0.00000     0.00000     0.00000
     3.45500     0.03827     0.02220     0.00000     0.00000     0.00000     0.00000     0.00000     0.00000
     3.46000     0.03815     0.02213     0.00000     0.00000     0.00000     0.00000     0.00000     0.00000
     3.46500     0.03802     0.02205     0.00000     0.00000     0.00000     0.00000     0.00000     0.00000
     3.47000     0.03790     0.02198     0.00000     0.00000     0.00000     0.00000     0.00000     0.00000
     3.47500     0.03777     0.02190     0.00000     0.00000     0.00000     0.00000     0.00000     0.00000
     3.48000     0.03765     0.02183     0.00000     0.00000     0.00000     0.00000     0.00000     0.00000
     3.48500     0.03753     0.02175     0.00000     0.00000     0.00000     0.00000     0.00000     0.00000
     3.49000     0.03740     0.02168     0.00000     0.00000     0.00000     0.00000     0.00000     0.00000
     3.49500     0.03728     0.02161     0.00000     0.00000     0.00000     0.00000     0.00000     0.00000
     3.50000     0.03716     0.02153     0.00000     0.00000     0.00000     0.00000     0.00000     0.00000
     3.50500     0.03704     0.02146     0.00000     0.00000     0.00000     0.00000     0.00000     0.00000
     3.51000     0.03692     0.02139     0.00000     0.00000     0.00000     0.00000     0.00000     0.00000
     3.51500     0.03680     0.02132     0.00000     0.00000     0.00000     0.00000     0.00000     0.00000
     3.52000     0.03668     0.02124     0.00000     0.00000     0.00000     0.00000     0.00000     0.00000
     3.52500     0.03656     0.02117     0.00000     0.00000     0.00000     0.00000     0.00000     0.00000
     3.53000     0.03644     0.02110     0.00000     0.00000     0.00000     0.00000     0.00000     0.00000
     3.53500     0.03632     0.02103     0.00000     0.00000     0.00000     0.00000     0.00000     0.00000
     3.54000     0.03620     0.02096     0.00000     0.00000     0.00000     0.00000     0.00000     0.00000
     3.54500     0.03608     0.02089     0.00000     0.00000     0.00000     0.00000     0.00000     0.00000
     3.55000     0.03596     0.02082     0.00000     0.00000     0.00000     0.00000     0.00000     0.00000
     3.55500     0.03584     0.02075     0.00000     0.00000     0.00000     0.00000     0.00000     0.00000
     3.56000     0.03573     0.02068     0.00000     0.00000     0.00000     0.00000     0.00000     0.00000
     3.56500     0.03561     0.02061     0.00000     0.00000     0.00000     0.00000     0.00000     0.00000
     3.57000     0.03549     0.02054     0.00000     0.00000     0.00000     0.00000     0.00000     0.00000
     3.57500     0.03538     0.02047     0.00000     0.00000     0.00000     0.00000     0.00000     0.00000
     3.58000     0.03526     0.02040     0.00000     0.00000     0.00000     0.00000     0.00000     0.00000
     3.58500     0.03514     0.02033     0.00000     0.00000     0.00000     0.00000     0.00000     0.00000
     3.59000     0.03503     0.02026     0.00000     0.00000     0.00000     0.00000     0.00000     0.00000
     3.59500     0.03491     0.02019     0.00000     0.00000     0.00000     0.00000     0.00000     0.00000
     3.60000     0.03480     0.02012     0.00000     0.00000     0.00000     0.00000     0.00000     0.00000
     3.60500     0.03469     0.02005     0.00000     0.00000     0.00000     0.00000     0.00000     0.00000
     3.61000     0.03457     0.01999     0.00000     0.00000     0.00000     0.00000     0.00000     0.00000
     3.61500     0.03446     0.01992     0.00000     0.00000     0.00000     0.00000     0.00000     0.00000
     3.62000     0.03435     0.01985     0.00000     0.00000     0.00000     0.00000     0.00000     0.00000
     3.62500     0.03423     0.01978     0.00000     0.00000     0.00000     0.00000     0.00000     0.00000
     3.63000     0.03412     0.01972     0.00000     0.00000     0.00000     0.00000     0.00000     0.00000
     3.63500     0.03401     0.01965     0.00000     0.00000     0.00000     0.00000     0.00000     0.00000
     3.64000     0.03390     0.01958     0.00000     0.00000     0.00000     0.00000     0.00000     0.00000
     3.64500     0.03379     0.01952     0.00000     0.00000     0.00000     0.00000     0.00000     0.00000
     3.65000     0.03368     0.01945     0.00000     0.00000     0.00000     0.00000     0.00000     0.00000
     3.65500     0.03357     0.01938     0.00000     0.00000     0.00000     0.00000     0.00000     0.00000
     3.66000     0.03346     0.01932     0.00000     0.00000     0.00000     0.00000     0.00000     0.00000
     3.66500     0.03335     0.01925     0.00000     0.00000     0.00000     0.00000     0.00000     0.00000
     3.67000     0.03324     0.01919     0.00000     0.00000     0.00000     0.00000     0.00000     0.00000
     3.67500     0.03313     0.01912     0.00000     0.00000     0.00000     0.00000     0.00000     0.00000
     3.68000     0.03302     0.01906     0.00000     0.00000     0.00000     0.00000     0.00000     0.00000
     3.68500     0.03291     0.01899     0.00000     0.00000     0.00000     0.00000     0.00000     0.00000
     3.69000     0.03281     0.01893     0.00000     0.00000     0.00000     0.00000     0.00000     0.00000
     3.69500     0.03270     0.01886     0.00000     0.00000     0.00000     0.00000     0.00000     0.00000
     3.70000     0.03259     0.01880     0.00000     0.00000     0.00000     0.00000     0.00000     0.00000
     3.70500     0.03248     0.01874     0.00000     0.00000     0.00000     0.00000     0.00000     0.00000
     3.71000     0.03238     0.01867     0.00000     0.00000     0.00000     0.00000     0.00000     0.00000
     3.71500     0.03227     0.01861     0.00000     0.00000     0.00000     0.00000     0.00000     0.00000
     3.72000     0.03217     0.01855     0.00000     0.00000     0.00000     0.00000     0.00000     0.00000
     3.72500     0.03206     0.01848     0.00000     0.00000     0.00000     0.00000     0.00000     0.00000
     3.73000     0.03196     0.01842     0.00000     0.00000     0.00000     0.00000     0.00000     0.00000
     3.73500     0.03185     0.01836     0.00000     0.00000     0.00000     0.00000     0.00000     0.00000
     3.74000     0.03175     0.01830     0.00000     0.00000     0.00000     0.00000     0.00000     0.00000
     3.74500     0.03164     0.01823     0.00000     0.00000     0.00000     0.00000     0.00000     0.00000
     3.75000     0.03154     0.01817     0.00000     0.00000     0.00000     0.00000     0.00000     0.00000
     3.75500     0.03144     0.01811     0.00000     0.00000     0.00000     0.00000     0.00000     0.00000
     3.76000     0.03133     0.01805     0.00000     0.00000     0.00000     0.00000     0.00000     0.00000
     3.76500     0.03123     0.01799     0.00000     0.00000     0.00000     0.00000     0.00000     0.00000
     3.77000     0.03113     0.01793     0.00000     0.00000     0.00000     0.00000     0.00000     0.00000
     3.77500     0.03103     0.01787     0.00000     0.00000     0.00000     0.00000     0.00000     0.00000
     3.78000     0.03093     0.01781     0.00000     0.00000     0.00000     0.00000     0.00000     0.00000
     3.78500     0.03082     0.01775     0.00000     0.00000     0.00000     0.00000     0.00000     0.00000
     3.79000     0.03072     0.01769     0.00000     0.00000     0.00000     0.00000     0.00000     0.00000
     3.79500     0.03062     0.01763     0.00000     0.00000     0.00000     0.00000     0.00000     0.00000
     3.80000     0.03052     0.01757     0.00000     0.00000     0.00000     0.00000     0.00000     0.00000
     3.80500     0.03042     0.01751     0.00000     0.00000     0.00000     0.00000     0.00000     0.00000
     3.81000     0.03032     0.01745     0.00000     0.00000     0.00000     0.00000     0.00000     0.00000
     3.81500     0.03022     0.01739     0.00000     0.00000     0.00000     0.00000     0.00000     0.00000
     3.82000     0.03013     0.01733     0.00000     0.00000     0.00000     0.00000     0.00000     0.00000
     3.82500     0.03003     0.01727     0.00000     0.00000     0.00000     0.00000     0.00000     0.00000
     3.83000     0.02993     0.01721     0.00000     0.00000     0.00000     0.00000     0.00000     0.00000
     3.83500     0.02983     0.01715     0.00000     0.00000     0.00000     0.00000     0.00000     0.00000
     3.84000     0.02973     0.01709     0.00000     0.00000     0.00000     0.00000     0.00000     0.00000
     3.84500     0.02964     0.01704     0.00000     0.00000     0.00000     0.00000     0.00000     0.00000
     3.85000     0.02954     0.01698     0.00000     0.00000     0.00000     0.00000     0.00000     0.00000
     3.85500     0.02944     0.01692     0.00000     0.00000     0.00000     0.00000     0.00000     0.00000
     3.86000     0.02935     0.01686     0.00000     0.00000     0.00000     0.00000     0.00000     0.00000
     3.86500     0.02925     0.01681     0.00000     0.00000     0.00000     0.00000     0.00000     0.00000
     3.87000     0.02915     0.01675     0.00000     0.00000     0.00000     0.00000     0.00000     0.00000
     3.87500     0.02906     0.01669     0.00000     0.00000     0.00000     0.00000     0.00000     0.00000
     3.88000     0.02896     0.01664     0.00000     0.00000     0.00000     0.00000     0.00000     0.00000
     3.88500     0.02887     0.01658     0.00000     0.00000     0.00000     0.00000     0.00000     0.00000
     3.89000     0.02877     0.01652     0.00000     0.00000     0.00000     0.00000     0.00000     0.00000
     3.89500     0.02868     0.01647     0.00000     0.00000     0.00000     0.00000     0.00000     0.00000
     3.90000     0.02859     0.01641     0.00000     0.00000     0.00000     0.00000     0.00000     0.00000
     3.90500     0.02849     0.01636     0.00000     0.00000     0.00000     0.00000     0.00000     0.00000
     3.91000     0.02840     0.01630     0.00000     0.00000     0.00000     0.00000     0.00000     0.00000
     3.91500     0.02831     0.01624     0.00000     0.00000     0.00000     0.00000     0.00000     0.00000
     3.92000     0.02821     0.01619     0.00000     0.00000     0.00000     0.00000     0.00000     0.00000
     3.92500     0.02812     0.01613     0.00000     0.00000     0.00000     0.00000     0.00000     0.00000
     3.93000     0.02803     0.01608     0.00000     0.00000     0.00000     0.00000     0.00000     0.00000
     3.93500     0.02794     0.01603     0.00000     0.00000     0.00000     0.00000     0.00000     0.00000
     3.94000     0.02785     0.01597     0.00000     0.00000     0.00000     0.00000     0.00000     0.00000
     3.94500     0.02776     0.01592     0.00000     0.00000     0.00000     0.00000     0.00000     0.00000
     3.95000     0.02766     0.01586     0.00000     0.00000     0.00000     0.00000     0.00000     0.00000
     3.95500     0.02757     0.01581     0.00000     0.00000     0.00000     0.00000     0.00000     0.00000
     3.96000     0.02748     0.01575     0.00000     0.00000     0.00000     0.00000     0.00000     0.00000
     3.96500     0.02739     0.01570     0.00000     0.00000     0.00000     0.00000     0.00000     0.00000
     3.97000     0.02730     0.01565     0.00000     0.00000     0.00000     0.00000     0.00000     0.00000
     3.97500     0.02721     0.01559     0.00000     0.00000     0.00000     0.00000     0.00000     0.00000
     3.98000     0.02713     0.01554     0.00000     0.00000     0.00000     0.00000     0.00000     0.00000
     3.98500     0.02704     0.01549     0.00000     0.00000     0.00000     0.00000     0.00000     0.00000
     3.99000     0.02695     0.01544     0.00000     0.00000     0.00000     0.00000     0.00000     0.00000
     3.99500     0.02686     0.01538     0.00000     0.00000     0.00000     0.00000     0.00000     0.00000
     4.00000     0.02677     0.01533     0.00000     0.00000     0.00000     0.00000     0.00000     0.00000
