0.0075   1.3    1.305       0.2975E-01   0.7632E-01   0.3700E-01  -0.5877E-03
0.0075   2.0    1.366       0.3703E-01   0.1821       0.4039E-01  -0.8464E-03
0.0075   3.2    1.587       0.6680E-01   0.9905E-01   0.6319E-01  -0.2951E-02
0.0125   1.3    1.237       0.2408E-01   0.2122       0.3417E-01  -0.2950E-03
0.0125   2.0    1.335       0.2783E-01   0.2239       0.3512E-01  -0.4043E-03
0.0125   3.2    1.525       0.3794E-01   0.1684       0.4290E-01  -0.9122E-03
0.0125   5.0    1.675       0.6004E-01   0.2486       0.5783E-01  -0.2127E-02
0.0175   1.3    1.253       0.2421E-01   0.1894       0.4008E-01  -0.3237E-03
0.0175   2.0    1.385       0.2596E-01   0.2767       0.3549E-01  -0.3065E-03
0.0175   3.2    1.528       0.3118E-01   0.2906       0.3887E-01  -0.4949E-03
0.0175   5.0    1.589       0.4313E-01   0.2543       0.4715E-01  -0.1198E-02
0.0175   7.9    1.527       0.7152E-01   0.3513       0.6743E-01  -0.2951E-02
0.0250   1.3    1.226       0.1751E-01   0.2339       0.3704E-01  -0.2208E-03
0.0250   2.0    1.311       0.1703E-01   0.3517       0.2670E-01  -0.1048E-03
0.0250   3.2    1.463       0.1936E-01   0.3298       0.2605E-01  -0.1706E-03
0.0250   5.0    1.558       0.2339E-01   0.3732       0.2882E-01  -0.2723E-03
0.0250   7.9    1.661       0.3303E-01   0.3555       0.3521E-01  -0.6526E-03
0.0250  12.6    1.759       0.6962E-01   0.3551       0.6568E-01  -0.2989E-02
0.0350   1.3    1.193       0.1848E-01   0.4047       0.5474E-01  -0.2911E-03
0.0350   2.0    1.330       0.1818E-01   0.4121       0.3500E-01  -0.1773E-03
0.0350   3.2    1.412       0.1799E-01   0.4078       0.2699E-01  -0.1216E-03
0.0350   5.0    1.551       0.2052E-01   0.4159       0.2706E-01  -0.1623E-03
0.0350   7.9    1.598       0.2536E-01   0.4316       0.3064E-01  -0.3353E-03
0.0350  12.6    1.734       0.3787E-01   0.4561       0.3901E-01  -0.7614E-03
0.0350  20.0    1.779       0.1028       0.5198       0.9575E-01  -0.6347E-02
0.0500   1.3    1.228       0.1545E-01   0.3967       0.6599E-01  -0.3308E-03
0.0500   2.0    1.336       0.1371E-01   0.5068       0.3600E-01  -0.1111E-03
0.0500   3.2    1.434       0.1311E-01   0.4822       0.2357E-01  -0.6663E-04
0.0500   5.0    1.509       0.1365E-01   0.5058       0.1989E-01  -0.6090E-04
0.0500   7.9    1.593       0.1514E-01   0.5800       0.1979E-01  -0.7600E-04
0.0500  12.6    1.611       0.1881E-01   0.5615       0.2215E-01  -0.1539E-03
0.0500  20.0    1.683       0.2962E-01   0.6184       0.3011E-01  -0.4066E-03
0.0500  31.6    1.622       0.9702E-01   0.6167       0.9101E-01  -0.5234E-02
0.0700   2.0    1.322       0.1539E-01   0.5093       0.5839E-01  -0.2616E-03
0.0700   3.2    1.393       0.1375E-01   0.6078       0.3228E-01  -0.7956E-04
0.0700   5.0    1.482       0.1351E-01   0.6209       0.2280E-01  -0.5123E-04
0.0700   7.9    1.532       0.1379E-01   0.6377       0.1946E-01  -0.4001E-04
0.0700  12.6    1.548       0.1609E-01   0.6370       0.2080E-01  -0.8229E-04
0.0700  20.0    1.598       0.2097E-01   0.6485       0.2391E-01  -0.1815E-03
0.0700  31.6    1.591       0.3695E-01   0.6147       0.3683E-01  -0.6546E-03
0.0900   2.0    1.318       0.1821E-01   0.7605       0.9046E-01  -0.4613E-03
0.0900   3.2    1.380       0.1504E-01   0.5799       0.4613E-01  -0.1881E-03
0.0900   5.0    1.432       0.1368E-01   0.6738       0.2707E-01  -0.5207E-04
0.0900   7.9    1.458       0.1331E-01   0.7340       0.2048E-01  -0.1642E-04
0.0900  12.6    1.491       0.1463E-01   0.7146       0.1980E-01  -0.3770E-04
0.0900  20.0    1.510       0.1750E-01   0.7376       0.2177E-01  -0.8710E-04
0.0900  31.6    1.509       0.2384E-01   0.7384       0.2551E-01  -0.1834E-03
0.0900  50.1    1.548       0.6295E-01   0.7445       0.6111E-01  -0.1696E-02
0.1100   3.2    1.335       0.1595E-01   0.6630       0.6051E-01  -0.2547E-03
0.1100   5.0    1.363       0.1401E-01   0.7350       0.3292E-01  -0.6234E-04
0.1100   7.9    1.385       0.1302E-01   0.7624       0.2200E-01  -0.1085E-04
0.1100  12.6    1.413       0.1366E-01   0.7658       0.1940E-01  -0.1372E-04
0.1100  20.0    1.449       0.1602E-01   0.7653       0.2086E-01  -0.3829E-04
0.1100  31.6    1.382       0.1955E-01   0.7374       0.2253E-01  -0.1175E-03
0.1100  50.1    1.503       0.3664E-01   0.7596       0.3705E-01  -0.4764E-03
0.1400   3.2    1.279       0.1297E-01   0.7642       0.6294E-01  -0.2211E-03
0.1400   5.0    1.305       0.1043E-01   0.8043       0.3120E-01  -0.5882E-04
0.1400   7.9    1.302       0.9231E-02   0.7931       0.1804E-01  -0.2530E-05
0.1400  12.6    1.319       0.9062E-02   0.8154       0.1395E-01   0.5936E-05
0.1400  20.0    1.312       0.9773E-02   0.8078       0.1328E-01   0.2064E-05
0.1400  31.6    1.270       0.1137E-01   0.8071       0.1419E-01  -0.1022E-04
0.1400  50.1    1.251       0.1581E-01   0.8139       0.1711E-01  -0.3658E-04
0.1400  79.4    1.272       0.4124E-01   0.8476       0.4090E-01  -0.3180E-03
0.1800   5.0    1.185       0.1110E-01   0.9044       0.4342E-01  -0.9647E-04
0.1800   7.9    1.177       0.9669E-02   0.8026       0.2349E-01  -0.1973E-04
0.1800  12.6    1.184       0.8893E-02   0.8361       0.1532E-01   0.1525E-04
0.1800  20.0    1.155       0.8828E-02   0.8247       0.1269E-01   0.1865E-04
0.1800  31.6    1.138       0.9901E-02   0.8280       0.1303E-01   0.1349E-04
0.1800  50.1    1.088       0.1174E-01   0.8111       0.1379E-01   0.1185E-04
0.1800  79.4    1.098       0.2006E-01   0.7814       0.2082E-01  -0.1986E-04
0.2250   5.0    1.097       0.1162E-01   0.7368       0.5772E-01  -0.1981E-03
0.2250   7.9    1.053       0.8881E-02   0.7854       0.2710E-01  -0.2999E-04
0.2250  12.6    1.028       0.7769E-02   0.7824       0.1539E-01   0.1044E-04
0.2250  20.0    1.001       0.7348E-02   0.8027       0.1141E-01   0.1611E-04
0.2250  31.6   0.9815       0.7815E-02   0.7763       0.1066E-01   0.2077E-04
0.2250  50.1   0.9498       0.8975E-02   0.7413       0.1131E-01   0.1547E-04
0.2250  79.4   0.9334       0.1166E-01   0.7731       0.1279E-01   0.3551E-04
0.2750   7.9   0.9039       0.8981E-02   0.7803       0.3387E-01  -0.4604E-04
0.2750  12.6   0.8763       0.7741E-02   0.7207       0.1818E-01   0.2181E-05
0.2750  20.0   0.8515       0.7008E-02   0.7066       0.1188E-01   0.2011E-04
0.2750  31.6   0.8176       0.7141E-02   0.6839       0.1017E-01   0.2385E-04
0.2750  50.1   0.7980       0.7945E-02   0.6755       0.1040E-01   0.2577E-04
0.2750  79.4   0.7552       0.9086E-02   0.6373       0.1061E-01   0.2754E-04
0.2750 125.9   0.7135       0.1561E-01   0.6265       0.1623E-01   0.1087E-03
0.3500   7.9   0.7049       0.6639E-02   0.6352       0.3202E-01  -0.4172E-04
0.3500  12.6   0.6687       0.5275E-02   0.5946       0.1571E-01  -0.5296E-05
0.3500  20.0   0.6274       0.4554E-02   0.5742       0.8879E-02   0.9052E-05
0.3500  31.6   0.6025       0.4439E-02   0.5490       0.6821E-02   0.1220E-04
0.3500  50.1   0.5723       0.4575E-02   0.5240       0.6214E-02   0.1237E-04
0.3500  79.4   0.5395       0.5027E-02   0.4881       0.6307E-02   0.1155E-04
0.3500 125.9   0.5254       0.6764E-02   0.4831       0.7438E-02   0.2640E-04
0.4500  12.6   0.4087       0.4541E-02   0.3987       0.1766E-01  -0.9467E-05
0.4500  20.0   0.3966       0.3972E-02   0.3729       0.9599E-02   0.3334E-05
0.4500  31.6   0.3609       0.3548E-02   0.3487       0.6094E-02   0.8461E-05
0.4500  50.1   0.3315       0.3520E-02   0.3216       0.5045E-02   0.9189E-05
0.4500  79.4   0.3158       0.3754E-02   0.3078       0.4923E-02   0.9917E-05
0.4500 125.9   0.2927       0.4230E-02   0.2885       0.4990E-02   0.1284E-04
0.4500 199.5   0.2743       0.7832E-02   0.2563       0.8264E-02   0.3786E-04
0.5500  12.6   0.2378       0.3870E-02   0.2731       0.1866E-01  -0.1341E-04
0.5500  20.0   0.2136       0.3137E-02   0.1973       0.9353E-02  -0.1823E-05
0.5500  31.6   0.1889       0.2658E-02   0.1834       0.5175E-02   0.3644E-05
0.5500  50.1   0.1763       0.2629E-02   0.1733       0.4033E-02   0.5088E-05
0.5500  79.4   0.1587       0.2621E-02   0.1595       0.3540E-02   0.5745E-05
0.5500 125.9   0.1502       0.2885E-02   0.1454       0.3616E-02   0.5315E-05
0.5500 199.5   0.1346       0.4046E-02   0.1314       0.4446E-02   0.1212E-04
0.6500  12.6   0.1184       0.3397E-02   0.8328E-01   0.1967E-01  -0.2220E-04
0.6500  20.0   0.9990E-01   0.2085E-02   0.1069       0.7406E-02  -0.1670E-05
0.6500  31.6   0.8166E-01   0.1669E-02   0.8762E-01   0.3702E-02   0.1292E-05
0.6500  50.1   0.7681E-01   0.1600E-02   0.8174E-01   0.2626E-02   0.2078E-05
0.6500  79.4   0.6731E-01   0.1600E-02   0.6648E-01   0.2246E-02   0.1922E-05
0.6500 125.9   0.6104E-01   0.1732E-02   0.5806E-01   0.2255E-02   0.1821E-05
0.7500  20.0   0.3505E-01   0.1011E-02   0.3791E-01   0.4179E-02  -0.6640E-06
0.7500  31.6   0.2838E-01   0.8458E-03   0.2875E-01   0.2163E-02   0.9329E-07
0.7500  50.1   0.2529E-01   0.7646E-03   0.2539E-01   0.1359E-02   0.3855E-06
0.7500  79.4   0.2135E-01   0.7569E-03   0.1963E-01   0.1112E-02   0.3495E-06
0.7500 125.9   0.2014E-01   0.8035E-03   0.1951E-01   0.1072E-02   0.3805E-06
