0.015  1.258900   0.179900   0.016223
0.015  1.995200   0.218200   0.017232
0.015  3.162200   0.263400   0.018177
0.015  5.011800   0.326200   0.022110
0.015  7.943200   0.302600   0.066552
0.045  1.258900   0.375500   0.043590
0.045  1.995200   0.400700   0.027709
0.045  3.162200   0.465500   0.022874
0.045  5.011800   0.482900   0.018332
0.045  7.943200   0.490800   0.020647
0.045  12.589000   0.540000   0.022292
0.045  19.952000   0.572900   0.063308
0.080  1.995200   0.536200   0.037481
0.080  3.162200   0.603100   0.025010
0.080  5.011800   0.659600   0.022508
0.080  7.943200   0.644100   0.019746
0.080  12.589000   0.665100   0.020597
0.080  19.952000   0.679000   0.018552
0.080  31.622000   0.753100   0.033183
0.125  3.162200   0.641000   0.041666
0.125  5.011800   0.698000   0.025284
0.125  7.943200   0.737300   0.017033
0.125  12.589000   0.768700   0.019478
0.125  19.952000   0.767700   0.019142
0.125  31.622000   0.763400   0.016490
0.125  50.118000   0.802400   0.031496
0.175  3.162200   0.616700   0.095157
0.175  5.011800   0.751400   0.031576
0.175  7.943200   0.771000   0.019934
0.175  12.589000   0.808700   0.018282
0.175  19.952000   0.796200   0.017334
0.175  31.622000   0.760800   0.016957
0.175  50.118000   0.785300   0.018484
0.225  5.011800   0.781800   0.052857
0.225  7.943200   0.766700   0.026548
0.225  12.589000   0.760000   0.017497
0.225  19.952000   0.787100   0.016024
0.225  31.622000   0.741300   0.015733
0.225  50.118000   0.714900   0.014917
0.225  79.431999   0.696800   0.019308
0.275  5.011800   0.684200   0.096440
0.275  7.943200   0.726400   0.028637
0.275  12.589000   0.705700   0.022240
0.275  19.952000   0.679100   0.019534
0.275  31.622000   0.681200   0.015158
0.275  50.118000   0.638700   0.015461
0.275  79.431999   0.648000   0.018680
0.350  7.943200   0.565800   0.033264
0.350  12.589000   0.578900   0.017752
0.350  19.952000   0.572100   0.011899
0.350  31.622000   0.535500   0.009994
0.350  50.118000   0.514400   0.011395
0.350  79.431999   0.501800   0.009065
0.450  7.943200   0.405000   0.193752
0.450  12.589000   0.387800   0.018973
0.450  19.952000   0.378700   0.015860
0.450  31.622000   0.348900   0.011193
0.450  50.118000   0.318700   0.013938
0.450  79.431999   0.296500   0.008800
0.450  125.889999   0.291300   0.014063
0.550  12.589000   0.243500   0.019576
0.550  19.952000   0.221900   0.011795
0.550  31.622000   0.209700   0.008524
0.550  50.118000   0.180100   0.009860
0.550  79.431999   0.163500   0.006963
0.550  125.889999   0.134100   0.010776
0.650  12.589000   0.125000   0.020207
0.650  19.952000   0.125200   0.011594
0.650  31.622000   0.115800   0.009539
0.650  50.118000   0.084450   0.006230
0.650  79.431999   0.071330   0.006704
0.650  125.889999   0.070210   0.007678
0.750  19.952000   0.050070   0.007052
0.750  31.622000   0.037860   0.005301
0.750  50.118000   0.033770   0.004524
