0.015  0.190000   0.106000   0.060033
0.015  0.250000   0.123000   0.046872
0.015  0.330000   0.181000   0.037443
0.015  0.430000   0.222000   0.031016
0.015  0.560000   0.252000   0.032955
0.015  0.720000   0.258000   0.034366
0.015  0.940000   0.290000   0.033660
0.015  1.220000   0.251000   0.037283
0.015  1.590000   0.312000   0.039862
0.015  2.060000   0.285000   0.048010
0.015  2.680000   0.288000   0.059641
0.015  3.480000   0.294000   0.082298
0.015  4.530000   0.144000   0.152007
0.045  0.580000   0.415000   0.090294
0.045  0.760000   0.328000   0.070178
0.045  0.990000   0.377000   0.057991
0.045  1.280000   0.425000   0.048744
0.045  1.670000   0.414000   0.047466
0.045  2.170000   0.436000   0.045727
0.045  2.820000   0.457000   0.045717
0.045  3.660000   0.441000   0.048826
0.045  4.760000   0.562000   0.051778
0.045  6.190000   0.542000   0.059716
0.045  8.040000   0.558000   0.072153
0.045  10.450000   0.518000   0.092968
0.045  13.590000   0.550000   0.132473
0.080  1.040000   0.599000   0.097010
0.080  1.350000   0.469000   0.076662
0.080  1.750000   0.494000   0.061919
0.080  2.280000   0.591000   0.052896
0.080  2.960000   0.601000   0.049860
0.080  3.850000   0.661000   0.048104
0.080  5.010000   0.649000   0.047770
0.080  6.510000   0.652000   0.050735
0.080  8.460000   0.706000   0.052943
0.080  11.000000   0.744000   0.061709
0.080  14.300000   0.715000   0.073655
0.080  18.590000   0.752000   0.091241
0.080  24.160000   0.997000   0.122020
0.125  1.620000   0.654000   0.086400
0.125  2.110000   0.660000   0.069843
0.125  2.740000   0.669000   0.059498
0.125  3.560000   0.690000   0.051981
0.125  4.630000   0.694000   0.051614
0.125  6.020000   0.732000   0.050705
0.125  7.820000   0.809000   0.052269
0.125  10.170000   0.781000   0.056045
0.125  13.220000   0.793000   0.059422
0.125  17.180000   0.829000   0.067186
0.125  22.340000   0.819000   0.076805
0.125  29.040001   0.833000   0.090377
0.125  37.750000   0.820000   0.118503
0.175  2.270000   0.671000   0.072132
0.175  2.950000   0.751000   0.060745
0.175  3.830000   0.753000   0.050853
0.175  4.980000   0.753000   0.045585
0.175  6.480000   0.776000   0.045717
0.175  8.420000   0.830000   0.045978
0.175  10.950000   0.810000   0.046594
0.175  14.240000   0.796000   0.048672
0.175  18.510000   0.838000   0.051507
0.175  24.059999   0.819000   0.056116
0.175  31.280001   0.846000   0.062777
0.175  40.660000   0.799000   0.073342
0.175  52.860001   0.755000   0.091324
0.225  2.920000   0.732000   0.108051
0.225  3.790000   0.701000   0.080808
0.225  4.930000   0.756000   0.060539
0.225  6.410000   0.758000   0.045924
0.225  8.330000   0.776000   0.038510
0.225  10.830000   0.780000   0.034366
0.225  14.080000   0.808000   0.031209
0.225  18.299999   0.765000   0.033526
0.225  23.790001   0.786000   0.036277
0.225  30.930000   0.778000   0.044788
0.225  40.209999   0.809000   0.056454
0.225  52.270000   0.761000   0.073580
0.225  67.959999   0.724000   0.102752
0.275  3.560000   0.662000   0.093643
0.275  4.630000   0.651000   0.071931
0.275  6.030000   0.790000   0.056683
0.275  7.830000   0.680000   0.043829
0.275  10.180000   0.700000   0.038262
0.275  13.240000   0.750000   0.033971
0.275  17.209999   0.738000   0.031305
0.275  22.370001   0.691000   0.032373
0.275  29.080000   0.659000   0.034117
0.275  37.810001   0.666000   0.040373
0.275  49.150002   0.690000   0.050468
0.275  63.889999   0.730000   0.063797
0.275  83.059998   0.588000   0.090609
0.350  4.540000   0.609000   0.060844
0.350  5.900000   0.601000   0.045552
0.350  7.670000   0.555000   0.034957
0.350  9.970000   0.582000   0.027037
0.350  12.960000   0.548000   0.022913
0.350  16.850000   0.554000   0.020976
0.350  21.900000   0.550000   0.020273
0.350  28.469999   0.553000   0.022561
0.350  37.009998   0.553000   0.025652
0.350  48.119999   0.548000   0.030741
0.350  62.549999   0.507000   0.038171
0.350  81.320000   0.512000   0.049082
0.350  105.699997   0.517000   0.064722
0.450  5.830000   0.463000   0.054046
0.450  7.580000   0.399000   0.043428
0.450  9.860000   0.402000   0.037630
0.450  12.820000   0.375000   0.032388
0.450  16.660000   0.375000   0.028496
0.450  21.660000   0.364000   0.026926
0.450  28.160000   0.342000   0.024739
0.450  36.610001   0.347000   0.024940
0.450  47.590000   0.327000   0.025000
0.450  61.860001   0.315000   0.025962
0.450  80.419998   0.333000   0.029715
0.450  104.500000   0.305000   0.035014
0.450  135.899994   0.288000   0.043336
0.550  7.130000   0.257000   0.028948
0.550  9.270000   0.273000   0.024718
0.550  12.050000   0.235000   0.021190
0.550  15.660000   0.236000   0.019209
0.550  20.360001   0.212000   0.017916
0.550  26.469999   0.197000   0.017550
0.550  34.419998   0.192000   0.016643
0.550  44.740002   0.183000   0.016031
0.550  58.160000   0.171000   0.015166
0.550  75.610001   0.167000   0.015166
0.550  98.290001   0.158000   0.015620
0.550  127.800003   0.154000   0.016310
0.550  166.100006   0.126000   0.021610
0.650  8.430000   0.158000   0.022825
0.650  10.950000   0.155000   0.018248
0.650  14.240000   0.137000   0.015937
0.650  18.510000   0.115000   0.013928
0.650  24.070000   0.093000   0.013266
0.650  31.290001   0.091000   0.012083
0.650  40.669998   0.079000   0.011576
0.650  52.869999   0.083000   0.010954
0.650  68.739998   0.070000   0.010630
0.650  89.360001   0.068000   0.009695
0.650  116.199997   0.067000   0.009695
0.650  151.000000   0.072000   0.009899
0.650  196.300003   0.058000   0.012689
