#  FA07K 2700 MEV P(202) CHI/DP=49261/24376   SU07         SM05  12/20/ 8  
#     PI0N  DSG  AT Elab =  1000.00      12/20/ 8  
#     Acm     Obs,Err
     0.000  0.2189E+00  0.0000E+00
     5.000  0.3028E+00  0.0000E+00
    10.000  0.5396E+00  0.0000E+00
    15.000  0.8878E+00  0.0000E+00
    20.000  0.1287E+01  0.0000E+00
    25.000  0.1670E+01  0.0000E+00
    30.000  0.1976E+01  0.0000E+00
    35.000  0.2158E+01  0.0000E+00
    40.000  0.2196E+01  0.0000E+00
    45.000  0.2093E+01  0.0000E+00
    50.000  0.1873E+01  0.0000E+00
    55.000  0.1581E+01  0.0000E+00
    60.000  0.1267E+01  0.0000E+00
    65.000  0.9820E+00  0.0000E+00
    70.000  0.7659E+00  0.0000E+00
    75.000  0.6451E+00  0.0000E+00
    80.000  0.6276E+00  0.0000E+00
    85.000  0.7034E+00  0.0000E+00
    90.000  0.8486E+00  0.0000E+00
    95.000  0.1030E+01  0.0000E+00
   100.000  0.1214E+01  0.0000E+00
   105.000  0.1370E+01  0.0000E+00
   110.000  0.1479E+01  0.0000E+00
   115.000  0.1532E+01  0.0000E+00
   120.000  0.1534E+01  0.0000E+00
   125.000  0.1496E+01  0.0000E+00
   130.000  0.1436E+01  0.0000E+00
   135.000  0.1371E+01  0.0000E+00
   140.000  0.1312E+01  0.0000E+00
   145.000  0.1265E+01  0.0000E+00
   150.000  0.1232E+01  0.0000E+00
   155.000  0.1208E+01  0.0000E+00
   160.000  0.1189E+01  0.0000E+00
   165.000  0.1173E+01  0.0000E+00
   170.000  0.1160E+01  0.0000E+00
   175.000  0.1150E+01  0.0000E+00
   180.000  0.1146E+01  0.0000E+00
