#  FA07K 2700 MEV P(202) CHI/DP=49261/24376   SU07         SM05  12/20/ 8  
#     PI0N  DSG  AT Elab =  1100.00      12/20/ 8  
#     Acm     Obs,Err
     0.000  0.5224E-01  0.0000E+00
     5.000  0.1077E+00  0.0000E+00
    10.000  0.2652E+00  0.0000E+00
    15.000  0.5000E+00  0.0000E+00
    20.000  0.7759E+00  0.0000E+00
    25.000  0.1052E+01  0.0000E+00
    30.000  0.1288E+01  0.0000E+00
    35.000  0.1454E+01  0.0000E+00
    40.000  0.1530E+01  0.0000E+00
    45.000  0.1509E+01  0.0000E+00
    50.000  0.1401E+01  0.0000E+00
    55.000  0.1225E+01  0.0000E+00
    60.000  0.1010E+01  0.0000E+00
    65.000  0.7907E+00  0.0000E+00
    70.000  0.5978E+00  0.0000E+00
    75.000  0.4570E+00  0.0000E+00
    80.000  0.3829E+00  0.0000E+00
    85.000  0.3772E+00  0.0000E+00
    90.000  0.4295E+00  0.0000E+00
    95.000  0.5203E+00  0.0000E+00
   100.000  0.6263E+00  0.0000E+00
   105.000  0.7262E+00  0.0000E+00
   110.000  0.8057E+00  0.0000E+00
   115.000  0.8600E+00  0.0000E+00
   120.000  0.8941E+00  0.0000E+00
   125.000  0.9198E+00  0.0000E+00
   130.000  0.9510E+00  0.0000E+00
   135.000  0.9996E+00  0.0000E+00
   140.000  0.1071E+01  0.0000E+00
   145.000  0.1164E+01  0.0000E+00
   150.000  0.1270E+01  0.0000E+00
   155.000  0.1378E+01  0.0000E+00
   160.000  0.1476E+01  0.0000E+00
   165.000  0.1555E+01  0.0000E+00
   170.000  0.1612E+01  0.0000E+00
   175.000  0.1646E+01  0.0000E+00
   180.000  0.1657E+01  0.0000E+00
