#  FA07K 2700 MEV P(202) CHI/DP=49261/24376   SU07         SM05  12/20/ 8  
#     PI0N  DSG  AT Elab =   160.00      12/20/ 8  
#     Acm     Obs,Err
     0.000  0.1091E+00  0.0000E+00
     5.000  0.1098E+00  0.0000E+00
    10.000  0.1118E+00  0.0000E+00
    15.000  0.1150E+00  0.0000E+00
    20.000  0.1193E+00  0.0000E+00
    25.000  0.1246E+00  0.0000E+00
    30.000  0.1307E+00  0.0000E+00
    35.000  0.1374E+00  0.0000E+00
    40.000  0.1443E+00  0.0000E+00
    45.000  0.1514E+00  0.0000E+00
    50.000  0.1582E+00  0.0000E+00
    55.000  0.1646E+00  0.0000E+00
    60.000  0.1702E+00  0.0000E+00
    65.000  0.1750E+00  0.0000E+00
    70.000  0.1786E+00  0.0000E+00
    75.000  0.1810E+00  0.0000E+00
    80.000  0.1819E+00  0.0000E+00
    85.000  0.1814E+00  0.0000E+00
    90.000  0.1794E+00  0.0000E+00
    95.000  0.1758E+00  0.0000E+00
   100.000  0.1708E+00  0.0000E+00
   105.000  0.1644E+00  0.0000E+00
   110.000  0.1569E+00  0.0000E+00
   115.000  0.1482E+00  0.0000E+00
   120.000  0.1388E+00  0.0000E+00
   125.000  0.1288E+00  0.0000E+00
   130.000  0.1184E+00  0.0000E+00
   135.000  0.1080E+00  0.0000E+00
   140.000  0.9770E-01  0.0000E+00
   145.000  0.8792E-01  0.0000E+00
   150.000  0.7885E-01  0.0000E+00
   155.000  0.7073E-01  0.0000E+00
   160.000  0.6378E-01  0.0000E+00
   165.000  0.5817E-01  0.0000E+00
   170.000  0.5406E-01  0.0000E+00
   175.000  0.5155E-01  0.0000E+00
   180.000  0.5070E-01  0.0000E+00
