#  FA07K 2700 MEV P(202) CHI/DP=49261/24376   SU07         SM05  12/20/ 8  
#     PI0N  DSG  AT Elab =   200.00      12/20/ 8  
#     Acm     Obs,Err
     0.000  0.1002E+01  0.0000E+00
     5.000  0.1010E+01  0.0000E+00
    10.000  0.1033E+01  0.0000E+00
    15.000  0.1070E+01  0.0000E+00
    20.000  0.1120E+01  0.0000E+00
    25.000  0.1181E+01  0.0000E+00
    30.000  0.1250E+01  0.0000E+00
    35.000  0.1325E+01  0.0000E+00
    40.000  0.1402E+01  0.0000E+00
    45.000  0.1480E+01  0.0000E+00
    50.000  0.1555E+01  0.0000E+00
    55.000  0.1624E+01  0.0000E+00
    60.000  0.1686E+01  0.0000E+00
    65.000  0.1738E+01  0.0000E+00
    70.000  0.1777E+01  0.0000E+00
    75.000  0.1804E+01  0.0000E+00
    80.000  0.1815E+01  0.0000E+00
    85.000  0.1812E+01  0.0000E+00
    90.000  0.1794E+01  0.0000E+00
    95.000  0.1760E+01  0.0000E+00
   100.000  0.1711E+01  0.0000E+00
   105.000  0.1649E+01  0.0000E+00
   110.000  0.1576E+01  0.0000E+00
   115.000  0.1492E+01  0.0000E+00
   120.000  0.1400E+01  0.0000E+00
   125.000  0.1303E+01  0.0000E+00
   130.000  0.1204E+01  0.0000E+00
   135.000  0.1105E+01  0.0000E+00
   140.000  0.1008E+01  0.0000E+00
   145.000  0.9168E+00  0.0000E+00
   150.000  0.8330E+00  0.0000E+00
   155.000  0.7588E+00  0.0000E+00
   160.000  0.6957E+00  0.0000E+00
   165.000  0.6453E+00  0.0000E+00
   170.000  0.6086E+00  0.0000E+00
   175.000  0.5863E+00  0.0000E+00
   180.000  0.5788E+00  0.0000E+00
