#  FA07K 2700 MEV P(202) CHI/DP=49261/24376   SU07         SM05  12/20/ 8  
#     PI0N  DSG  AT Elab =   240.00      12/20/ 8  
#     Acm     Obs,Err
     0.000  0.3456E+01  0.0000E+00
     5.000  0.3489E+01  0.0000E+00
    10.000  0.3589E+01  0.0000E+00
    15.000  0.3750E+01  0.0000E+00
    20.000  0.3965E+01  0.0000E+00
    25.000  0.4225E+01  0.0000E+00
    30.000  0.4519E+01  0.0000E+00
    35.000  0.4835E+01  0.0000E+00
    40.000  0.5162E+01  0.0000E+00
    45.000  0.5488E+01  0.0000E+00
    50.000  0.5803E+01  0.0000E+00
    55.000  0.6095E+01  0.0000E+00
    60.000  0.6356E+01  0.0000E+00
    65.000  0.6578E+01  0.0000E+00
    70.000  0.6755E+01  0.0000E+00
    75.000  0.6880E+01  0.0000E+00
    80.000  0.6949E+01  0.0000E+00
    85.000  0.6960E+01  0.0000E+00
    90.000  0.6910E+01  0.0000E+00
    95.000  0.6799E+01  0.0000E+00
   100.000  0.6629E+01  0.0000E+00
   105.000  0.6403E+01  0.0000E+00
   110.000  0.6128E+01  0.0000E+00
   115.000  0.5811E+01  0.0000E+00
   120.000  0.5460E+01  0.0000E+00
   125.000  0.5088E+01  0.0000E+00
   130.000  0.4703E+01  0.0000E+00
   135.000  0.4319E+01  0.0000E+00
   140.000  0.3946E+01  0.0000E+00
   145.000  0.3594E+01  0.0000E+00
   150.000  0.3273E+01  0.0000E+00
   155.000  0.2990E+01  0.0000E+00
   160.000  0.2751E+01  0.0000E+00
   165.000  0.2561E+01  0.0000E+00
   170.000  0.2423E+01  0.0000E+00
   175.000  0.2339E+01  0.0000E+00
   180.000  0.2311E+01  0.0000E+00
