#  FA07K 2700 MEV P(202) CHI/DP=49261/24376   SU07         SM05  12/20/ 8  
#     PI0N  DSG  AT Elab =   280.00      12/20/ 8  
#     Acm     Obs,Err
     0.000  0.8950E+01  0.0000E+00
     5.000  0.9050E+01  0.0000E+00
    10.000  0.9346E+01  0.0000E+00
    15.000  0.9823E+01  0.0000E+00
    20.000  0.1046E+02  0.0000E+00
    25.000  0.1124E+02  0.0000E+00
    30.000  0.1212E+02  0.0000E+00
    35.000  0.1307E+02  0.0000E+00
    40.000  0.1407E+02  0.0000E+00
    45.000  0.1506E+02  0.0000E+00
    50.000  0.1603E+02  0.0000E+00
    55.000  0.1694E+02  0.0000E+00
    60.000  0.1777E+02  0.0000E+00
    65.000  0.1848E+02  0.0000E+00
    70.000  0.1907E+02  0.0000E+00
    75.000  0.1950E+02  0.0000E+00
    80.000  0.1977E+02  0.0000E+00
    85.000  0.1987E+02  0.0000E+00
    90.000  0.1978E+02  0.0000E+00
    95.000  0.1950E+02  0.0000E+00
   100.000  0.1904E+02  0.0000E+00
   105.000  0.1841E+02  0.0000E+00
   110.000  0.1762E+02  0.0000E+00
   115.000  0.1670E+02  0.0000E+00
   120.000  0.1567E+02  0.0000E+00
   125.000  0.1455E+02  0.0000E+00
   130.000  0.1340E+02  0.0000E+00
   135.000  0.1223E+02  0.0000E+00
   140.000  0.1109E+02  0.0000E+00
   145.000  0.1000E+02  0.0000E+00
   150.000  0.9001E+01  0.0000E+00
   155.000  0.8114E+01  0.0000E+00
   160.000  0.7361E+01  0.0000E+00
   165.000  0.6758E+01  0.0000E+00
   170.000  0.6319E+01  0.0000E+00
   175.000  0.6052E+01  0.0000E+00
   180.000  0.5963E+01  0.0000E+00
