#  FA07K 2700 MEV P(202) CHI/DP=49261/24376   SU07         SM05  12/20/ 8  
#     PI0N  DSG  AT Elab =   300.00      12/20/ 8  
#     Acm     Obs,Err
     0.000  0.1186E+02  0.0000E+00
     5.000  0.1200E+02  0.0000E+00
    10.000  0.1240E+02  0.0000E+00
    15.000  0.1305E+02  0.0000E+00
    20.000  0.1393E+02  0.0000E+00
    25.000  0.1500E+02  0.0000E+00
    30.000  0.1622E+02  0.0000E+00
    35.000  0.1755E+02  0.0000E+00
    40.000  0.1895E+02  0.0000E+00
    45.000  0.2036E+02  0.0000E+00
    50.000  0.2174E+02  0.0000E+00
    55.000  0.2305E+02  0.0000E+00
    60.000  0.2425E+02  0.0000E+00
    65.000  0.2530E+02  0.0000E+00
    70.000  0.2617E+02  0.0000E+00
    75.000  0.2683E+02  0.0000E+00
    80.000  0.2726E+02  0.0000E+00
    85.000  0.2743E+02  0.0000E+00
    90.000  0.2734E+02  0.0000E+00
    95.000  0.2698E+02  0.0000E+00
   100.000  0.2637E+02  0.0000E+00
   105.000  0.2550E+02  0.0000E+00
   110.000  0.2441E+02  0.0000E+00
   115.000  0.2313E+02  0.0000E+00
   120.000  0.2168E+02  0.0000E+00
   125.000  0.2011E+02  0.0000E+00
   130.000  0.1848E+02  0.0000E+00
   135.000  0.1681E+02  0.0000E+00
   140.000  0.1518E+02  0.0000E+00
   145.000  0.1362E+02  0.0000E+00
   150.000  0.1217E+02  0.0000E+00
   155.000  0.1088E+02  0.0000E+00
   160.000  0.9771E+01  0.0000E+00
   165.000  0.8883E+01  0.0000E+00
   170.000  0.8234E+01  0.0000E+00
   175.000  0.7837E+01  0.0000E+00
   180.000  0.7704E+01  0.0000E+00
