#  FA07K 2700 MEV P(202) CHI/DP=49261/24376   SU07         SM05  12/20/ 8  
#     PI0N  DSG  AT Elab =   380.00      12/20/ 8  
#     Acm     Obs,Err
     0.000  0.8849E+01  0.0000E+00
     5.000  0.8921E+01  0.0000E+00
    10.000  0.9135E+01  0.0000E+00
    15.000  0.9492E+01  0.0000E+00
    20.000  0.9986E+01  0.0000E+00
    25.000  0.1061E+02  0.0000E+00
    30.000  0.1137E+02  0.0000E+00
    35.000  0.1223E+02  0.0000E+00
    40.000  0.1318E+02  0.0000E+00
    45.000  0.1420E+02  0.0000E+00
    50.000  0.1525E+02  0.0000E+00
    55.000  0.1629E+02  0.0000E+00
    60.000  0.1728E+02  0.0000E+00
    65.000  0.1818E+02  0.0000E+00
    70.000  0.1894E+02  0.0000E+00
    75.000  0.1954E+02  0.0000E+00
    80.000  0.1995E+02  0.0000E+00
    85.000  0.2014E+02  0.0000E+00
    90.000  0.2011E+02  0.0000E+00
    95.000  0.1986E+02  0.0000E+00
   100.000  0.1939E+02  0.0000E+00
   105.000  0.1872E+02  0.0000E+00
   110.000  0.1788E+02  0.0000E+00
   115.000  0.1688E+02  0.0000E+00
   120.000  0.1574E+02  0.0000E+00
   125.000  0.1451E+02  0.0000E+00
   130.000  0.1321E+02  0.0000E+00
   135.000  0.1187E+02  0.0000E+00
   140.000  0.1052E+02  0.0000E+00
   145.000  0.9206E+01  0.0000E+00
   150.000  0.7960E+01  0.0000E+00
   155.000  0.6822E+01  0.0000E+00
   160.000  0.5828E+01  0.0000E+00
   165.000  0.5012E+01  0.0000E+00
   170.000  0.4406E+01  0.0000E+00
   175.000  0.4032E+01  0.0000E+00
   180.000  0.3905E+01  0.0000E+00
