#  FA07K 2700 MEV P(202) CHI/DP=49261/24376   SU07         SM05  12/20/ 8  
#     PI0N  DSG  AT Elab =   400.00      12/20/ 8  
#     Acm     Obs,Err
     0.000  0.7406E+01  0.0000E+00
     5.000  0.7456E+01  0.0000E+00
    10.000  0.7608E+01  0.0000E+00
    15.000  0.7861E+01  0.0000E+00
    20.000  0.8218E+01  0.0000E+00
    25.000  0.8679E+01  0.0000E+00
    30.000  0.9243E+01  0.0000E+00
    35.000  0.9901E+01  0.0000E+00
    40.000  0.1064E+02  0.0000E+00
    45.000  0.1145E+02  0.0000E+00
    50.000  0.1230E+02  0.0000E+00
    55.000  0.1315E+02  0.0000E+00
    60.000  0.1398E+02  0.0000E+00
    65.000  0.1473E+02  0.0000E+00
    70.000  0.1539E+02  0.0000E+00
    75.000  0.1590E+02  0.0000E+00
    80.000  0.1626E+02  0.0000E+00
    85.000  0.1643E+02  0.0000E+00
    90.000  0.1642E+02  0.0000E+00
    95.000  0.1622E+02  0.0000E+00
   100.000  0.1584E+02  0.0000E+00
   105.000  0.1529E+02  0.0000E+00
   110.000  0.1459E+02  0.0000E+00
   115.000  0.1376E+02  0.0000E+00
   120.000  0.1283E+02  0.0000E+00
   125.000  0.1181E+02  0.0000E+00
   130.000  0.1074E+02  0.0000E+00
   135.000  0.9627E+01  0.0000E+00
   140.000  0.8510E+01  0.0000E+00
   145.000  0.7417E+01  0.0000E+00
   150.000  0.6377E+01  0.0000E+00
   155.000  0.5423E+01  0.0000E+00
   160.000  0.4587E+01  0.0000E+00
   165.000  0.3899E+01  0.0000E+00
   170.000  0.3386E+01  0.0000E+00
   175.000  0.3069E+01  0.0000E+00
   180.000  0.2962E+01  0.0000E+00
