#  FA07K 2700 MEV P(202) CHI/DP=49261/24376   SU07         SM05  12/20/ 8  
#     PI0N  DSG  AT Elab =   750.00      12/20/ 8  
#     Acm     Obs,Err
     0.000  0.2070E+01  0.0000E+00
     5.000  0.2073E+01  0.0000E+00
    10.000  0.2084E+01  0.0000E+00
    15.000  0.2098E+01  0.0000E+00
    20.000  0.2114E+01  0.0000E+00
    25.000  0.2131E+01  0.0000E+00
    30.000  0.2149E+01  0.0000E+00
    35.000  0.2174E+01  0.0000E+00
    40.000  0.2213E+01  0.0000E+00
    45.000  0.2275E+01  0.0000E+00
    50.000  0.2367E+01  0.0000E+00
    55.000  0.2493E+01  0.0000E+00
    60.000  0.2654E+01  0.0000E+00
    65.000  0.2841E+01  0.0000E+00
    70.000  0.3045E+01  0.0000E+00
    75.000  0.3249E+01  0.0000E+00
    80.000  0.3437E+01  0.0000E+00
    85.000  0.3592E+01  0.0000E+00
    90.000  0.3702E+01  0.0000E+00
    95.000  0.3758E+01  0.0000E+00
   100.000  0.3760E+01  0.0000E+00
   105.000  0.3709E+01  0.0000E+00
   110.000  0.3617E+01  0.0000E+00
   115.000  0.3495E+01  0.0000E+00
   120.000  0.3358E+01  0.0000E+00
   125.000  0.3220E+01  0.0000E+00
   130.000  0.3093E+01  0.0000E+00
   135.000  0.2985E+01  0.0000E+00
   140.000  0.2900E+01  0.0000E+00
   145.000  0.2839E+01  0.0000E+00
   150.000  0.2800E+01  0.0000E+00
   155.000  0.2777E+01  0.0000E+00
   160.000  0.2767E+01  0.0000E+00
   165.000  0.2763E+01  0.0000E+00
   170.000  0.2762E+01  0.0000E+00
   175.000  0.2763E+01  0.0000E+00
   180.000  0.2763E+01  0.0000E+00
