#  FA07K 2700 MEV P(202) CHI/DP=49261/24376   SU07         SM05  12/20/ 8  
#     PI0N  DSG  AT Elab =   800.00      12/20/ 8  
#     Acm     Obs,Err
     0.000  0.1877E+01  0.0000E+00
     5.000  0.1881E+01  0.0000E+00
    10.000  0.1889E+01  0.0000E+00
    15.000  0.1897E+01  0.0000E+00
    20.000  0.1901E+01  0.0000E+00
    25.000  0.1895E+01  0.0000E+00
    30.000  0.1881E+01  0.0000E+00
    35.000  0.1862E+01  0.0000E+00
    40.000  0.1848E+01  0.0000E+00
    45.000  0.1852E+01  0.0000E+00
    50.000  0.1885E+01  0.0000E+00
    55.000  0.1959E+01  0.0000E+00
    60.000  0.2077E+01  0.0000E+00
    65.000  0.2237E+01  0.0000E+00
    70.000  0.2430E+01  0.0000E+00
    75.000  0.2642E+01  0.0000E+00
    80.000  0.2853E+01  0.0000E+00
    85.000  0.3045E+01  0.0000E+00
    90.000  0.3201E+01  0.0000E+00
    95.000  0.3307E+01  0.0000E+00
   100.000  0.3358E+01  0.0000E+00
   105.000  0.3354E+01  0.0000E+00
   110.000  0.3300E+01  0.0000E+00
   115.000  0.3209E+01  0.0000E+00
   120.000  0.3095E+01  0.0000E+00
   125.000  0.2970E+01  0.0000E+00
   130.000  0.2849E+01  0.0000E+00
   135.000  0.2740E+01  0.0000E+00
   140.000  0.2648E+01  0.0000E+00
   145.000  0.2574E+01  0.0000E+00
   150.000  0.2515E+01  0.0000E+00
   155.000  0.2469E+01  0.0000E+00
   160.000  0.2432E+01  0.0000E+00
   165.000  0.2402E+01  0.0000E+00
   170.000  0.2379E+01  0.0000E+00
   175.000  0.2365E+01  0.0000E+00
   180.000  0.2360E+01  0.0000E+00
