#  FA07K 2700 MEV P(202) CHI/DP=49261/24376   SU07         SM05  12/20/ 8  
#     PI0N  DSG  AT Elab =   950.00      12/20/ 8  
#     Acm     Obs,Err
     0.000  0.4053E+00  0.0000E+00
     5.000  0.4688E+00  0.0000E+00
    10.000  0.6468E+00  0.0000E+00
    15.000  0.9038E+00  0.0000E+00
    20.000  0.1190E+01  0.0000E+00
    25.000  0.1450E+01  0.0000E+00
    30.000  0.1639E+01  0.0000E+00
    35.000  0.1727E+01  0.0000E+00
    40.000  0.1703E+01  0.0000E+00
    45.000  0.1582E+01  0.0000E+00
    50.000  0.1393E+01  0.0000E+00
    55.000  0.1178E+01  0.0000E+00
    60.000  0.9793E+00  0.0000E+00
    65.000  0.8334E+00  0.0000E+00
    70.000  0.7649E+00  0.0000E+00
    75.000  0.7830E+00  0.0000E+00
    80.000  0.8812E+00  0.0000E+00
    85.000  0.1040E+01  0.0000E+00
    90.000  0.1230E+01  0.0000E+00
    95.000  0.1419E+01  0.0000E+00
   100.000  0.1580E+01  0.0000E+00
   105.000  0.1690E+01  0.0000E+00
   110.000  0.1737E+01  0.0000E+00
   115.000  0.1722E+01  0.0000E+00
   120.000  0.1652E+01  0.0000E+00
   125.000  0.1545E+01  0.0000E+00
   130.000  0.1416E+01  0.0000E+00
   135.000  0.1282E+01  0.0000E+00
   140.000  0.1155E+01  0.0000E+00
   145.000  0.1038E+01  0.0000E+00
   150.000  0.9338E+00  0.0000E+00
   155.000  0.8398E+00  0.0000E+00
   160.000  0.7554E+00  0.0000E+00
   165.000  0.6816E+00  0.0000E+00
   170.000  0.6227E+00  0.0000E+00
   175.000  0.5841E+00  0.0000E+00
   180.000  0.5707E+00  0.0000E+00
