# PI Charge Exchange
# Cos(ang) vs. Cross-section (millibarns)
# 170 MeV

180.000  0.8204E+01
154.158  0.7077E+01
143.130  0.6071E+01
134.427  0.5182E+01
126.870  0.4410E+01
120.000  0.3753E+01
113.578  0.3208E+01
107.457  0.2774E+01
101.537  0.2450E+01
 95.739  0.2233E+01
 90.000  0.2123E+01
 84.261  0.2117E+01
 78.463  0.2215E+01
 72.543  0.2415E+01
 66.422  0.2715E+01
 60.000  0.3114E+01
 53.130  0.3610E+01
 45.573  0.4200E+01
 36.870  0.4884E+01
 25.842  0.5660E+01
  0.000  0.6541E+01
