# PI Charge Exchange
# Cos(ang) vs. Cross-section (millibarns)
# 1460 MeV

180.000  0.3412E+00
154.158  0.1777E+00
143.130  0.1591E+00
134.427  0.1731E+00
126.870  0.1746E+00
120.000  0.1569E+00
113.578  0.1311E+00
107.457  0.1125E+00
101.537  0.1120E+00
 95.739  0.1306E+00
 90.000  0.1580E+00
 84.261  0.1764E+00
 78.463  0.1694E+00
 72.543  0.1324E+00
 66.422  0.7881E-01
 60.000  0.3752E-01
 53.130  0.3977E-01
 45.573  0.1056E+00
 36.870  0.2431E+00
 25.842  0.4418E+00
  0.000  0.4968E+00
