# PI Charge Exchange
# Cos(ang) vs. Cross-section (millibarns)
# 140 MeV

180.000  0.7547E+01
154.158  0.6558E+01
143.130  0.5667E+01
134.427  0.4871E+01
126.870  0.4168E+01
120.000  0.3555E+01
113.578  0.3030E+01
107.457  0.2590E+01
101.537  0.2234E+01
 95.739  0.1959E+01
 90.000  0.1763E+01
 84.261  0.1644E+01
 78.463  0.1600E+01
 72.543  0.1627E+01
 66.422  0.1725E+01
 60.000  0.1891E+01
 53.130  0.2122E+01
 45.573  0.2415E+01
 36.870  0.2767E+01
 25.842  0.3177E+01
  0.000  0.3652E+01
