# PI Charge Exchange
# Cos(ang) vs. Cross-section (millibarns)
# 1500 MeV

180.000  0.2757E+00
154.158  0.1418E+00
143.130  0.1315E+00
134.427  0.1481E+00
126.870  0.1516E+00
120.000  0.1369E+00
113.578  0.1149E+00
107.457  0.1005E+00
101.537  0.1037E+00
 95.739  0.1249E+00
 90.000  0.1536E+00
 84.261  0.1718E+00
 78.463  0.1635E+00
 72.543  0.1251E+00
 66.422  0.7079E-01
 60.000  0.2956E-01
 53.130  0.3023E-01
 45.573  0.8912E-01
 36.870  0.2162E+00
 25.842  0.4219E+00
  0.000  0.5459E+00
