# PI Charge Exchange
# Cos(ang) vs. Cross-section (millibarns)
# 1140 MeV

180.000  0.8639E+00
154.158  0.3461E+00
143.130  0.2336E+00
134.427  0.2576E+00
126.870  0.2810E+00
120.000  0.2572E+00
113.578  0.1924E+00
107.457  0.1156E+00
101.537  0.5824E-01
 95.739  0.4096E-01
 90.000  0.6717E-01
 84.261  0.1235E+00
 78.463  0.1854E+00
 72.543  0.2274E+00
 66.422  0.2342E+00
 60.000  0.2117E+00
 53.130  0.1901E+00
 45.573  0.2166E+00
 36.870  0.3215E+00
 25.842  0.4253E+00
  0.000  0.9637E-01
