# PI Charge Exchange
# Cos(ang) vs. Cross-section (millibarns)
# 280 MeV

180.000  0.1391E+01
154.158  0.1180E+01
143.130  0.9885E+00
134.427  0.8201E+00
126.870  0.6788E+00
120.000  0.5678E+00
113.578  0.4907E+00
107.457  0.4509E+00
101.537  0.4518E+00
 95.739  0.4975E+00
 90.000  0.5922E+00
 84.261  0.7406E+00
 78.463  0.9481E+00
 72.543  0.1220E+01
 66.422  0.1565E+01
 60.000  0.1988E+01
 53.130  0.2499E+01
 45.573  0.3108E+01
 36.870  0.3826E+01
 25.842  0.4666E+01
  0.000  0.5650E+01
