# PI Charge Exchange
# Cos(ang) vs. Cross-section (millibarns)
# 220 MeV

180.000  0.4287E+01
154.158  0.3655E+01
143.130  0.3094E+01
134.427  0.2606E+01
126.870  0.2191E+01
120.000  0.1852E+01
113.578  0.1588E+01
107.457  0.1403E+01
101.537  0.1297E+01
 95.739  0.1272E+01
 90.000  0.1330E+01
 84.261  0.1473E+01
 78.463  0.1703E+01
 72.543  0.2024E+01
 66.422  0.2437E+01
 60.000  0.2947E+01
 53.130  0.3557E+01
 45.573  0.4270E+01
 36.870  0.5093E+01
 25.842  0.6030E+01
  0.000  0.7099E+01
