# PI Charge Exchange
# Cos(ang) vs. Cross-section (millibarns)
# 210 MeV

180.000  0.5099E+01
154.158  0.4358E+01
143.130  0.3699E+01
134.427  0.3125E+01
126.870  0.2636E+01
120.000  0.2231E+01
113.578  0.1914E+01
107.457  0.1683E+01
101.537  0.1540E+01
 95.739  0.1487E+01
 90.000  0.1525E+01
 84.261  0.1654E+01
 78.463  0.1877E+01
 72.543  0.2195E+01
 66.422  0.2611E+01
 60.000  0.3127E+01
 53.130  0.3745E+01
 45.573  0.4468E+01
 36.870  0.5301E+01
 25.842  0.6245E+01
  0.000  0.7320E+01
