# PI Charge Exchange
# Cos(ang) vs. Cross-section (millibarns)
# 40 MeV

180.000  0.1162E+01
154.158  0.1064E+01
143.130  0.9708E+00
134.427  0.8822E+00
126.870  0.7981E+00
120.000  0.7185E+00
113.578  0.6434E+00
107.457  0.5725E+00
101.537  0.5060E+00
 95.739  0.4435E+00
 90.000  0.3852E+00
 84.261  0.3308E+00
 78.463  0.2804E+00
 72.543  0.2338E+00
 66.422  0.1910E+00
 60.000  0.1519E+00
 53.130  0.1164E+00
 45.573  0.8445E-01
 36.870  0.5596E-01
 25.842  0.3086E-01
  0.000  0.9262E-02
