# PI Charge Exchange
# Cos(ang) vs. Cross-section (millibarns)
# 50 MeV

180.000  0.1469E+01
154.158  0.1332E+01
143.130  0.1202E+01
134.427  0.1080E+01
126.870  0.9650E+00
120.000  0.8574E+00
113.578  0.7568E+00
107.457  0.6630E+00
101.537  0.5760E+00
 95.739  0.4955E+00
 90.000  0.4215E+00
 84.261  0.3538E+00
 78.463  0.2922E+00
 72.543  0.2365E+00
 66.422  0.1867E+00
 60.000  0.1426E+00
 53.130  0.1041E+00
 45.573  0.7092E-01
 36.870  0.4303E-01
 25.842  0.2025E-01
  0.000  0.2915E-02
