# PI Charge Exchange
# Cos(ang) vs. Cross-section (millibarns)
# 580 MeV

180.000  0.6613E+00
154.158  0.4897E+00
143.130  0.3326E+00
134.427  0.2089E+00
126.870  0.1241E+00
120.000  0.7742E-01
113.578  0.6480E-01
107.457  0.8063E-01
101.537  0.1190E+00
 95.739  0.1748E+00
 90.000  0.2448E+00
 84.261  0.3286E+00
 78.463  0.4295E+00
 72.543  0.5550E+00
 66.422  0.7174E+00
 60.000  0.9345E+00
 53.130  0.1230E+01
 45.573  0.1634E+01
 36.870  0.2186E+01
 25.842  0.2930E+01
  0.000  0.3914E+01
