# PI Charge Exchange
# Cos(ang) vs. Cross-section (millibarns)
# 620 MeV

180.000  0.4628E+00
154.158  0.5624E+00
143.130  0.5119E+00
134.427  0.4028E+00
126.870  0.2872E+00
120.000  0.1932E+00
113.578  0.1346E+00
107.457  0.1148E+00
101.537  0.1309E+00
 95.739  0.1761E+00
 90.000  0.2420E+00
 84.261  0.3213E+00
 78.463  0.4093E+00
 72.543  0.5052E+00
 66.422  0.6140E+00
 60.000  0.7466E+00
 53.130  0.9219E+00
 45.573  0.1167E+01
 36.870  0.1521E+01
 25.842  0.2030E+01
  0.000  0.2748E+01
