# PI Charge Exchange
# Cos(ang) vs. Cross-section (millibarns)
# 80 MeV

180.000  0.2797E+01
154.158  0.2484E+01
143.130  0.2194E+01
134.427  0.1927E+01
126.870  0.1681E+01
120.000  0.1457E+01
113.578  0.1253E+01
107.457  0.1070E+01
101.537  0.9055E+00
 95.739  0.7603E+00
 90.000  0.6335E+00
 84.261  0.5244E+00
 78.463  0.4324E+00
 72.543  0.3571E+00
 66.422  0.2978E+00
 60.000  0.2540E+00
 53.130  0.2250E+00
 45.573  0.2104E+00
 36.870  0.2095E+00
 25.842  0.2216E+00
  0.000  0.2485E+00
