# PI Charge Exchange
# Cos(ang) vs. Cross-section (millibarns)
# 980 MeV

180.000  0.7442E+00
154.158  0.5932E+00
143.130  0.5665E+00
134.427  0.5268E+00
126.870  0.4365E+00
120.000  0.3102E+00
113.578  0.1828E+00
107.457  0.8922E-01
101.537  0.5318E-01
 95.739  0.8107E-01
 90.000  0.1610E+00
 84.261  0.2659E+00
 78.463  0.3604E+00
 72.543  0.4107E+00
 66.422  0.3956E+00
 60.000  0.3180E+00
 53.130  0.2131E+00
 45.573  0.1510E+00
 36.870  0.2291E+00
 25.842  0.5398E+00
  0.000  0.1075E+01
