     0.000  0.0000E+00  			     
    15.000  0.1328E-01  			     
    30.000  0.2966E-01  			     
    45.000  0.4984E-01  			     
    60.000  0.7495E-01  			     
    75.000  0.1066E+00  			     
    90.000  0.1464E+00  			     
   105.000  0.1960E+00  			     
   120.000  0.2546E+00  			     
   135.000  0.3165E+00  			     
   150.000  0.3688E+00  			     
   165.000  0.3959E+00  			     
   180.000  0.4284E+00  			     
   195.000  0.4752E+00  			     
   210.000  0.5264E+00  			     
   225.000  0.5979E+00  			     
   240.000  0.7021E+00  			     
   255.000  0.8490E+00  			     
   270.000  0.1049E+01  			     
   285.000  0.1313E+01  			     
   300.000  0.1653E+01  			     
   315.000  0.2080E+01  			     
   330.000  0.2596E+01  			     
   345.000  0.3195E+01  			     
   360.000  0.3856E+01  			     
   375.000  0.4544E+01  			     
   390.000  0.5221E+01  			     
   405.000  0.5858E+01  			     
   420.000  0.6447E+01  			     
   435.000  0.6997E+01  			     
   450.000  0.7529E+01  			     
   465.000  0.8074E+01  			     
   480.000  0.8663E+01  			     
   495.000  0.9331E+01  			     
   510.000  0.1011E+02  			     
   525.000  0.1102E+02  			     
   540.000  0.1209E+02  			     
   555.000  0.1331E+02  			     
   570.000  0.1540E+02  			     
   585.000  0.1688E+02  			     
   600.000  0.1789E+02  			     
   615.000  0.1836E+02  			     
   630.000  0.1838E+02  			     
   645.000  0.1813E+02  			     
   660.000  0.1781E+02  			     
   675.000  0.1760E+02  			     
   690.000  0.1757E+02  			     
   705.000  0.1775E+02  			     
   720.000  0.1816E+02  			     
   735.000  0.1876E+02  			     
   750.000  0.1954E+02  			     
   765.000  0.2046E+02  			     
   780.000  0.2152E+02  			     
   795.000  0.2268E+02  			     
   810.000  0.2387E+02  			     
   825.000  0.2502E+02  			     
   840.000  0.2602E+02  			     
   855.000  0.2674E+02  			     
   870.000  0.2710E+02  			     
   885.000  0.2707E+02  			     
   900.000  0.2667E+02  			     
   915.000  0.2602E+02  			     
   930.000  0.2522E+02  			     
   945.000  0.2438E+02  			     
   960.000  0.2359E+02  			     
   975.000  0.2290E+02  			     
   990.000  0.2235E+02 
  1005.000  0.2189E+02  			     
  1020.000  0.2154E+02  			     
  1035.000  0.2129E+02  			     
  1050.000  0.2112E+02  			     
  1065.000  0.2102E+02  			     
  1080.000  0.2097E+02  			     
  1095.000  0.2096E+02  			     
  1110.000  0.2099E+02  			     
  1125.000  0.2104E+02  			     
  1140.000  0.2110E+02  			     
  1155.000  0.2117E+02  			     
  1170.000  0.2125E+02  			     
  1185.000  0.2134E+02  			     
  1200.000  0.2142E+02  			     
  1215.000  0.2151E+02  			     
  1230.000  0.2158E+02  			     
  1245.000  0.2165E+02  			     
  1260.000  0.2171E+02  			     
  1275.000  0.2176E+02  			     
  1290.000  0.2180E+02  			     
  1305.000  0.2183E+02  			     
  1320.000  0.2185E+02  			     
  1335.000  0.2186E+02  			     
  1350.000  0.2187E+02  			     
  1365.000  0.2188E+02  			     
  1380.000  0.2188E+02  			     
  1395.000  0.2189E+02  			     
  1410.000  0.2191E+02  			     
  1425.000  0.2193E+02  			     
  1440.000  0.2195E+02  			     
  1455.000  0.2199E+02  			     
  1470.000  0.2203E+02  			     
  1485.000  0.2208E+02  			     
  1500.000  0.2214E+02  			     
  1515.000  0.2221E+02  			     
  1530.000  0.2228E+02  			     
  1545.000  0.2237E+02  			     
  1560.000  0.2246E+02  			     
  1575.000  0.2256E+02  			     
  1590.000  0.2266E+02  			     
  1605.000  0.2277E+02  			     
  1620.000  0.2288E+02  			     
  1635.000  0.2300E+02  			     
  1650.000  0.2313E+02  			     
  1665.000  0.2325E+02  			     
  1680.000  0.2338E+02  			     
  1695.000  0.2351E+02  			     
  1710.000  0.2364E+02  			     
  1725.000  0.2377E+02  			     
  1740.000  0.2391E+02  			     
  1755.000  0.2404E+02  			     
  1770.000  0.2417E+02  			     
  1785.000  0.2430E+02  			     
  1800.000  0.2443E+02 
  
  
