0.0 0.000000
25.0 58.659614
50.0 135.769843
75.0 191.513095
100.0 235.977301
125.0 272.922142
150.0 297.220803
175.0 310.864870
200.0 308.527045
225.0 296.918334
250.0 283.357001
275.0 271.256065
300.0 259.155128
325.0 248.710000
350.0 240.748585
375.0 229.141674
400.0 217.534763
425.0 203.187582
450.0 188.840400
475.0 184.566000
500.0 180.291600
525.0 176.550900
550.0 172.810200
575.0 168.007200
600.0 163.204200
625.0 158.695400
650.0 154.186600
675.0 152.406000
700.0 150.625400
725.0 149.732600
750.0 148.839800
775.0 149.937100
800.0 151.034400
825.0 153.318700
850.0 155.603000
875.0 157.069300
900.0 158.535600
925.0 157.221350
950.0 155.907100
975.0 154.592850
1000.0 153.278600
1025.0 151.964350
