0.0 0.000000
25.0 23.046597
50.0 63.821634
75.0 98.005187
100.0 129.437854
125.0 159.036597
150.0 184.263724
175.0 202.297677
200.0 209.541868
225.0 205.491738
250.0 197.998749
275.0 188.028651
300.0 178.058553
325.0 168.522547
350.0 159.637679
375.0 147.273720
400.0 134.909761
425.0 124.230281
450.0 113.550800
475.0 108.877110
500.0 104.203420
525.0 101.101220
550.0 97.999020
575.0 94.472750
600.0 90.946480
625.0 88.558810
650.0 86.171140
675.0 84.814630
700.0 83.458120
725.0 83.341930
750.0 83.225740
775.0 84.463140
800.0 85.700540
825.0 87.338790
850.0 88.977040
875.0 89.996590
900.0 91.016140
925.0 90.661760
950.0 90.307380
975.0 89.953000
1000.0 89.598620
1025.0 89.244240
