0.0 0.000000
25.0 116.724276
50.0 274.991637
75.0 365.851601
100.0 432.935070
125.0 484.167543
150.0 518.062829
175.0 520.341822
200.0 475.196375
225.0 433.009306
250.0 396.324702
275.0 378.691585
300.0 361.058468
325.0 347.990511
350.0 341.770295
375.0 326.208599
400.0 310.646903
425.0 298.355652
450.0 286.064400
475.0 282.730500
500.0 279.396600
525.0 275.430000
550.0 271.463400
575.0 266.061000
600.0 260.658600
625.0 255.556400
650.0 250.454200
675.0 248.450600
700.0 246.447000
725.0 244.873400
750.0 243.299800
775.0 245.546700
800.0 247.793600
825.0 251.289700
850.0 254.785800
875.0 255.588800
900.0 256.391800
925.0 253.796050
950.0 251.200300
975.0 248.604550
1000.0 246.008800
1025.0 243.413050
