0.0 0.000000
25.0 133.582085
50.0 300.674397
75.0 402.811661
100.0 492.778086
125.0 574.630618
150.0 635.486482
175.0 658.654275
200.0 625.289963
225.0 593.075359
250.0 562.190552
275.0 535.475224
300.0 508.759896
325.0 484.002102
350.0 462.180609
375.0 427.555621
400.0 392.930633
425.0 368.519817
450.0 344.109000
475.0 343.164800
500.0 342.220600
525.0 339.877200
550.0 337.533800
575.0 332.835700
600.0 328.137600
625.0 321.539800
650.0 314.942000
675.0 313.030900
700.0 311.119800
725.0 311.040200
750.0 310.960600
775.0 312.962700
800.0 314.964800
825.0 317.228500
850.0 319.492200
875.0 322.495300
900.0 325.498400
925.0 322.773900
950.0 320.049400
975.0 317.324900
1000.0 314.600400
1025.0 311.875900
