0.0 6.455978
25.0 40.980631
50.0 77.028825
75.0 113.750466
100.0 145.201299
125.0 164.980104
150.0 170.135874
175.0 163.273128
200.0 152.262087
225.0 133.103706
250.0 113.241520
275.0 97.647882
300.0 82.054243
325.0 66.972608
350.0 52.658979
375.0 44.475557
400.0 36.292136
425.0 30.354552
450.0 24.416968
475.0 19.813004
500.0 15.209040
525.0 12.960797
550.0 10.712554
575.0 9.780145
600.0 8.847736
625.0 8.321987
650.0 7.796238
675.0 7.712002
700.0 7.627766
725.0 7.746859
750.0 7.865952
775.0 7.865952
800.0 7.865952
825.0 7.714907
850.0 7.563862
875.0 7.447674
900.0 7.331486
925.0 7.022135
950.0 6.712783
975.0 6.403432
1000.0 6.094080
1025.0 5.784729
