0.0 38.456145
25.0 166.025721
50.0 284.544858
75.0 377.012015
100.0 446.063524
125.0 499.504599
150.0 505.189225
175.0 505.519238
200.0 497.817333
225.0 478.304754
250.0 451.934987
275.0 409.947136
300.0 367.959286
325.0 324.078128
350.0 277.357010
375.0 248.499373
400.0 219.641735
425.0 196.428468
450.0 173.215200
475.0 154.704500
500.0 136.193800
525.0 125.640590
550.0 115.087380
575.0 108.800890
600.0 102.514400
625.0 100.064700
650.0 97.615000
675.0 96.276610
700.0 94.938220
725.0 92.861690
750.0 90.785160
775.0 90.055110
800.0 89.325060
825.0 88.059650
850.0 86.794240
875.0 84.855560
900.0 82.916880
925.0 81.051205
950.0 79.185530
975.0 77.319855
1000.0 75.454180
1025.0 73.588505
