0.0 4.671263
25.0 11.755438
50.0 18.303596
75.0 21.594818
100.0 24.886040
125.0 25.568940
150.0 26.251840
175.0 23.765670
200.0 21.279500
225.0 19.648377
250.0 18.017254
275.0 15.481233
300.0 12.945212
325.0 10.798821
350.0 8.652430
375.0 7.037446
400.0 5.422462
425.0 4.306614
450.0 3.190767
475.0 2.413824
500.0 1.636881
525.0 1.360225
550.0 1.083569
575.0 0.952158
600.0 0.820747
625.0 0.765415
650.0 0.710084
675.0 0.675502
700.0 0.640920
725.0 0.629393
750.0 0.617866
775.0 0.608644
800.0 0.599422
825.0 0.592506
850.0 0.585589
875.0 0.565993
900.0 0.546396
925.0 0.523342
950.0 0.500287
975.0 0.477232
1000.0 0.454177
1025.0 0.431123
