0.0 36.377668
25.0 108.675490
50.0 180.654250
75.0 230.812530
100.0 267.209154
125.0 294.431340
150.0 294.786753
175.0 290.229322
200.0 278.302625
225.0 259.101683
250.0 236.753342
275.0 209.089648
300.0 181.425955
325.0 153.723917
350.0 125.964359
375.0 108.319858
400.0 90.675357
425.0 81.542579
450.0 72.409800
475.0 62.150360
500.0 51.890920
525.0 46.200070
550.0 40.509220
575.0 37.895720
600.0 35.282220
625.0 34.573990
650.0 33.865760
675.0 33.511640
700.0 33.157520
725.0 32.439300
750.0 31.721080
775.0 31.337040
800.0 30.953000
825.0 30.354490
850.0 29.755980
875.0 28.743490
900.0 27.731000
925.0 26.713530
950.0 25.696060
975.0 24.678590
1000.0 23.661120
1025.0 22.643650
