0.0 21.810276
25.0 257.793350
50.0 467.926967
75.0 618.753041
100.0 711.774221
125.0 766.258804
150.0 754.222052
175.0 731.032993
200.0 691.115474
225.0 641.410509
250.0 589.402241
275.0 537.968209
300.0 486.534177
325.0 437.452660
350.0 391.899915
375.0 371.103643
400.0 350.307371
425.0 330.622586
450.0 310.937800
475.0 281.839300
500.0 252.740800
525.0 235.518300
550.0 218.295800
575.0 207.375400
600.0 196.455000
625.0 191.063000
650.0 185.671000
675.0 183.225300
700.0 180.779600
725.0 179.061900
750.0 177.344200
775.0 174.579900
800.0 171.815600
825.0 169.620100
850.0 167.424600
875.0 165.797900
900.0 164.171200
925.0 159.643700
950.0 155.116200
975.0 150.588700
1000.0 146.061200
1025.0 141.533700
