# Proton-Proton Scattering
# Angle vs. Cross-section (millibarns)
# 100 MeV

  0.0    0.9422E+01  
  9.000  0.9422E+01     
 18.000  0.4099E+01     
 27.000  0.4655E+01     
 36.000  0.4814E+01     
 45.000  0.4822E+01     
 54.000  0.4774E+01     
 63.000  0.4707E+01     
 72.000  0.4645E+01     
 81.000  0.4601E+01     
 90.000  0.4585E+01     
 99.000  0.4601E+01     
108.000  0.4645E+01     
117.000  0.4707E+01     
126.000  0.4774E+01    
135.000  0.4822E+01     
144.000  0.4814E+01     
153.000  0.4655E+01     
162.000  0.4099E+01    
171.000  0.9418E+01
180.0    0.9418E+01     
