# Proton-Proton Scattering
# Angle vs. Cross-section (millibarns)
# 150 MeV

  0.000  0.5941E+01     
  9.000  0.5261E+01     
 18.000  0.3640E+01     
 27.000  0.3925E+01     
 36.000  0.3990E+01     
 45.000  0.3990E+01     
 54.000  0.3965E+01     
 63.000  0.3931E+01     
 72.000  0.3894E+01     
 81.000  0.3865E+01     
 90.000  0.3854E+01     
 99.000  0.3865E+01     
108.000  0.3894E+01     
117.000  0.3931E+01    
126.000  0.3965E+01     
135.000  0.3990E+01     
144.000  0.3990E+01     
153.000  0.3925E+01     
162.000  0.3640E+01     
171.000  0.5259E+01     
180.000  0.5941E+01