# Proton-Proton Scattering
# Angle vs. Cross-section (millibarns)
# 500 MeV

  0.000  0.7382E+01     
  9.000  0.5940E+01     
 18.000  0.5308E+01     
 27.000  0.4891E+01     
 36.000  0.4561E+01     
 45.000  0.4296E+01     
 54.000  0.4045E+01     
 63.000  0.3808E+01     
 72.000  0.3622E+01     
 81.000  0.3507E+01     
 90.000  0.3469E+01     
 99.000  0.3507E+01     
108.000  0.3622E+01     
117.000  0.3808E+01     
126.000  0.4045E+01     
135.000  0.4296E+01     
144.000  0.4561E+01     
153.000  0.4891E+01     
162.000  0.5307E+01     
171.000  0.5940E+01     
180.000  0.7382E+01