# Proton-Proton Scattering
# Angle vs. Cross-section (millibarns)
# 50 MeV

  0.0    0.4077E+02  
  9.000  0.4077E+02     
 18.000  0.7355E+01     
 27.000  0.7981E+01     
 36.000  0.8464E+01     
 45.000  0.8628E+01     
 54.000  0.8653E+01     
 63.000  0.8624E+01     
 72.000  0.8583E+01     
 81.000  0.8550E+01     
 90.000  0.8538E+01     
 99.000  0.8550E+01     
108.000  0.8583E+01     
117.000  0.8624E+01     
126.000  0.8653E+01     
135.000  0.8628E+01     
144.000  0.8464E+01     
153.000  0.7981E+01     
162.000  0.7355E+01     
171.000  0.4075E+02
180.0    0.4075E+02     
