# Proton-Proton Scattering
# Angle vs. Cross-section (millibarns)
# 750 MeV

  0.000  0.1380E+02     
  9.000  0.1297E+02     
 18.000  0.1056E+02    
 27.000  0.8460E+01    
 36.000  0.6540E+01    
 45.000  0.4849E+01     
 54.000  0.3451E+01     
 63.000  0.2436E+01    
 72.000  0.1783E+01     
 81.000  0.1414E+01    
 90.000  0.1290E+01     
 99.000  0.1413E+01     
108.000  0.1783E+01     
117.000  0.2436E+01     
126.000  0.3451E+01     
135.000  0.4849E+01     
144.000  0.6540E+01    
153.000  0.8460E+01     
162.000  0.1056E+02     
171.000  0.1297E+02     
180.000  0.1380E+02