# Proton-Proton Scattering
# Angle vs. Cross-section (millibarns)
# 850 MeV

  0.000  0.1652E+02     
  9.000  0.1572E+02     
 18.000  0.1230E+02     
 27.000  0.9399E+01    
 36.000  0.6824E+01     
 45.000  0.4664E+01     
 54.000  0.3030E+01     
 63.000  0.1958E+01    
 72.000  0.1326E+01     
 81.000  0.9874E+00     
 90.000  0.8769E+00     
 99.000  0.9874E+00     
108.000  0.1326E+01     
117.000  0.1958E+01     
126.000  0.3030E+01     
135.000  0.4664E+01     
144.000  0.6824E+01     
153.000  0.9398E+01    
162.000  0.1230E+02     
171.000  0.1572E+02     
180.000  0.1652E+02