# Proton-Proton Scattering
# Angle vs. Cross-section (millibarns)
# 900 MeV

  0.000  0.1771E+02     
  9.000  0.1682E+02    
 18.000  0.1294E+02     
 27.000  0.9677E+01    
 36.000  0.6832E+01     
 45.000  0.4509E+01     
 54.000  0.2821E+01     
 63.000  0.1766E+01     
 72.000  0.1170E+01     
 81.000  0.8596E+00     
 90.000  0.7599E+00     
 99.000  0.8596E+00     
108.000  0.1169E+01     
117.000  0.1766E+01     
126.000  0.2821E+01     
135.000  0.4508E+01     
144.000  0.6832E+01     
153.000  0.9676E+01     
162.000  0.1294E+02    
171.000  0.1682E+02     
180.000  0.1771E+02