#  FA07K 2700 MEV P(202) CHI/DP=49261/24376   SU07         SM05  12/20/ 8  
#     PI0P  DSG  AT Elab =  1000.00      12/20/ 8  
#     Acm     Obs,Err
     0.000  0.1096E-01  0.0000E+00
     5.000  0.1043E+00  0.0000E+00
    10.000  0.3682E+00  0.0000E+00
    15.000  0.7583E+00  0.0000E+00
    20.000  0.1211E+01  0.0000E+00
    25.000  0.1659E+01  0.0000E+00
    30.000  0.2040E+01  0.0000E+00
    35.000  0.2311E+01  0.0000E+00
    40.000  0.2453E+01  0.0000E+00
    45.000  0.2470E+01  0.0000E+00
    50.000  0.2384E+01  0.0000E+00
    55.000  0.2229E+01  0.0000E+00
    60.000  0.2043E+01  0.0000E+00
    65.000  0.1861E+01  0.0000E+00
    70.000  0.1709E+01  0.0000E+00
    75.000  0.1606E+01  0.0000E+00
    80.000  0.1561E+01  0.0000E+00
    85.000  0.1573E+01  0.0000E+00
    90.000  0.1638E+01  0.0000E+00
    95.000  0.1747E+01  0.0000E+00
   100.000  0.1890E+01  0.0000E+00
   105.000  0.2060E+01  0.0000E+00
   110.000  0.2247E+01  0.0000E+00
   115.000  0.2442E+01  0.0000E+00
   120.000  0.2635E+01  0.0000E+00
   125.000  0.2812E+01  0.0000E+00
   130.000  0.2957E+01  0.0000E+00
   135.000  0.3047E+01  0.0000E+00
   140.000  0.3061E+01  0.0000E+00
   145.000  0.2983E+01  0.0000E+00
   150.000  0.2804E+01  0.0000E+00
   155.000  0.2537E+01  0.0000E+00
   160.000  0.2208E+01  0.0000E+00
   165.000  0.1866E+01  0.0000E+00
   170.000  0.1564E+01  0.0000E+00
   175.000  0.1357E+01  0.0000E+00
   180.000  0.1283E+01  0.0000E+00
