#  FA07K 2700 MEV P(202) CHI/DP=49261/24376   SU07         SM05  12/20/ 8  
#     PI0P  DSG  AT Elab =  1050.00      12/20/ 8  
#     Acm     Obs,Err
     0.000  0.3492E-01  0.0000E+00
     5.000  0.1248E+00  0.0000E+00
    10.000  0.3802E+00  0.0000E+00
    15.000  0.7616E+00  0.0000E+00
    20.000  0.1213E+01  0.0000E+00
    25.000  0.1671E+01  0.0000E+00
    30.000  0.2079E+01  0.0000E+00
    35.000  0.2396E+01  0.0000E+00
    40.000  0.2595E+01  0.0000E+00
    45.000  0.2673E+01  0.0000E+00
    50.000  0.2638E+01  0.0000E+00
    55.000  0.2513E+01  0.0000E+00
    60.000  0.2324E+01  0.0000E+00
    65.000  0.2103E+01  0.0000E+00
    70.000  0.1879E+01  0.0000E+00
    75.000  0.1676E+01  0.0000E+00
    80.000  0.1518E+01  0.0000E+00
    85.000  0.1420E+01  0.0000E+00
    90.000  0.1390E+01  0.0000E+00
    95.000  0.1429E+01  0.0000E+00
   100.000  0.1530E+01  0.0000E+00
   105.000  0.1680E+01  0.0000E+00
   110.000  0.1860E+01  0.0000E+00
   115.000  0.2049E+01  0.0000E+00
   120.000  0.2228E+01  0.0000E+00
   125.000  0.2378E+01  0.0000E+00
   130.000  0.2483E+01  0.0000E+00
   135.000  0.2534E+01  0.0000E+00
   140.000  0.2524E+01  0.0000E+00
   145.000  0.2452E+01  0.0000E+00
   150.000  0.2324E+01  0.0000E+00
   155.000  0.2153E+01  0.0000E+00
   160.000  0.1958E+01  0.0000E+00
   165.000  0.1764E+01  0.0000E+00
   170.000  0.1598E+01  0.0000E+00
   175.000  0.1487E+01  0.0000E+00
   180.000  0.1448E+01  0.0000E+00
