#  FA07K 2700 MEV P(202) CHI/DP=49261/24376   SU07         SM05  12/20/ 8  
#     PI0P  DSG  AT Elab =  1100.00      12/20/ 8  
#     Acm     Obs,Err
     0.000  0.9427E-01  0.0000E+00
     5.000  0.1561E+00  0.0000E+00
    10.000  0.3317E+00  0.0000E+00
    15.000  0.5935E+00  0.0000E+00
    20.000  0.9032E+00  0.0000E+00
    25.000  0.1220E+01  0.0000E+00
    30.000  0.1509E+01  0.0000E+00
    35.000  0.1744E+01  0.0000E+00
    40.000  0.1913E+01  0.0000E+00
    45.000  0.2011E+01  0.0000E+00
    50.000  0.2041E+01  0.0000E+00
    55.000  0.2009E+01  0.0000E+00
    60.000  0.1923E+01  0.0000E+00
    65.000  0.1795E+01  0.0000E+00
    70.000  0.1638E+01  0.0000E+00
    75.000  0.1469E+01  0.0000E+00
    80.000  0.1306E+01  0.0000E+00
    85.000  0.1171E+01  0.0000E+00
    90.000  0.1080E+01  0.0000E+00
    95.000  0.1045E+01  0.0000E+00
   100.000  0.1066E+01  0.0000E+00
   105.000  0.1137E+01  0.0000E+00
   110.000  0.1243E+01  0.0000E+00
   115.000  0.1362E+01  0.0000E+00
   120.000  0.1477E+01  0.0000E+00
   125.000  0.1569E+01  0.0000E+00
   130.000  0.1629E+01  0.0000E+00
   135.000  0.1655E+01  0.0000E+00
   140.000  0.1650E+01  0.0000E+00
   145.000  0.1621E+01  0.0000E+00
   150.000  0.1577E+01  0.0000E+00
   155.000  0.1527E+01  0.0000E+00
   160.000  0.1478E+01  0.0000E+00
   165.000  0.1434E+01  0.0000E+00
   170.000  0.1400E+01  0.0000E+00
   175.000  0.1379E+01  0.0000E+00
   180.000  0.1372E+01  0.0000E+00
