#  FA07K 2700 MEV P(202) CHI/DP=49261/24376   SU07         SM05  12/20/ 8  
#     PI0P  DSG  AT Elab =  1150.00      12/20/ 8  
#     Acm     Obs,Err
     0.000  0.1799E+00  0.0000E+00
     5.000  0.2282E+00  0.0000E+00
    10.000  0.3633E+00  0.0000E+00
    15.000  0.5588E+00  0.0000E+00
    20.000  0.7793E+00  0.0000E+00
    25.000  0.9910E+00  0.0000E+00
    30.000  0.1169E+01  0.0000E+00
    35.000  0.1302E+01  0.0000E+00
    40.000  0.1389E+01  0.0000E+00
    45.000  0.1439E+01  0.0000E+00
    50.000  0.1460E+01  0.0000E+00
    55.000  0.1456E+01  0.0000E+00
    60.000  0.1428E+01  0.0000E+00
    65.000  0.1374E+01  0.0000E+00
    70.000  0.1293E+01  0.0000E+00
    75.000  0.1188E+01  0.0000E+00
    80.000  0.1069E+01  0.0000E+00
    85.000  0.9517E+00  0.0000E+00
    90.000  0.8532E+00  0.0000E+00
    95.000  0.7880E+00  0.0000E+00
   100.000  0.7646E+00  0.0000E+00
   105.000  0.7825E+00  0.0000E+00
   110.000  0.8335E+00  0.0000E+00
   115.000  0.9039E+00  0.0000E+00
   120.000  0.9788E+00  0.0000E+00
   125.000  0.1046E+01  0.0000E+00
   130.000  0.1099E+01  0.0000E+00
   135.000  0.1137E+01  0.0000E+00
   140.000  0.1163E+01  0.0000E+00
   145.000  0.1182E+01  0.0000E+00
   150.000  0.1201E+01  0.0000E+00
   155.000  0.1220E+01  0.0000E+00
   160.000  0.1241E+01  0.0000E+00
   165.000  0.1261E+01  0.0000E+00
   170.000  0.1277E+01  0.0000E+00
   175.000  0.1289E+01  0.0000E+00
   180.000  0.1292E+01  0.0000E+00
