#  FA07K 2700 MEV P(202) CHI/DP=49261/24376   SU07         SM05  12/20/ 8  
#     PI0P  DSG  AT Elab =   160.00      12/20/ 8  
#     Acm     Obs,Err
     0.000  0.1153E+00  0.0000E+00
     5.000  0.1157E+00  0.0000E+00
    10.000  0.1170E+00  0.0000E+00
    15.000  0.1192E+00  0.0000E+00
    20.000  0.1221E+00  0.0000E+00
    25.000  0.1257E+00  0.0000E+00
    30.000  0.1300E+00  0.0000E+00
    35.000  0.1349E+00  0.0000E+00
    40.000  0.1402E+00  0.0000E+00
    45.000  0.1459E+00  0.0000E+00
    50.000  0.1518E+00  0.0000E+00
    55.000  0.1578E+00  0.0000E+00
    60.000  0.1639E+00  0.0000E+00
    65.000  0.1698E+00  0.0000E+00
    70.000  0.1756E+00  0.0000E+00
    75.000  0.1812E+00  0.0000E+00
    80.000  0.1864E+00  0.0000E+00
    85.000  0.1911E+00  0.0000E+00
    90.000  0.1955E+00  0.0000E+00
    95.000  0.1993E+00  0.0000E+00
   100.000  0.2026E+00  0.0000E+00
   105.000  0.2055E+00  0.0000E+00
   110.000  0.2078E+00  0.0000E+00
   115.000  0.2096E+00  0.0000E+00
   120.000  0.2110E+00  0.0000E+00
   125.000  0.2120E+00  0.0000E+00
   130.000  0.2127E+00  0.0000E+00
   135.000  0.2130E+00  0.0000E+00
   140.000  0.2131E+00  0.0000E+00
   145.000  0.2130E+00  0.0000E+00
   150.000  0.2128E+00  0.0000E+00
   155.000  0.2125E+00  0.0000E+00
   160.000  0.2122E+00  0.0000E+00
   165.000  0.2119E+00  0.0000E+00
   170.000  0.2117E+00  0.0000E+00
   175.000  0.2115E+00  0.0000E+00
   180.000  0.2115E+00  0.0000E+00
