#  FA07K 2700 MEV P(202) CHI/DP=49261/24376   SU07         SM05  12/20/ 8  
#     PI0P  DSG  AT Elab =   240.00      12/20/ 8  
#     Acm     Obs,Err
     0.000  0.3153E+01  0.0000E+00
     5.000  0.3183E+01  0.0000E+00
    10.000  0.3271E+01  0.0000E+00
    15.000  0.3415E+01  0.0000E+00
    20.000  0.3609E+01  0.0000E+00
    25.000  0.3845E+01  0.0000E+00
    30.000  0.4116E+01  0.0000E+00
    35.000  0.4411E+01  0.0000E+00
    40.000  0.4722E+01  0.0000E+00
    45.000  0.5040E+01  0.0000E+00
    50.000  0.5356E+01  0.0000E+00
    55.000  0.5663E+01  0.0000E+00
    60.000  0.5952E+01  0.0000E+00
    65.000  0.6218E+01  0.0000E+00
    70.000  0.6456E+01  0.0000E+00
    75.000  0.6659E+01  0.0000E+00
    80.000  0.6824E+01  0.0000E+00
    85.000  0.6948E+01  0.0000E+00
    90.000  0.7028E+01  0.0000E+00
    95.000  0.7063E+01  0.0000E+00
   100.000  0.7054E+01  0.0000E+00
   105.000  0.7002E+01  0.0000E+00
   110.000  0.6910E+01  0.0000E+00
   115.000  0.6784E+01  0.0000E+00
   120.000  0.6629E+01  0.0000E+00
   125.000  0.6451E+01  0.0000E+00
   130.000  0.6260E+01  0.0000E+00
   135.000  0.6062E+01  0.0000E+00
   140.000  0.5865E+01  0.0000E+00
   145.000  0.5676E+01  0.0000E+00
   150.000  0.5501E+01  0.0000E+00
   155.000  0.5347E+01  0.0000E+00
   160.000  0.5215E+01  0.0000E+00
   165.000  0.5110E+01  0.0000E+00
   170.000  0.5034E+01  0.0000E+00
   175.000  0.4988E+01  0.0000E+00
   180.000  0.4973E+01  0.0000E+00
