#  FA07K 2700 MEV P(202) CHI/DP=49261/24376   SU07         SM05  12/20/ 8  
#     PI0P  DSG  AT Elab =   400.00      12/20/ 8  
#     Acm     Obs,Err
     0.000  0.7011E+01  0.0000E+00
     5.000  0.7060E+01  0.0000E+00
    10.000  0.7208E+01  0.0000E+00
    15.000  0.7455E+01  0.0000E+00
    20.000  0.7800E+01  0.0000E+00
    25.000  0.8242E+01  0.0000E+00
    30.000  0.8776E+01  0.0000E+00
    35.000  0.9395E+01  0.0000E+00
    40.000  0.1009E+02  0.0000E+00
    45.000  0.1083E+02  0.0000E+00
    50.000  0.1160E+02  0.0000E+00
    55.000  0.1238E+02  0.0000E+00
    60.000  0.1312E+02  0.0000E+00
    65.000  0.1379E+02  0.0000E+00
    70.000  0.1436E+02  0.0000E+00
    75.000  0.1479E+02  0.0000E+00
    80.000  0.1507E+02  0.0000E+00
    85.000  0.1518E+02  0.0000E+00
    90.000  0.1511E+02  0.0000E+00
    95.000  0.1486E+02  0.0000E+00
   100.000  0.1443E+02  0.0000E+00
   105.000  0.1385E+02  0.0000E+00
   110.000  0.1313E+02  0.0000E+00
   115.000  0.1228E+02  0.0000E+00
   120.000  0.1135E+02  0.0000E+00
   125.000  0.1034E+02  0.0000E+00
   130.000  0.9287E+01  0.0000E+00
   135.000  0.8218E+01  0.0000E+00
   140.000  0.7158E+01  0.0000E+00
   145.000  0.6134E+01  0.0000E+00
   150.000  0.5175E+01  0.0000E+00
   155.000  0.4305E+01  0.0000E+00
   160.000  0.3552E+01  0.0000E+00
   165.000  0.2939E+01  0.0000E+00
   170.000  0.2485E+01  0.0000E+00
   175.000  0.2206E+01  0.0000E+00
   180.000  0.2112E+01  0.0000E+00
