#  FA07K 2700 MEV P(202) CHI/DP=49261/24376   SU07         SM05  12/20/ 8  
#     PI0P  DSG  AT Elab =   450.00      12/20/ 8  
#     Acm     Obs,Err
     0.000  0.4661E+01  0.0000E+00
     5.000  0.4677E+01  0.0000E+00
    10.000  0.4723E+01  0.0000E+00
    15.000  0.4805E+01  0.0000E+00
    20.000  0.4925E+01  0.0000E+00
    25.000  0.5090E+01  0.0000E+00
    30.000  0.5304E+01  0.0000E+00
    35.000  0.5571E+01  0.0000E+00
    40.000  0.5892E+01  0.0000E+00
    45.000  0.6262E+01  0.0000E+00
    50.000  0.6671E+01  0.0000E+00
    55.000  0.7103E+01  0.0000E+00
    60.000  0.7537E+01  0.0000E+00
    65.000  0.7949E+01  0.0000E+00
    70.000  0.8313E+01  0.0000E+00
    75.000  0.8605E+01  0.0000E+00
    80.000  0.8804E+01  0.0000E+00
    85.000  0.8896E+01  0.0000E+00
    90.000  0.8870E+01  0.0000E+00
    95.000  0.8725E+01  0.0000E+00
   100.000  0.8464E+01  0.0000E+00
   105.000  0.8096E+01  0.0000E+00
   110.000  0.7632E+01  0.0000E+00
   115.000  0.7089E+01  0.0000E+00
   120.000  0.6483E+01  0.0000E+00
   125.000  0.5831E+01  0.0000E+00
   130.000  0.5151E+01  0.0000E+00
   135.000  0.4461E+01  0.0000E+00
   140.000  0.3779E+01  0.0000E+00
   145.000  0.3122E+01  0.0000E+00
   150.000  0.2508E+01  0.0000E+00
   155.000  0.1953E+01  0.0000E+00
   160.000  0.1474E+01  0.0000E+00
   165.000  0.1084E+01  0.0000E+00
   170.000  0.7962E+00  0.0000E+00
   175.000  0.6197E+00  0.0000E+00
   180.000  0.5601E+00  0.0000E+00
