#  FA07K 2700 MEV P(202) CHI/DP=49261/24376   SU07         SM05  12/20/ 8  
#     PI0P  DSG  AT Elab =   500.00      12/20/ 8  
#     Acm     Obs,Err
     0.000  0.3193E+01  0.0000E+00
     5.000  0.3195E+01  0.0000E+00
    10.000  0.3202E+01  0.0000E+00
    15.000  0.3216E+01  0.0000E+00
    20.000  0.3243E+01  0.0000E+00
    25.000  0.3288E+01  0.0000E+00
    30.000  0.3360E+01  0.0000E+00
    35.000  0.3467E+01  0.0000E+00
    40.000  0.3613E+01  0.0000E+00
    45.000  0.3802E+01  0.0000E+00
    50.000  0.4033E+01  0.0000E+00
    55.000  0.4298E+01  0.0000E+00
    60.000  0.4583E+01  0.0000E+00
    65.000  0.4873E+01  0.0000E+00
    70.000  0.5146E+01  0.0000E+00
    75.000  0.5383E+01  0.0000E+00
    80.000  0.5563E+01  0.0000E+00
    85.000  0.5671E+01  0.0000E+00
    90.000  0.5697E+01  0.0000E+00
    95.000  0.5634E+01  0.0000E+00
   100.000  0.5484E+01  0.0000E+00
   105.000  0.5249E+01  0.0000E+00
   110.000  0.4940E+01  0.0000E+00
   115.000  0.4568E+01  0.0000E+00
   120.000  0.4145E+01  0.0000E+00
   125.000  0.3688E+01  0.0000E+00
   130.000  0.3210E+01  0.0000E+00
   135.000  0.2727E+01  0.0000E+00
   140.000  0.2253E+01  0.0000E+00
   145.000  0.1801E+01  0.0000E+00
   150.000  0.1383E+01  0.0000E+00
   155.000  0.1010E+01  0.0000E+00
   160.000  0.6919E+00  0.0000E+00
   165.000  0.4360E+00  0.0000E+00
   170.000  0.2486E+00  0.0000E+00
   175.000  0.1344E+00  0.0000E+00
   180.000  0.9603E-01  0.0000E+00
