#  FA07K 2700 MEV P(202) CHI/DP=49261/24376   SU07         SM05  12/20/ 8  
#     PI0P  DSG  AT Elab =   700.00      12/20/ 8  
#     Acm     Obs,Err
     0.000  0.4805E+00  0.0000E+00
     5.000  0.5082E+00  0.0000E+00
    10.000  0.5890E+00  0.0000E+00
    15.000  0.7155E+00  0.0000E+00
    20.000  0.8777E+00  0.0000E+00
    25.000  0.1065E+01  0.0000E+00
    30.000  0.1268E+01  0.0000E+00
    35.000  0.1481E+01  0.0000E+00
    40.000  0.1702E+01  0.0000E+00
    45.000  0.1930E+01  0.0000E+00
    50.000  0.2167E+01  0.0000E+00
    55.000  0.2412E+01  0.0000E+00
    60.000  0.2664E+01  0.0000E+00
    65.000  0.2915E+01  0.0000E+00
    70.000  0.3158E+01  0.0000E+00
    75.000  0.3378E+01  0.0000E+00
    80.000  0.3563E+01  0.0000E+00
    85.000  0.3697E+01  0.0000E+00
    90.000  0.3769E+01  0.0000E+00
    95.000  0.3769E+01  0.0000E+00
   100.000  0.3696E+01  0.0000E+00
   105.000  0.3550E+01  0.0000E+00
   110.000  0.3341E+01  0.0000E+00
   115.000  0.3081E+01  0.0000E+00
   120.000  0.2788E+01  0.0000E+00
   125.000  0.2483E+01  0.0000E+00
   130.000  0.2185E+01  0.0000E+00
   135.000  0.1912E+01  0.0000E+00
   140.000  0.1676E+01  0.0000E+00
   145.000  0.1487E+01  0.0000E+00
   150.000  0.1345E+01  0.0000E+00
   155.000  0.1247E+01  0.0000E+00
   160.000  0.1187E+01  0.0000E+00
   165.000  0.1154E+01  0.0000E+00
   170.000  0.1139E+01  0.0000E+00
   175.000  0.1134E+01  0.0000E+00
   180.000  0.1133E+01  0.0000E+00
