#  FA07K 2700 MEV P(202) CHI/DP=49261/24376   SU07         SM05  12/20/ 8  
#     PI0P  DSG  AT Elab =   800.00      12/20/ 8  
#     Acm     Obs,Err
     0.000  0.5667E+00  0.0000E+00
     5.000  0.5907E+00  0.0000E+00
    10.000  0.6607E+00  0.0000E+00
    15.000  0.7714E+00  0.0000E+00
    20.000  0.9154E+00  0.0000E+00
    25.000  0.1086E+01  0.0000E+00
    30.000  0.1278E+01  0.0000E+00
    35.000  0.1488E+01  0.0000E+00
    40.000  0.1717E+01  0.0000E+00
    45.000  0.1965E+01  0.0000E+00
    50.000  0.2231E+01  0.0000E+00
    55.000  0.2510E+01  0.0000E+00
    60.000  0.2795E+01  0.0000E+00
    65.000  0.3071E+01  0.0000E+00
    70.000  0.3323E+01  0.0000E+00
    75.000  0.3535E+01  0.0000E+00
    80.000  0.3693E+01  0.0000E+00
    85.000  0.3785E+01  0.0000E+00
    90.000  0.3809E+01  0.0000E+00
    95.000  0.3767E+01  0.0000E+00
   100.000  0.3668E+01  0.0000E+00
   105.000  0.3528E+01  0.0000E+00
   110.000  0.3364E+01  0.0000E+00
   115.000  0.3194E+01  0.0000E+00
   120.000  0.3036E+01  0.0000E+00
   125.000  0.2899E+01  0.0000E+00
   130.000  0.2791E+01  0.0000E+00
   135.000  0.2707E+01  0.0000E+00
   140.000  0.2642E+01  0.0000E+00
   145.000  0.2585E+01  0.0000E+00
   150.000  0.2524E+01  0.0000E+00
   155.000  0.2455E+01  0.0000E+00
   160.000  0.2376E+01  0.0000E+00
   165.000  0.2295E+01  0.0000E+00
   170.000  0.2223E+01  0.0000E+00
   175.000  0.2173E+01  0.0000E+00
   180.000  0.2155E+01  0.0000E+00
