#  FA07K 2700 MEV P(202) CHI/DP=49261/24376   SU07         SM05  12/20/ 8  
#     PI0P  DSG  AT Elab =   900.00      12/20/ 8  
#     Acm     Obs,Err
     0.000  0.2485E+00  0.0000E+00
     5.000  0.2780E+00  0.0000E+00
    10.000  0.3605E+00  0.0000E+00
    15.000  0.4798E+00  0.0000E+00
    20.000  0.6138E+00  0.0000E+00
    25.000  0.7409E+00  0.0000E+00
    30.000  0.8451E+00  0.0000E+00
    35.000  0.9201E+00  0.0000E+00
    40.000  0.9697E+00  0.0000E+00
    45.000  0.1006E+01  0.0000E+00
    50.000  0.1045E+01  0.0000E+00
    55.000  0.1102E+01  0.0000E+00
    60.000  0.1186E+01  0.0000E+00
    65.000  0.1301E+01  0.0000E+00
    70.000  0.1441E+01  0.0000E+00
    75.000  0.1595E+01  0.0000E+00
    80.000  0.1748E+01  0.0000E+00
    85.000  0.1885E+01  0.0000E+00
    90.000  0.1996E+01  0.0000E+00
    95.000  0.2077E+01  0.0000E+00
   100.000  0.2129E+01  0.0000E+00
   105.000  0.2161E+01  0.0000E+00
   110.000  0.2186E+01  0.0000E+00
   115.000  0.2215E+01  0.0000E+00
   120.000  0.2260E+01  0.0000E+00
   125.000  0.2323E+01  0.0000E+00
   130.000  0.2397E+01  0.0000E+00
   135.000  0.2468E+01  0.0000E+00
   140.000  0.2513E+01  0.0000E+00
   145.000  0.2513E+01  0.0000E+00
   150.000  0.2450E+01  0.0000E+00
   155.000  0.2322E+01  0.0000E+00
   160.000  0.2143E+01  0.0000E+00
   165.000  0.1940E+01  0.0000E+00
   170.000  0.1753E+01  0.0000E+00
   175.000  0.1622E+01  0.0000E+00
   180.000  0.1574E+01  0.0000E+00
