#  FA07K 2700 MEV P(202) CHI/DP=49261/24376   SU07         SM05  12/20/ 8  
#     PI0P  DSG  AT Elab =   950.00      12/20/ 8  
#     Acm     Obs,Err
     0.000  0.3734E-01  0.0000E+00
     5.000  0.9700E-01  0.0000E+00
    10.000  0.2647E+00  0.0000E+00
    15.000  0.5095E+00  0.0000E+00
    20.000  0.7880E+00  0.0000E+00
    25.000  0.1055E+01  0.0000E+00
    30.000  0.1272E+01  0.0000E+00
    35.000  0.1416E+01  0.0000E+00
    40.000  0.1482E+01  0.0000E+00
    45.000  0.1482E+01  0.0000E+00
    50.000  0.1439E+01  0.0000E+00
    55.000  0.1380E+01  0.0000E+00
    60.000  0.1330E+01  0.0000E+00
    65.000  0.1309E+01  0.0000E+00
    70.000  0.1325E+01  0.0000E+00
    75.000  0.1380E+01  0.0000E+00
    80.000  0.1465E+01  0.0000E+00
    85.000  0.1569E+01  0.0000E+00
    90.000  0.1682E+01  0.0000E+00
    95.000  0.1795E+01  0.0000E+00
   100.000  0.1903E+01  0.0000E+00
   105.000  0.2009E+01  0.0000E+00
   110.000  0.2116E+01  0.0000E+00
   115.000  0.2229E+01  0.0000E+00
   120.000  0.2351E+01  0.0000E+00
   125.000  0.2476E+01  0.0000E+00
   130.000  0.2592E+01  0.0000E+00
   135.000  0.2678E+01  0.0000E+00
   140.000  0.2707E+01  0.0000E+00
   145.000  0.2657E+01  0.0000E+00
   150.000  0.2513E+01  0.0000E+00
   155.000  0.2278E+01  0.0000E+00
   160.000  0.1978E+01  0.0000E+00
   165.000  0.1655E+01  0.0000E+00
   170.000  0.1367E+01  0.0000E+00
   175.000  0.1167E+01  0.0000E+00
   180.000  0.1095E+01  0.0000E+00
