##Correction values for protons (density(horizontal) and energy(vertical))
##          0           0.01        0.02        0.03        0.04        0.05        0.06        0.07        0.08        0.09        0.1         0.11        0.12        0.13        0.14        0.15        0.16        
0           -nan        0           0           0           0           0           0           0           0           0           0           0           0           0           0           0           0           
0.001       1           0           0           0           0           0           0           0           0           0           0           0           0           0           0           0           0           
0.002       1           0           0           0           0           0           0           0           0           0           0           0           0           0           0           0           0           
0.003       1           0           0           0           0           0           0           0           0           0           0           0           0           0           0           0           0           
0.004       1           0.00345161  0           0           0           0           0           0           0           0           0           0           0           0           0           0           0           
0.005       1           0.0248202   0           0           0           0           0           0           0           0           0           0           0           0           0           0           0           
0.006       1           0.0629034   0.00124796  0           0           0           0           0           0           0           0           0           0           0           0           0           0           
0.007       1           0.122467    0.00945996  0           0           0           0           0           0           0           0           0           0           0           0           0           0           
0.008       1           0.205373    0.0243329   0.00164394  0           0           0           0           0           0           0           0           0           0           0           0           0           
0.009       1           0.274058    0.0463171   0.00771104  0.000212496 0           0           0           0           0           0           0           0           0           0           0           0           
0.01        1           0.328994    0.0736177   0.0176224   0.00254583  0           0           0           0           0           0           0           0           0           0           0           0           
0.011       1           0.377993    0.111585    0.0301434   0.00813031  0.000900673 0           0           0           0           0           0           0           0           0           0           0           
0.012       1           0.415978    0.162503    0.0471942   0.0150988   0.00386289  0.000337769 0           0           0           0           0           0           0           0           0           0           
0.013       1           0.448962    0.20774     0.0680593   0.0256345   0.00843441  0.00193225  5.99281e-05 0           0           0           0           0           0           0           0           0           
0.014       1           0.478493    0.249239    0.0921959   0.0380962   0.0153579   0.00525069  0.00122153  3.15326e-05 0           0           0           0           0           0           0           0           
0.015       1           0.506619    0.285382    0.125325    0.0522045   0.0237309   0.00963172  0.00362679  0.000708316 0           0           0           0           0           0           0           0           
0.016       1           0.527441    0.317052    0.161144    0.0690975   0.0322527   0.015692    0.00680182  0.00246057  0.000521728 0           0           0           0           0           0           0           
0.017       1           0.548733    0.344065    0.195648    0.0888186   0.0442362   0.023499    0.0113707   0.00497931  0.00176853  0.00025043  0           0           0           0           0           0           
0.018       1           0.565812    0.370133    0.226842    0.115417    0.0568274   0.0300693   0.0162114   0.00833448  0.00360807  0.00121076  0.000221666 0           0           0           0           0           
0.019       1           0.58421     0.394949    0.255737    0.144196    0.0717049   0.0401166   0.0222774   0.012628    0.00702053  0.0031345   0.00109076  0.000215861 0           0           0           0           
0.02        1           0.597058    0.415798    0.277289    0.173078    0.0897103   0.050063    0.0292276   0.0178118   0.00973754  0.00539896  0.0024074   0.000810217 0.000200512 0           0           0           
0.021       1           0.612426    0.435145    0.303413    0.197459    0.113081    0.0615256   0.0377223   0.0228885   0.0140112   0.00784576  0.00444958  0.00205682  0.000741617 0.000204907 0           0           
0.022       1           0.623794    0.450923    0.322243    0.222867    0.136344    0.0769236   0.0470802   0.0296089   0.0187578   0.0111072   0.00655068  0.00377118  0.00164725  0.000771886 0.000150913 4.21114e-06 
0.023       1           0.633604    0.468026    0.342761    0.241197    0.157868    0.0926616   0.0575415   0.0367714   0.024014    0.0152387   0.0091733   0.00577014  0.00326429  0.00158378  0.000651069 0.000186256 
0.024       1           0.647702    0.483892    0.359292    0.258955    0.180591    0.113205    0.0684725   0.0447761   0.0291925   0.019093    0.0123783   0.00802066  0.00492451  0.00262011  0.00174767  0.000608429 
0.025       1           0.657837    0.497116    0.375374    0.280035    0.199775    0.134637    0.081901    0.0531223   0.035712    0.0239307   0.0167987   0.0107567   0.00696328  0.00419187  0.00275113  0.0013599   
0.026       1           0.663131    0.510982    0.392419    0.296252    0.217709    0.153238    0.0972063   0.0626634   0.0427639   0.0299388   0.0203875   0.0140474   0.00936369  0.00643583  0.00403095  0.00233357  
0.027       1           0.673075    0.522662    0.406201    0.312911    0.235317    0.171351    0.115617    0.0742524   0.0500489   0.0356956   0.0248723   0.0172408   0.0120028   0.00823394  0.00556391  0.00368499  
0.028       1           0.683249    0.531325    0.421523    0.329012    0.252408    0.186412    0.132216    0.0878327   0.0587476   0.0414775   0.029952    0.0210349   0.0155514   0.010649    0.00742628  0.00489285  
0.029       1           0.688875    0.5447      0.432682    0.339588    0.264771    0.204845    0.149391    0.102792    0.0687966   0.0492885   0.0350275   0.0254107   0.0183667   0.0130145   0.00956296  0.00691973  
0.03        1           0.693656    0.552776    0.445959    0.355202    0.280242    0.218629    0.164428    0.118361    0.0807872   0.0564591   0.0416031   0.030302    0.0217919   0.0160614   0.0119495   0.0084758   
0.031       1           0.702625    0.562339    0.456515    0.367453    0.296323    0.232121    0.179227    0.132435    0.0930568   0.0644287   0.0470899   0.034591    0.0265201   0.0192582   0.0145756   0.0103679   
0.032       1           0.709832    0.571139    0.465754    0.381835    0.307407    0.245404    0.194061    0.145881    0.108048    0.0748378   0.0549571   0.0406863   0.0304186   0.0227608   0.0171684   0.0128467   
0.033       1           0.713363    0.579234    0.478055    0.391492    0.319364    0.25762     0.205645    0.160976    0.122369    0.0860367   0.0615956   0.0467969   0.0349329   0.0268408   0.020178    0.0157174   
0.034       1           0.721182    0.588094    0.486391    0.401017    0.331868    0.271237    0.218088    0.17397     0.133986    0.0992232   0.0708811   0.0532331   0.0399986   0.0307854   0.0235158   0.0182346   
0.035       1           0.725179    0.59596     0.496777    0.412048    0.343833    0.284689    0.230312    0.185766    0.145232    0.110479    0.0823469   0.0603219   0.0452112   0.0356134   0.027177    0.0210112   
0.036       1           0.730728    0.602522    0.502914    0.421217    0.354308    0.294124    0.243029    0.195801    0.156757    0.123011    0.0920318   0.068617    0.0508159   0.0396282   0.0316203   0.0246156   
0.037       1           0.734781    0.608735    0.508026    0.430292    0.364734    0.305417    0.25408     0.207758    0.167534    0.132395    0.103515    0.0763747   0.059017    0.0455078   0.0345871   0.0279599   
0.038       1           0.739198    0.618759    0.521549    0.440844    0.370518    0.314001    0.261976    0.216567    0.180031    0.145186    0.113113    0.0869311   0.065972    0.0510414   0.0397886   0.0304716   
0.039       1           0.744495    0.622695    0.527576    0.448597    0.379964    0.322969    0.273565    0.227832    0.187876    0.154252    0.123835    0.0973617   0.0737732   0.0564767   0.045179    0.0353229   
0.04        1           0.747531    0.627311    0.533321    0.456531    0.390446    0.333611    0.281044    0.237912    0.201268    0.164906    0.134114    0.107713    0.0821729   0.0641267   0.0500546   0.0399722   
0.041       1           0.753573    0.637329    0.540647    0.463803    0.397466    0.342433    0.292741    0.248563    0.209819    0.174669    0.142951    0.11584     0.0919932   0.071307    0.0555079   0.0447992   
0.042       1           0.755347    0.637562    0.546306    0.471879    0.406911    0.349621    0.302505    0.255915    0.217262    0.18216     0.152624    0.127022    0.100912    0.0797699   0.0626439   0.0485866   
0.043       1           0.75859     0.645289    0.556167    0.478093    0.415406    0.357556    0.309686    0.263916    0.229495    0.192286    0.160738    0.135177    0.110251    0.0880625   0.0684537   0.0548071   
0.044       1           0.763419    0.649293    0.560394    0.485628    0.423216    0.366467    0.315513    0.276033    0.235053    0.201608    0.170854    0.142725    0.118957    0.0973166   0.0766646   0.0610921   
0.045       1           0.765587    0.655193    0.563671    0.493134    0.428803    0.373967    0.325972    0.281468    0.244024    0.208808    0.180075    0.150804    0.127562    0.105107    0.0855483   0.067988    
0.046       1           0.767248    0.659269    0.573209    0.499348    0.435971    0.379542    0.332182    0.289735    0.251165    0.216474    0.18584     0.158202    0.134779    0.112514    0.0927223   0.0754466   
0.047       1           0.770464    0.664628    0.578865    0.502826    0.444868    0.386691    0.340155    0.297247    0.258982    0.225977    0.19511     0.167033    0.143006    0.120736    0.100498    0.083203    
0.048       1           0.775093    0.668389    0.583783    0.510488    0.451323    0.394172    0.348236    0.305689    0.267013    0.231359    0.201798    0.173461    0.148894    0.128238    0.10751     0.0891924   
0.049       1           0.777826    0.674797    0.586906    0.518481    0.45419     0.401542    0.354976    0.312183    0.274027    0.239923    0.209474    0.182349    0.156956    0.134098    0.114137    0.0969057   
0.05        1           0.782173    0.677905    0.59514     0.522737    0.459865    0.408406    0.36107     0.317985    0.278615    0.24695     0.215912    0.187978    0.164804    0.14196     0.121794    0.10331     
0.051       1           0.784261    0.680759    0.594322    0.527628    0.468511    0.414314    0.367955    0.325301    0.288792    0.253828    0.222025    0.19462     0.17118     0.150263    0.127825    0.111047    
0.052       1           0.784132    0.684846    0.601951    0.533667    0.472833    0.421748    0.372661    0.329295    0.295166    0.258921    0.22899     0.202907    0.178109    0.15435     0.135766    0.116856    
0.053       1           0.788471    0.688708    0.60549     0.537449    0.48024     0.427285    0.379257    0.33571     0.300516    0.267268    0.236546    0.209642    0.183882    0.161098    0.141006    0.121933    
0.054       1           0.790176    0.690753    0.611153    0.542311    0.484683    0.432887    0.384133    0.343851    0.304566    0.274993    0.242066    0.213995    0.189131    0.16921     0.146815    0.12764     
0.055       1           0.790107    0.69077     0.617198    0.549231    0.487186    0.438178    0.389733    0.349459    0.312974    0.278078    0.249572    0.220848    0.195272    0.173799    0.153433    0.134676    
0.056       1           0.795926    0.697998    0.618619    0.552068    0.493259    0.442202    0.395458    0.354472    0.318095    0.281851    0.253692    0.226045    0.202138    0.179245    0.159448    0.140528    
0.057       1           0.800214    0.700114    0.62518     0.556196    0.496802    0.448877    0.400925    0.361197    0.324666    0.290992    0.259929    0.23306     0.208461    0.185067    0.164817    0.145276    
0.058       1           0.801054    0.702815    0.623778    0.560295    0.501722    0.451318    0.404321    0.366101    0.328426    0.295491    0.265956    0.237293    0.213241    0.191382    0.171012    0.150928    
0.059       1           0.801743    0.707045    0.630849    0.565716    0.509452    0.455776    0.411586    0.370289    0.334276    0.300241    0.27212     0.244594    0.21966     0.195306    0.174743    0.15669     
0.06        1           0.802751    0.711389    0.634691    0.569711    0.511769    0.460979    0.415811    0.378342    0.338963    0.308004    0.277255    0.248037    0.223549    0.20062     0.180086    0.161223    
0.061       1           0.806118    0.711977    0.637918    0.571822    0.515687    0.465968    0.422893    0.378688    0.345304    0.311873    0.282336    0.254327    0.228245    0.205841    0.187116    0.166359    
0.062       1           0.807876    0.716789    0.640918    0.575487    0.519063    0.47091     0.426684    0.384973    0.349676    0.315262    0.288559    0.259994    0.235583    0.209915    0.190698    0.171004    
0.063       1           0.808949    0.718028    0.64423     0.578887    0.523872    0.476585    0.430317    0.389154    0.352308    0.322232    0.290144    0.264887    0.238942    0.215559    0.195156    0.177242    
0.064       1           0.813266    0.71671     0.647808    0.586467    0.526807    0.479047    0.434493    0.395923    0.359256    0.325019    0.294769    0.269039    0.244068    0.220356    0.200918    0.180653    
0.065       1           0.812962    0.725227    0.652719    0.590792    0.532616    0.483941    0.439349    0.400908    0.361129    0.330585    0.301325    0.272911    0.248745    0.226282    0.205105    0.187784    
0.066       1           0.81505     0.725297    0.653118    0.592212    0.53688     0.487895    0.442498    0.403671    0.368994    0.334554    0.304918    0.278589    0.253618    0.22994     0.209465    0.190448    
0.067       1           0.818784    0.729514    0.65759     0.595779    0.538866    0.489516    0.447579    0.406984    0.37202     0.340527    0.30861     0.283143    0.259481    0.237276    0.214066    0.195484    
0.068       1           0.820351    0.732009    0.658986    0.598774    0.54415     0.494993    0.453968    0.412037    0.379142    0.344321    0.313457    0.286111    0.262033    0.237682    0.219234    0.199033    
0.069       1           0.81915     0.733407    0.662728    0.602715    0.546639    0.499628    0.457923    0.416629    0.381077    0.348269    0.319555    0.292016    0.266659    0.243839    0.221489    0.203889    
0.07        1           0.820858    0.737253    0.665861    0.600648    0.55074     0.503546    0.458606    0.419924    0.384923    0.351963    0.322492    0.29492     0.270466    0.247754    0.226869    0.208792    
0.071       1           0.823563    0.738487    0.667786    0.607159    0.55368     0.507191    0.460151    0.420845    0.388208    0.356099    0.328183    0.299795    0.275629    0.252573    0.230359    0.21225     
0.072       1           0.825051    0.740694    0.670177    0.610078    0.556775    0.510099    0.466188    0.427689    0.392158    0.361036    0.330098    0.304316    0.278664    0.258158    0.236936    0.216589    
0.073       1           0.827004    0.741018    0.674691    0.612883    0.556935    0.512598    0.469492    0.431445    0.39672     0.365141    0.335131    0.30757     0.28297     0.260544    0.239822    0.220034    
0.074       1           0.827735    0.744367    0.675162    0.613518    0.564681    0.516497    0.472441    0.436556    0.39914     0.368186    0.338925    0.310233    0.287492    0.265075    0.245145    0.2238      
0.075       1           0.829302    0.746454    0.680307    0.617771    0.565479    0.520673    0.477989    0.437565    0.405787    0.372829    0.34273     0.314953    0.290609    0.266485    0.247758    0.229888    
0.076       1           0.831459    0.746384    0.680504    0.620869    0.569893    0.52279     0.480789    0.445706    0.408911    0.374817    0.346388    0.318542    0.295354    0.272618    0.251224    0.230991    
0.077       1           0.832489    0.750963    0.684452    0.624774    0.57425     0.524432    0.484513    0.444297    0.409677    0.380173    0.349616    0.322739    0.299151    0.275334    0.25549     0.234168    
0.078       1           0.832638    0.752226    0.68402     0.62711     0.575759    0.528997    0.485771    0.448987    0.415828    0.382658    0.353347    0.326851    0.30152     0.27853     0.257358    0.237586    
0.079       1           0.835777    0.755631    0.686944    0.628457    0.576619    0.533244    0.490969    0.452994    0.416002    0.388488    0.355936    0.332912    0.306663    0.282213    0.260921    0.24333     
0.08        1           0.837259    0.756375    0.690522    0.630544    0.580016    0.533382    0.493071    0.455901    0.4219      0.387793    0.360932    0.335169    0.310408    0.287122    0.264958    0.247933    
0.081       1           0.838796    0.757206    0.691472    0.634802    0.582008    0.536412    0.496851    0.459784    0.424677    0.393455    0.363883    0.337597    0.313382    0.28972     0.269065    0.247922    
0.082       1           0.837615    0.757508    0.69383     0.637711    0.584739    0.540453    0.497518    0.460669    0.428607    0.396762    0.369394    0.341965    0.317093    0.294289    0.270732    0.251204    
0.083       1           0.842291    0.764304    0.695158    0.637854    0.589485    0.541923    0.500533    0.463789    0.430072    0.399583    0.370594    0.342071    0.318965    0.29652     0.274841    0.255284    
0.084       1           0.843587    0.76172     0.696562    0.641376    0.589834    0.54725     0.506587    0.467504    0.432548    0.402306    0.370691    0.347179    0.321223    0.299666    0.279382    0.25882     
0.085       1           0.843183    0.763533    0.698257    0.643152    0.59472     0.547557    0.508066    0.469823    0.436992    0.405489    0.375878    0.350324    0.324993    0.303252    0.282841    0.262835    
0.086       1           0.845337    0.766356    0.702509    0.646047    0.596216    0.549519    0.510531    0.474744    0.441161    0.40862     0.380167    0.353123    0.328853    0.30542     0.28589     0.265038    
0.087       1           0.845327    0.768635    0.703747    0.647782    0.596981    0.554309    0.514023    0.475044    0.442246    0.412145    0.383105    0.3553      0.33143     0.309829    0.289243    0.268694    
0.088       1           0.847403    0.769644    0.705937    0.650486    0.599836    0.554477    0.516248    0.480267    0.444877    0.414311    0.386442    0.359419    0.332699    0.312585    0.290322    0.270729    
0.089       1           0.847841    0.771983    0.707337    0.651118    0.602261    0.557624    0.519179    0.481821    0.445485    0.417453    0.387955    0.360817    0.338456    0.314371    0.295159    0.274134    
0.09        1           0.850298    0.773455    0.708898    0.655474    0.604472    0.560457    0.519775    0.481911    0.449724    0.419336    0.390576    0.3659      0.340328    0.317306    0.29842     0.276332    
0.091       1           0.850559    0.774764    0.71337     0.656613    0.607409    0.562617    0.523827    0.484728    0.452422    0.422581    0.393147    0.36709     0.343854    0.322365    0.300567    0.278833    
0.092       1           0.851702    0.776667    0.714428    0.658482    0.608957    0.56525     0.526373    0.49003     0.456267    0.426393    0.397111    0.368716    0.346517    0.321914    0.301546    0.28398     
0.093       1           0.855943    0.777631    0.714264    0.661614    0.612532    0.568088    0.526943    0.493434    0.459064    0.42948     0.400546    0.372988    0.347268    0.324673    0.305041    0.285095    
0.094       1           0.856877    0.778432    0.7175      0.662214    0.613902    0.570794    0.529677    0.493919    0.460893    0.429673    0.403443    0.374519    0.354049    0.32726     0.30817     0.288694    
0.095       1           0.857798    0.781441    0.718434    0.663202    0.61614     0.570955    0.531904    0.497797    0.461829    0.433106    0.404799    0.380356    0.352371    0.329667    0.310691    0.291784    
0.096       1           0.859118    0.782811    0.720329    0.666855    0.617571    0.573907    0.534592    0.500396    0.467477    0.435007    0.408018    0.379793    0.357573    0.334301    0.312244    0.293808    
0.097       1           0.85889     0.782941    0.72319     0.666234    0.61969     0.575408    0.537922    0.500038    0.466614    0.435918    0.408559    0.383058    0.35804     0.336142    0.315152    0.296041    
0.098       1           0.862275    0.785389    0.723043    0.671278    0.62053     0.58052     0.538327    0.502085    0.470417    0.439411    0.412102    0.386142    0.361707    0.338727    0.317691    0.298379    
0.099       1           0.864497    0.787763    0.725329    0.67226     0.62235     0.577658    0.540723    0.504419    0.472587    0.440205    0.412774    0.388351    0.361954    0.338993    0.320247    0.301391    
0.1         1           0.863886    0.788836    0.727379    0.671235    0.624916    0.581866    0.542841    0.508601    0.473979    0.443355    0.414847    0.389198    0.364814    0.345054    0.321243    0.302464    
0.105       1           0.864725    0.789791    0.727223    0.674789    0.627141    0.58418     0.544674    0.509879    0.476075    0.446071    0.416995    0.392664    0.368153    0.347586    0.324602    0.304181    
0.11        1           0.869586    0.797772    0.735164    0.68442     0.637565    0.596766    0.55726     0.522309    0.491083    0.458213    0.433917    0.40692     0.381443    0.360003    0.341412    0.320218    
0.115       1           0.873204    0.800933    0.74442     0.693056    0.646009    0.605615    0.567936    0.53368     0.501814    0.471486    0.443387    0.41887     0.394555    0.373487    0.351991    0.332862    
0.12        1           0.875726    0.810127    0.751807    0.701547    0.656572    0.616799    0.57799     0.546794    0.513616    0.482676    0.457503    0.431587    0.407093    0.385226    0.364844    0.345475    
0.125       1           0.87981     0.813102    0.758678    0.710206    0.665722    0.625737    0.588167    0.556633    0.523499    0.49416     0.468944    0.443209    0.420893    0.398065    0.378172    0.358392    
0.13        1           0.883443    0.818104    0.763905    0.71681     0.671902    0.633208    0.598098    0.562933    0.53383     0.50746     0.476823    0.454412    0.432055    0.40927     0.38628     0.368797    
0.135       1           0.888241    0.822427    0.769322    0.7231      0.680675    0.64503     0.606247    0.573278    0.544027    0.515926    0.48691     0.463855    0.441303    0.419394    0.396768    0.379829    
0.14        1           0.890602    0.826536    0.776683    0.727528    0.685752    0.649536    0.612751    0.584299    0.553924    0.525638    0.498022    0.474228    0.451064    0.430471    0.409295    0.39039     
0.145       1           0.894048    0.831006    0.78046     0.733236    0.695282    0.65824     0.62337     0.591092    0.561265    0.533301    0.509658    0.48572     0.461997    0.440847    0.420812    0.399056    
0.15        1           0.895546    0.837195    0.785786    0.737751    0.69832     0.662407    0.627395    0.599669    0.568508    0.539339    0.51842     0.495161    0.471688    0.44941     0.428039    0.4093      
0.155       1           0.896749    0.838247    0.788784    0.746774    0.704805    0.671032    0.637386    0.606866    0.576495    0.550394    0.525952    0.50215     0.477401    0.457902    0.437412    0.420063    
0.16        1           0.899845    0.844283    0.793527    0.751073    0.71274     0.67529     0.64428     0.613559    0.585857    0.560252    0.531986    0.510064    0.487898    0.468677    0.448786    0.429199    
0.165       1           0.904062    0.845852    0.798299    0.756355    0.717841    0.68476     0.651251    0.621677    0.593987    0.567136    0.544125    0.519542    0.497839    0.477001    0.458023    0.439531    
0.17        1           0.905471    0.850778    0.803333    0.762057    0.722496    0.690654    0.6615      0.631554    0.602034    0.574387    0.554436    0.529426    0.507434    0.486357    0.467965    0.447463    
0.175       1           0.908008    0.852964    0.806803    0.768592    0.731692    0.696328    0.664832    0.634459    0.608914    0.584074    0.560933    0.539739    0.514741    0.495423    0.475432    0.45626     
0.18        1           0.910751    0.856973    0.810857    0.77278     0.737095    0.702736    0.671078    0.644695    0.616682    0.592836    0.567351    0.543352    0.524312    0.504868    0.485013    0.468346    
0.185       1           0.912319    0.859891    0.815674    0.777945    0.741637    0.710462    0.678085    0.651233    0.622566    0.598188    0.575029    0.555395    0.533149    0.514757    0.494139    0.476766    
0.19        1           0.912449    0.862373    0.81951     0.781163    0.746583    0.715246    0.684462    0.657967    0.629145    0.607053    0.583179    0.561313    0.542641    0.521102    0.502855    0.485177    
0.195       1           0.915675    0.86507     0.824908    0.784191    0.75377     0.720881    0.691198    0.663493    0.63658     0.61482     0.591284    0.567565    0.54908     0.528937    0.51087     0.493205    
0.2         1           0.917069    0.868114    0.826966    0.788423    0.75475     0.7235      0.697456    0.668657    0.643443    0.620916    0.59848     0.575942    0.557812    0.537276    0.516364    0.499906    
0.205       1           0.919754    0.871641    0.829529    0.795491    0.761633    0.731658    0.701194    0.674394    0.650832    0.625542    0.602533    0.582937    0.563283    0.54504     0.523692    0.506951    
0.21        1           0.920734    0.872658    0.832262    0.797889    0.763435    0.734631    0.705867    0.681051    0.658904    0.63291     0.612686    0.589418    0.571069    0.55204     0.535989    0.516819    
0.215       1           0.922717    0.876933    0.836839    0.802947    0.769546    0.737953    0.712905    0.685957    0.662539    0.640186    0.618563    0.597326    0.578807    0.560847    0.54106     0.522844    
0.22        1           0.923728    0.879954    0.839036    0.80447     0.775159    0.744562    0.719692    0.692304    0.667746    0.646467    0.623891    0.602932    0.584364    0.565126    0.549996    0.532177    
0.225       1           0.926592    0.880648    0.84181     0.807995    0.779616    0.748999    0.723347    0.696691    0.672657    0.651654    0.62957     0.60874     0.591201    0.573387    0.556249    0.538028    
0.23        1           0.926756    0.882869    0.846024    0.8124      0.781478    0.754625    0.726729    0.703048    0.680223    0.657871    0.638412    0.616673    0.599685    0.579584    0.562011    0.547332    
0.235       1           0.92784     0.887127    0.848986    0.814955    0.785645    0.756773    0.733975    0.70879     0.686147    0.662419    0.643922    0.621167    0.603684    0.587388    0.57143     0.551544    
0.24        1           0.929478    0.887818    0.851424    0.816784    0.787024    0.763848    0.737918    0.713767    0.69233     0.668146    0.649       0.627776    0.608469    0.593715    0.577778    0.559319    
0.245       1           0.931879    0.889905    0.855871    0.821276    0.79313     0.765523    0.740284    0.71752     0.697342    0.673955    0.653481    0.634401    0.615668    0.598611    0.58196     0.565585    
0.25        1           0.933661    0.890133    0.856411    0.825454    0.797578    0.770982    0.745783    0.721234    0.700763    0.681224    0.661924    0.641524    0.623695    0.604816    0.588987    0.572307    
0.255       1           0.933929    0.893773    0.857909    0.827133    0.802572    0.77372     0.750008    0.725892    0.705216    0.684787    0.664745    0.647097    0.628819    0.611212    0.595694    0.579574    
0.26        1           0.935431    0.895199    0.860895    0.830477    0.803761    0.778118    0.755219    0.732881    0.709397    0.68903     0.670085    0.651318    0.635771    0.617152    0.601191    0.586161    
0.265       1           0.935685    0.898636    0.864825    0.834104    0.805947    0.781117    0.759071    0.73576     0.713627    0.695673    0.675543    0.65857     0.639467    0.62159     0.60607     0.590895    
0.27        1           0.937806    0.89902     0.864953    0.835723    0.8103      0.785173    0.760741    0.739842    0.718728    0.699029    0.680614    0.662123    0.646414    0.625536    0.61028     0.597924    
0.275       1           0.939049    0.901023    0.868137    0.839604    0.813615    0.788916    0.764503    0.743105    0.722325    0.704797    0.686534    0.668329    0.64993     0.634491    0.616981    0.602351    
0.28        1           0.939716    0.901122    0.869959    0.84179     0.815689    0.792733    0.769138    0.746926    0.725601    0.707974    0.689586    0.671995    0.656526    0.636566    0.623846    0.608799    
0.285       1           0.940731    0.903701    0.87444     0.843777    0.819443    0.793754    0.773143    0.751371    0.731551    0.71278     0.694009    0.676308    0.661156    0.644225    0.62877     0.613982    
0.29        1           0.942254    0.905738    0.873444    0.84693     0.821319    0.798608    0.775005    0.755548    0.735021    0.715626    0.698398    0.682122    0.665018    0.650067    0.635467    0.61946     
0.295       1           0.943093    0.905285    0.876593    0.848901    0.824498    0.8005      0.780825    0.758297    0.736911    0.722648    0.703218    0.685745    0.672579    0.654908    0.640546    0.625323    
0.3         1           0.944256    0.907386    0.879291    0.851699    0.827567    0.803045    0.78315     0.760712    0.741784    0.726302    0.706317    0.690413    0.675895    0.658945    0.643784    0.629262    
0.305       1           0.945108    0.91104     0.881268    0.852275    0.830919    0.806753    0.786349    0.764054    0.746937    0.729617    0.712061    0.693768    0.677236    0.664095    0.649501    0.637       
0.31        1           0.945222    0.910381    0.880335    0.855906    0.832154    0.809576    0.788863    0.769362    0.750297    0.732075    0.715009    0.699978    0.68209     0.668317    0.653242    0.640184    
0.315       1           0.945567    0.912467    0.882071    0.856821    0.835125    0.814156    0.791733    0.771515    0.753185    0.737598    0.718213    0.703235    0.686768    0.671212    0.658522    0.643822    
0.32        1           0.946988    0.913372    0.886177    0.861047    0.838022    0.81498     0.797022    0.775402    0.757719    0.739655    0.721442    0.706992    0.691834    0.676829    0.664015    0.649563    
0.325       1           0.947882    0.914452    0.885441    0.861898    0.838449    0.817739    0.797392    0.777313    0.759347    0.741962    0.727554    0.712209    0.696504    0.6793      0.666779    0.652724    
0.33        1           0.949262    0.914703    0.888296    0.865378    0.842004    0.820026    0.80037     0.781367    0.762176    0.745962    0.729285    0.714444    0.699679    0.684616    0.673155    0.657351    
0.335       1           0.948727    0.916851    0.889419    0.867488    0.840945    0.821902    0.80359     0.783294    0.767549    0.74859     0.733214    0.717785    0.702123    0.689596    0.674263    0.663019    
0.34        1           0.949789    0.919448    0.891492    0.867644    0.844931    0.822638    0.806264    0.787601    0.770314    0.753901    0.736702    0.721938    0.706363    0.69336     0.679207    0.66637     
0.345       1           0.949768    0.918539    0.89201     0.868122    0.847548    0.827717    0.807409    0.790439    0.77449     0.756141    0.738883    0.723209    0.710595    0.698154    0.683559    0.669309    
0.35        1           0.951102    0.92149     0.895986    0.871399    0.848335    0.831293    0.811259    0.791253    0.775994    0.759691    0.744152    0.728777    0.714463    0.701189    0.685774    0.673785    
0.355       1           0.951984    0.920832    0.894631    0.872232    0.851015    0.831819    0.81349     0.795173    0.777801    0.760006    0.745954    0.732706    0.715776    0.702633    0.690111    0.678139    
0.36        1           0.952189    0.923035    0.894656    0.871417    0.852566    0.832221    0.814486    0.798552    0.781188    0.76506     0.749304    0.735217    0.721151    0.707357    0.693048    0.681456    
0.365       1           0.953165    0.922161    0.898091    0.875577    0.855289    0.835222    0.817835    0.800069    0.783247    0.767029    0.753422    0.736541    0.72388     0.711353    0.696544    0.68607     
0.37        1           0.952564    0.924474    0.899382    0.876774    0.855892    0.838685    0.818386    0.802408    0.783643    0.771548    0.756714    0.739654    0.726289    0.713977    0.702213    0.68937     
0.375       1           0.954194    0.925646    0.899636    0.879098    0.858424    0.838767    0.818949    0.803441    0.788367    0.775642    0.757959    0.744088    0.731855    0.717453    0.703917    0.692573    
0.38        1           0.95418     0.926834    0.901873    0.87975     0.861634    0.841874    0.823577    0.805843    0.790016    0.775988    0.760855    0.746367    0.733524    0.720827    0.709148    0.696167    
0.385       1           0.954912    0.927106    0.901206    0.880891    0.862882    0.842414    0.823426    0.809739    0.794749    0.777845    0.762352    0.749573    0.737265    0.722235    0.710763    0.700779    
0.39        1           0.955496    0.927073    0.90369     0.881831    0.861746    0.845651    0.827401    0.811472    0.795587    0.779944    0.767338    0.75197     0.739819    0.726538    0.714395    0.702094    
0.395       1           0.956388    0.928296    0.904659    0.883965    0.863867    0.844754    0.828873    0.813954    0.797161    0.782731    0.769418    0.755633    0.742611    0.729427    0.715644    0.707478    
0.4         1           0.956189    0.929846    0.905174    0.884594    0.867186    0.846698    0.831119    0.815922    0.800014    0.785487    0.77091     0.757892    0.744534    0.731821    0.71926     0.70791     
0.405       1           0.956294    0.929888    0.907236    0.886883    0.868303    0.847742    0.832001    0.816923    0.803032    0.787968    0.773382    0.760825    0.749188    0.736248    0.723085    0.713155    
0.41        1           0.957395    0.931057    0.907422    0.887776    0.869676    0.851462    0.833798    0.819123    0.804515    0.792106    0.777414    0.762031    0.749711    0.738586    0.726579    0.71453     
0.415       1           0.95763     0.931461    0.909191    0.888759    0.870454    0.853443    0.83755     0.821554    0.805719    0.791806    0.777969    0.764746    0.753542    0.741917    0.727266    0.717658    
0.42        1           0.958805    0.93235     0.908401    0.890285    0.871442    0.854651    0.839683    0.822812    0.808305    0.793519    0.781552    0.767483    0.753233    0.742036    0.731304    0.720819    
0.425       1           0.958068    0.933367    0.911021    0.889379    0.871906    0.855523    0.841109    0.825633    0.810706    0.794292    0.782102    0.76976     0.756432    0.745594    0.733577    0.723238    
0.43        1           0.959233    0.933329    0.911786    0.891572    0.873955    0.857191    0.841178    0.825058    0.811943    0.795901    0.784183    0.770445    0.758361    0.745797    0.736738    0.723835    
0.435       1           0.959211    0.934234    0.910486    0.89141     0.874788    0.858066    0.842414    0.827317    0.812512    0.8003      0.786313    0.774542    0.763147    0.750035    0.739841    0.729428    
0.44        1           0.958898    0.934423    0.912041    0.893392    0.874684    0.859045    0.842499    0.82997     0.815691    0.801768    0.787347    0.77679     0.764511    0.752287    0.74091     0.730848    
0.445       1           0.959858    0.934126    0.913127    0.894996    0.877544    0.861802    0.844014    0.82897     0.816353    0.803264    0.790906    0.776916    0.767829    0.754537    0.744604    0.733815    
0.45        1           0.961358    0.935857    0.915153    0.894791    0.877814    0.862282    0.847154    0.832389    0.818495    0.805645    0.791269    0.779503    0.768726    0.758586    0.74532     0.735917    
0.455       1           0.959982    0.937011    0.916215    0.896048    0.879423    0.863017    0.847092    0.83366     0.81952     0.806696    0.793179    0.782036    0.771858    0.758854    0.748058    0.738132    
0.46        1           0.960852    0.9357      0.916084    0.895904    0.879442    0.864888    0.848281    0.835161    0.822214    0.80756     0.79465     0.783776    0.773053    0.760299    0.749489    0.740185    
0.465       1           0.961902    0.938       0.91702     0.898997    0.88146     0.866446    0.850154    0.835624    0.824293    0.8082      0.798951    0.784226    0.774171    0.762881    0.752896    0.741803    
0.47        1           0.961684    0.937684    0.916087    0.897914    0.882364    0.866824    0.85149     0.836387    0.825052    0.809771    0.799805    0.786595    0.776969    0.76401     0.753243    0.743548    
0.475       1           0.962416    0.938021    0.917116    0.898741    0.882981    0.866847    0.85255     0.839186    0.825357    0.813952    0.801355    0.789108    0.776234    0.765691    0.755068    0.746245    
0.48        1           0.962039    0.938553    0.918563    0.900425    0.88461     0.868514    0.85251     0.839558    0.825423    0.813617    0.801993    0.79091     0.778726    0.769346    0.758393    0.745638    
0.485       1           0.961514    0.938598    0.918403    0.90136     0.884537    0.86858     0.854826    0.84098     0.827972    0.814319    0.802456    0.793002    0.782132    0.770835    0.760175    0.750526    
0.49        1           0.962476    0.938337    0.919835    0.900953    0.885206    0.868856    0.857493    0.842327    0.829526    0.816457    0.804176    0.794695    0.781321    0.77214     0.764025    0.75223     
0.495       1           0.962383    0.939705    0.92041     0.900506    0.885468    0.871529    0.855541    0.842691    0.83057     0.819239    0.807844    0.793345    0.783909    0.773228    0.76225     0.752661    
0.5         1           0.963079    0.940405    0.920337    0.904164    0.886387    0.87327     0.856058    0.845852    0.832149    0.821001    0.809587    0.798085    0.784979    0.775041    0.76444     0.754466    
0.525       1           0.963226    0.93935     0.920336    0.903786    0.887536    0.872978    0.858818    0.846053    0.834084    0.82113     0.809417    0.798351    0.788938    0.777596    0.768687    0.758941    
0.55        1           0.964467    0.941532    0.923546    0.907291    0.891483    0.876673    0.865336    0.848934    0.837909    0.825185    0.814635    0.802903    0.792323    0.783857    0.771143    0.763931    
0.575       1           0.964409    0.943092    0.9245      0.907757    0.894133    0.879682    0.865867    0.853217    0.839822    0.829305    0.818031    0.810443    0.799912    0.78739     0.780118    0.770026    
0.6         1           0.964542    0.943901    0.924955    0.908489    0.894401    0.880294    0.86843     0.856037    0.844715    0.832104    0.822761    0.813471    0.801904    0.789965    0.782275    0.774007    
0.625       1           0.965954    0.943272    0.926198    0.910674    0.89464     0.882297    0.869692    0.857606    0.844443    0.836093    0.826069    0.816068    0.805313    0.79553     0.786471    0.778633    
0.65        1           0.964121    0.941845    0.926013    0.911984    0.896405    0.881356    0.871123    0.857034    0.848411    0.835399    0.826728    0.815384    0.805857    0.797995    0.789389    0.780362    
0.675       1           0.964587    0.944205    0.925864    0.910864    0.897011    0.882273    0.870478    0.857192    0.846423    0.83751     0.826145    0.816377    0.807362    0.79702     0.789523    0.780801    
0.7         1           0.964217    0.943191    0.92515     0.910971    0.895312    0.883197    0.868756    0.858295    0.847725    0.835783    0.8258      0.815426    0.807243    0.798152    0.788821    0.780639    
0.725       1           0.964243    0.943411    0.925756    0.910408    0.894017    0.881784    0.869238    0.858541    0.844248    0.834174    0.826123    0.814427    0.808091    0.797493    0.788772    0.780652    
0.75        1           0.963713    0.942407    0.925667    0.909179    0.895322    0.881136    0.870108    0.856954    0.845594    0.836099    0.823472    0.814221    0.805343    0.797887    0.789493    0.780503    
0.775       1           0.964098    0.943153    0.926994    0.909573    0.894303    0.881798    0.868987    0.857507    0.846931    0.834202    0.82445     0.815079    0.807226    0.798443    0.789647    0.781891    
0.8         1           0.964498    0.942957    0.924878    0.907589    0.895103    0.881161    0.867398    0.858217    0.844115    0.835438    0.824892    0.816198    0.806305    0.799233    0.788149    0.781045    
0.825       1           0.963476    0.942495    0.924952    0.908567    0.893445    0.88265     0.8679      0.856859    0.846665    0.836585    0.825291    0.817217    0.806603    0.798385    0.790865    0.780195    
0.85        1           0.963663    0.942366    0.92429     0.909189    0.894638    0.881683    0.868428    0.85797     0.848497    0.837729    0.826579    0.816106    0.807146    0.798028    0.790707    0.781609    
0.875       1           0.963734    0.940921    0.924162    0.907782    0.894709    0.882019    0.869746    0.857835    0.848722    0.836687    0.82767     0.818581    0.806705    0.799502    0.789987    0.783072    
0.9         1           0.963599    0.943217    0.924958    0.909734    0.895007    0.880516    0.870164    0.859199    0.847665    0.835739    0.828019    0.817933    0.809215    0.801977    0.793041    0.786186    
0.925       1           0.962595    0.942626    0.92464     0.909386    0.896278    0.883515    0.868669    0.86204     0.847727    0.835802    0.828983    0.82068     0.80847     0.803972    0.79455     0.78479     
0.95        1           0.964619    0.942225    0.925439    0.909263    0.895875    0.882854    0.869956    0.860331    0.847415    0.837674    0.82856     0.820215    0.809185    0.804338    0.792809    0.784798    
0.975       1           0.964572    0.941574    0.925151    0.908982    0.894363    0.880947    0.870345    0.859769    0.848985    0.837771    0.829481    0.821645    0.81159     0.804835    0.795275    0.784427    
1           1           0.963007    0.941892    0.925045    0.909009    0.894843    0.885021    0.86963     0.859426    0.85172     0.839145    0.831403    0.818674    0.81296     0.803297    0.796936    0.786778    
