##Correction values for protons (density(horizontal) and energy(vertical))
##          0           0.01        0.02        0.03        0.04        0.05        0.06        0.07        0.08        0.09        0.1         0.11        0.12        0.13        0.14        0.15        0.16        
0           -nan        0           0           0           0           0           0           0           0           0           0           0           0           0           0           0           0           
0.001       1           0           0           0           0           0           0           0           0           0           0           0           0           0           0           0           0           
0.002       1           0           0           0           0           0           0           0           0           0           0           0           0           0           0           0           0           
0.003       1           0           0           0           0           0           0           0           0           0           0           0           0           0           0           0           0           
0.004       1           0.0041852   0           0           0           0           0           0           0           0           0           0           0           0           0           0           0           
0.005       1           0.0273323   0           0           0           0           0           0           0           0           0           0           0           0           0           0           0           
0.006       1           0.0660377   0.00168165  0           0           0           0           0           0           0           0           0           0           0           0           0           0           
0.007       1           0.130998    0.0105051   0           0           0           0           0           0           0           0           0           0           0           0           0           0           
0.008       1           0.214068    0.0262921   0.00218636  0           0           0           0           0           0           0           0           0           0           0           0           0           
0.009       1           0.281569    0.0484021   0.00847968  0.000393509 0           0           0           0           0           0           0           0           0           0           0           0           
0.01        1           0.335998    0.0772755   0.0194707   0.00347591  0           0           0           0           0           0           0           0           0           0           0           0           
0.011       1           0.386093    0.119502    0.0330071   0.00881712  0.00136966  0           0           0           0           0           0           0           0           0           0           0           
0.012       1           0.422092    0.168826    0.05074     0.017202    0.00489206  0.000584048 0           0           0           0           0           0           0           0           0           0           
0.013       1           0.451528    0.214015    0.072129    0.0275665   0.0100481   0.00292657  0.0002264   0           0           0           0           0           0           0           0           0           
0.014       1           0.483007    0.254475    0.0973888   0.040356    0.0164958   0.00624719  0.00170216  0.000138744 0           0           0           0           0           0           0           0           
0.015       1           0.507876    0.291031    0.131448    0.0558656   0.0253505   0.0107014   0.00453683  0.00116362  8.37005e-05 0           0           0           0           0           0           0           
0.016       1           0.530607    0.321881    0.16862     0.073439    0.0350242   0.0174028   0.00770078  0.00320259  0.000797602 3.97077e-05 0           0           0           0           0           0           
0.017       1           0.549839    0.349796    0.200183    0.0944949   0.0470205   0.0255337   0.0127292   0.00609203  0.00220172  0.000722875 2.1547e-05  0           0           0           0           0           
0.018       1           0.570339    0.37492     0.233024    0.12048     0.0618472   0.0341475   0.0182272   0.00966098  0.00457347  0.00179331  0.000437929 1.02395e-05 0           0           0           0           
0.019       1           0.587776    0.398469    0.258694    0.151156    0.0755404   0.0428537   0.0247039   0.0136964   0.00780782  0.00352995  0.0015467   0.00047293  9.73935e-06 0           0           0           
0.02        1           0.600525    0.417623    0.284047    0.177563    0.0955137   0.0551162   0.0321734   0.0192158   0.0110979   0.00608898  0.00288671  0.00137269  0.00029836  2.31796e-05 0           0           
0.021       1           0.61535     0.435814    0.304651    0.202787    0.11766     0.0665245   0.0410292   0.0247584   0.0156562   0.00889574  0.00506186  0.00265274  0.00123772  0.000288747 6.18367e-05 0           
0.022       1           0.625772    0.456577    0.327903    0.224943    0.143437    0.081796    0.0493943   0.0314024   0.0195689   0.0127858   0.00762664  0.0043899   0.00252045  0.00108073  0.000355058 7.58061e-05 
0.023       1           0.639741    0.470808    0.346896    0.24763     0.165575    0.0994327   0.0621121   0.0391312   0.0252528   0.0164113   0.0110567   0.00646995  0.00397779  0.00208201  0.000972268 0.000380988 
0.024       1           0.650147    0.486141    0.364861    0.266082    0.185545    0.118165    0.0718252   0.0475321   0.0311455   0.0210111   0.0137383   0.00939519  0.0057755   0.00360222  0.00204819  0.000995654 
0.025       1           0.660186    0.501968    0.378926    0.287311    0.205936    0.138803    0.0865667   0.0572131   0.0391641   0.0257674   0.0181244   0.0124213   0.00799785  0.00504575  0.00312975  0.00176199  
0.026       1           0.66918     0.513157    0.395094    0.303017    0.224096    0.158066    0.102918    0.0665066   0.0460635   0.0314057   0.0221634   0.01593     0.0105847   0.00719309  0.00483693  0.00289281  
0.027       1           0.677446    0.522641    0.41016     0.316771    0.24069     0.176348    0.121438    0.07826     0.0540573   0.0376491   0.0267601   0.0190395   0.0131668   0.00928271  0.00626848  0.00429336  
0.028       1           0.684433    0.533833    0.423112    0.330353    0.256239    0.193797    0.138948    0.0942826   0.0639431   0.0436048   0.0313893   0.0235155   0.0160973   0.0112454   0.0087379   0.00593486  
0.029       1           0.690367    0.546743    0.437458    0.347396    0.270418    0.208614    0.154315    0.106048    0.0729567   0.0513399   0.0385002   0.0263982   0.0197047   0.0142965   0.010532    0.00736154  
0.03        1           0.698505    0.556862    0.447851    0.359322    0.286475    0.223046    0.170703    0.125446    0.0851358   0.0601015   0.0433776   0.0327781   0.023553    0.0175853   0.0132276   0.00967322  
0.031       1           0.705628    0.567664    0.456345    0.373156    0.300252    0.238009    0.184122    0.138902    0.0981607   0.0688847   0.0501253   0.0373675   0.0275812   0.0216625   0.0163722   0.0117708   
0.032       1           0.711903    0.57337     0.468809    0.385698    0.311651    0.248572    0.195939    0.151885    0.111733    0.0788839   0.0578768   0.043141    0.0326985   0.0246444   0.0184772   0.0141382   
0.033       1           0.715398    0.583124    0.482214    0.395553    0.326226    0.264723    0.212009    0.164514    0.125317    0.0925925   0.0654271   0.0485887   0.0371768   0.0286987   0.0216234   0.0172848   
0.034       1           0.722854    0.590978    0.489238    0.40446     0.335312    0.273754    0.223709    0.176893    0.137631    0.104049    0.0762188   0.0558751   0.0428636   0.0328363   0.0252828   0.0201397   
0.035       1           0.727187    0.598654    0.498374    0.41617     0.344149    0.287009    0.233704    0.188995    0.149603    0.115472    0.0847543   0.0623243   0.048531    0.0378068   0.0286549   0.0225425   
0.036       1           0.732308    0.604388    0.506804    0.425344    0.35434     0.298785    0.245723    0.20029     0.162841    0.126955    0.0963107   0.0726157   0.0557583   0.0426744   0.0333212   0.0263863   
0.037       1           0.737097    0.615421    0.51644     0.434574    0.365686    0.308103    0.254848    0.211289    0.173171    0.137173    0.106636    0.0819918   0.0620038   0.047203    0.0377109   0.0300582   
0.038       1           0.741155    0.619357    0.52156     0.442306    0.374854    0.318631    0.267447    0.221095    0.184357    0.148053    0.118644    0.0898988   0.070378    0.0545557   0.041974    0.0332405   
0.039       1           0.745882    0.625725    0.532537    0.451134    0.385576    0.32755     0.276447    0.232204    0.193346    0.158282    0.12878     0.101447    0.0786373   0.0594966   0.0470227   0.0373712   
0.04        1           0.749904    0.632343    0.538767    0.460366    0.392457    0.335055    0.284681    0.240859    0.201484    0.168673    0.137072    0.110375    0.0874972   0.0679046   0.0529796   0.042466    
0.041       1           0.753952    0.635818    0.544059    0.467591    0.401304    0.343871    0.294631    0.249858    0.214373    0.179101    0.148056    0.120892    0.0969065   0.0755606   0.0592257   0.0464706   
0.042       1           0.755911    0.642213    0.550927    0.474232    0.4095      0.353644    0.303844    0.260776    0.222266    0.187544    0.154989    0.131436    0.104712    0.0826092   0.0651774   0.052513    
0.043       1           0.763237    0.648585    0.557846    0.482175    0.415311    0.359249    0.311857    0.269269    0.230582    0.197329    0.165314    0.138397    0.113644    0.0932652   0.0737181   0.0591066   
0.044       1           0.764157    0.653881    0.563898    0.489087    0.426825    0.36804     0.319988    0.276949    0.238967    0.205589    0.174746    0.147159    0.123118    0.101387    0.0806697   0.0653368   
0.045       1           0.767204    0.655465    0.569076    0.493892    0.430751    0.377405    0.327828    0.285595    0.247606    0.212604    0.181656    0.154833    0.131656    0.107746    0.0894151   0.071764    
0.046       1           0.768346    0.659532    0.572227    0.501702    0.438394    0.385363    0.334375    0.292134    0.25686     0.220665    0.190759    0.163149    0.138772    0.116027    0.0965438   0.0783742   
0.047       1           0.773968    0.667799    0.582937    0.509768    0.446835    0.391532    0.34438     0.301058    0.262765    0.230346    0.197671    0.172996    0.146816    0.125112    0.104832    0.0859475   
0.048       1           0.776705    0.670809    0.585115    0.513522    0.452616    0.39759     0.349321    0.308337    0.269559    0.235537    0.205665    0.178437    0.153077    0.13085     0.11231     0.0938724   
0.049       1           0.777749    0.676039    0.589579    0.520361    0.459079    0.403244    0.356831    0.316306    0.277242    0.243902    0.213017    0.184995    0.160091    0.139231    0.118494    0.100095    
0.05        1           0.781833    0.677495    0.594088    0.526345    0.466836    0.410351    0.364941    0.320097    0.282299    0.250727    0.221957    0.192531    0.168028    0.14459     0.123271    0.107748    
0.051       1           0.786475    0.682468    0.601512    0.529554    0.469715    0.41908     0.36937     0.327138    0.290065    0.255055    0.225984    0.20013     0.174297    0.152834    0.131531    0.112929    
0.052       1           0.786544    0.686132    0.605417    0.536318    0.473372    0.423388    0.376501    0.33517     0.296153    0.263888    0.234849    0.206056    0.181319    0.1597      0.137644    0.119302    
0.053       1           0.788747    0.690732    0.609364    0.539682    0.481889    0.429017    0.381842    0.34062     0.302075    0.26909     0.238713    0.212552    0.188308    0.165226    0.144627    0.125987    
0.054       1           0.793       0.694834    0.611685    0.546377    0.485002    0.435919    0.386454    0.346768    0.310682    0.275764    0.24532     0.218182    0.193516    0.169519    0.150517    0.130257    
0.055       1           0.795309    0.697208    0.616154    0.55033     0.492573    0.439731    0.393141    0.351479    0.315098    0.282768    0.252188    0.22444     0.200306    0.176551    0.156645    0.13731     
0.056       1           0.795667    0.700795    0.619411    0.555016    0.496876    0.447211    0.40008     0.360641    0.320815    0.287686    0.259332    0.230641    0.205228    0.18304     0.162757    0.144031    
0.057       1           0.799051    0.705187    0.626177    0.557218    0.502738    0.450565    0.402394    0.362317    0.326968    0.292749    0.263912    0.236842    0.211335    0.188612    0.168167    0.148671    
0.058       1           0.802046    0.704135    0.626793    0.563656    0.504361    0.453232    0.408902    0.370931    0.330395    0.297461    0.26882     0.240151    0.215947    0.193141    0.171978    0.154252    
0.059       1           0.802645    0.708148    0.634676    0.568742    0.510824    0.460894    0.413427    0.374941    0.338223    0.304617    0.272909    0.247635    0.221131    0.197722    0.178721    0.159712    
0.06        1           0.804816    0.711796    0.635927    0.569267    0.511949    0.464889    0.419943    0.378229    0.342587    0.308397    0.278528    0.253009    0.228073    0.204475    0.183582    0.164124    
0.061       1           0.806198    0.715473    0.64113     0.575383    0.518415    0.469652    0.423444    0.381522    0.349244    0.314269    0.284969    0.257718    0.232225    0.210128    0.187918    0.168953    
0.062       1           0.806411    0.718361    0.642634    0.577802    0.521114    0.472271    0.429066    0.389373    0.350902    0.320096    0.289891    0.261335    0.235678    0.214942    0.194238    0.175084    
0.063       1           0.810656    0.721898    0.646206    0.581788    0.525912    0.477196    0.432602    0.390824    0.355694    0.323739    0.294293    0.266231    0.242459    0.218759    0.197968    0.179873    
0.064       1           0.813354    0.721149    0.650154    0.586151    0.53113     0.481542    0.43699     0.398156    0.361854    0.327922    0.301484    0.271181    0.247225    0.224808    0.203436    0.185656    
0.065       1           0.815351    0.724786    0.655111    0.590579    0.534146    0.485386    0.442042    0.402023    0.364411    0.333455    0.303089    0.276402    0.252714    0.227567    0.206042    0.187752    
0.066       1           0.817186    0.726351    0.655494    0.593249    0.538361    0.490076    0.445636    0.404723    0.369629    0.337708    0.306332    0.281046    0.255363    0.233164    0.212207    0.193858    
0.067       1           0.818062    0.729443    0.658321    0.596456    0.541729    0.494447    0.447873    0.409015    0.373376    0.342505    0.313986    0.285106    0.260738    0.238134    0.216317    0.197751    
0.068       1           0.819642    0.731082    0.661089    0.597084    0.542859    0.497822    0.45379     0.415048    0.378977    0.34501     0.318695    0.29034     0.263565    0.241959    0.222438    0.20144     
0.069       1           0.821836    0.732174    0.662268    0.601545    0.54957     0.499992    0.459167    0.418048    0.383481    0.349198    0.319872    0.294481    0.2704      0.24732     0.225841    0.20591     
0.07        1           0.822632    0.737849    0.665252    0.605204    0.553862    0.502501    0.461829    0.423734    0.38845     0.355662    0.324367    0.30027     0.274174    0.251374    0.229309    0.211002    
0.071       1           0.824989    0.740035    0.670084    0.611815    0.555079    0.507267    0.465778    0.428005    0.392938    0.359181    0.330454    0.30306     0.278135    0.256018    0.236023    0.214336    
0.072       1           0.827701    0.742044    0.672769    0.614446    0.558938    0.512258    0.469354    0.430464    0.395734    0.36474     0.331852    0.308267    0.283017    0.259336    0.237082    0.216875    
0.073       1           0.827441    0.743454    0.677512    0.612455    0.559423    0.516195    0.472113    0.434781    0.399792    0.365712    0.337282    0.311107    0.286067    0.263183    0.242176    0.221611    
0.074       1           0.828314    0.744573    0.678373    0.615837    0.56416     0.519717    0.474542    0.436875    0.404269    0.372392    0.341496    0.315507    0.288819    0.266369    0.24557     0.226085    
0.075       1           0.829612    0.748366    0.679249    0.622295    0.570123    0.521038    0.480394    0.439777    0.403981    0.375134    0.345263    0.318156    0.291813    0.270134    0.247416    0.230758    
0.076       1           0.832863    0.750378    0.68006     0.621569    0.569855    0.52203     0.482943    0.445354    0.408391    0.377729    0.347295    0.319562    0.297463    0.272989    0.253794    0.233438    
0.077       1           0.832654    0.751538    0.682885    0.625764    0.573743    0.528138    0.483421    0.448381    0.413609    0.381646    0.352774    0.324336    0.300486    0.278191    0.256705    0.236827    
0.078       1           0.836247    0.754931    0.688461    0.629935    0.57623     0.530013    0.487708    0.451187    0.416895    0.385533    0.356631    0.327947    0.305208    0.281422    0.261069    0.241789    
0.079       1           0.836699    0.754541    0.688625    0.631142    0.579912    0.533452    0.491611    0.453726    0.418468    0.388566    0.358299    0.332631    0.311263    0.285216    0.263667    0.245194    
0.08        1           0.8372      0.758279    0.692846    0.632912    0.581586    0.53735     0.494298    0.458092    0.422605    0.391454    0.363513    0.335234    0.309505    0.290027    0.266102    0.247546    
0.081       1           0.839444    0.761828    0.691044    0.635721    0.583629    0.538692    0.497273    0.461977    0.426034    0.395188    0.36665     0.339473    0.315422    0.293315    0.270871    0.2526      
0.082       1           0.841851    0.760138    0.69258     0.63664     0.589144    0.542261    0.500353    0.464666    0.430366    0.396714    0.369478    0.342547    0.319183    0.294972    0.273875    0.25404     
0.083       1           0.842746    0.763822    0.698332    0.641137    0.589464    0.542731    0.504234    0.465707    0.430958    0.403731    0.371853    0.345902    0.320903    0.298329    0.276931    0.256444    
0.084       1           0.844039    0.767051    0.698849    0.642694    0.592702    0.548842    0.507944    0.469741    0.436573    0.40377     0.37711     0.348527    0.32417     0.30058     0.281018    0.260593    
0.085       1           0.84395     0.766994    0.701443    0.645269    0.595397    0.548022    0.508546    0.472266    0.437131    0.409101    0.37774     0.350495    0.326816    0.304723    0.283007    0.263373    
0.086       1           0.845373    0.769233    0.703813    0.647026    0.597189    0.552494    0.512718    0.476046    0.442712    0.41015     0.383175    0.356029    0.330296    0.306683    0.287031    0.267869    
0.087       1           0.848661    0.771109    0.704789    0.648635    0.601955    0.554241    0.515141    0.479272    0.443366    0.41559     0.385156    0.356728    0.332196    0.312646    0.291531    0.270961    
0.088       1           0.849435    0.770599    0.705461    0.650974    0.602067    0.557512    0.516261    0.479863    0.447018    0.417603    0.387212    0.362129    0.336947    0.315259    0.292493    0.272379    
0.089       1           0.851302    0.772295    0.709394    0.652033    0.601666    0.558794    0.520968    0.484501    0.449978    0.418284    0.390957    0.363061    0.338405    0.319531    0.294659    0.276434    
0.09        1           0.851427    0.775184    0.710331    0.65679     0.607664    0.563013    0.521466    0.484383    0.451933    0.420425    0.394755    0.368472    0.342789    0.319478    0.299156    0.278712    
0.091       1           0.8525      0.777392    0.71116     0.656313    0.608334    0.564954    0.525404    0.48791     0.454925    0.423694    0.394263    0.370053    0.34663     0.323423    0.30093     0.28201     
0.092       1           0.851552    0.776643    0.713275    0.65978     0.611054    0.567066    0.528161    0.490379    0.456725    0.425799    0.399776    0.371241    0.349671    0.324432    0.304982    0.28375     
0.093       1           0.854918    0.778406    0.716975    0.659337    0.613       0.568223    0.531175    0.490639    0.461847    0.428656    0.401249    0.376495    0.350943    0.327554    0.305677    0.287333    
0.094       1           0.856864    0.778302    0.71736     0.664157    0.614595    0.570993    0.530821    0.494258    0.462309    0.43214     0.403701    0.377829    0.353455    0.329508    0.309313    0.29114     
0.095       1           0.855666    0.782207    0.718158    0.66481     0.614406    0.57412     0.531826    0.497887    0.462489    0.434721    0.405412    0.379837    0.355972    0.33231     0.311595    0.292172    
0.096       1           0.860331    0.782284    0.720065    0.668625    0.618295    0.575746    0.535973    0.499944    0.467798    0.43706     0.406791    0.380982    0.358872    0.335063    0.313108    0.295324    
0.097       1           0.860953    0.78625     0.720984    0.669506    0.620581    0.576206    0.538765    0.501383    0.469067    0.43913     0.409386    0.384734    0.358644    0.335787    0.316613    0.297824    
0.098       1           0.861745    0.78787     0.726847    0.670237    0.622942    0.577378    0.540752    0.503906    0.470447    0.44136     0.411604    0.385965    0.363242    0.341054    0.318782    0.299038    
0.099       1           0.863134    0.787669    0.725483    0.670192    0.624547    0.58038     0.541587    0.505034    0.475517    0.443134    0.413114    0.389945    0.36499     0.341793    0.319839    0.301827    
0.1         1           0.866332    0.789663    0.72961     0.675047    0.625217    0.58298     0.54384     0.508438    0.477024    0.445517    0.416746    0.391672    0.367015    0.344704    0.325464    0.305477    
0.105       1           0.865763    0.792047    0.729009    0.673034    0.630703    0.584659    0.545096    0.510384    0.478995    0.448282    0.420251    0.392958    0.370554    0.347452    0.326937    0.307428    
0.11        1           0.869616    0.796908    0.735783    0.683425    0.638077    0.59421     0.557907    0.521646    0.490139    0.46089     0.433102    0.407443    0.3842      0.361222    0.34027     0.320566    
0.115       1           0.873936    0.80176     0.743646    0.69536     0.646928    0.604684    0.568967    0.534637    0.502682    0.473478    0.448029    0.420266    0.396793    0.372982    0.355363    0.333938    
0.12        1           0.878983    0.808535    0.753667    0.70062     0.656446    0.617       0.580268    0.546273    0.514324    0.485652    0.458888    0.434292    0.410055    0.387518    0.366127    0.347346    
0.125       1           0.879536    0.813438    0.757746    0.709907    0.665861    0.625155    0.589109    0.555908    0.52334     0.496938    0.468445    0.444082    0.421163    0.397737    0.377728    0.357926    
0.13        1           0.884225    0.81836     0.765169    0.715981    0.676369    0.636728    0.59967     0.564121    0.53393     0.506797    0.479798    0.454972    0.429495    0.40774     0.3902      0.370606    
0.135       1           0.887741    0.823673    0.770343    0.722985    0.681969    0.643202    0.607687    0.574601    0.544052    0.515814    0.48853     0.4652      0.443585    0.421607    0.399406    0.380808    
0.14        1           0.889965    0.826766    0.774474    0.728387    0.686396    0.650479    0.61374     0.584473    0.552056    0.525484    0.499343    0.475019    0.451634    0.429401    0.412361    0.391214    
0.145       1           0.894989    0.83009     0.780285    0.734827    0.693483    0.655794    0.622911    0.590692    0.562482    0.533692    0.506023    0.484822    0.461507    0.440493    0.419481    0.399927    
0.15        1           0.894638    0.83584     0.783514    0.739133    0.701188    0.664656    0.631137    0.598398    0.570231    0.543243    0.516729    0.493193    0.469715    0.449491    0.431157    0.41108     
0.155       1           0.899418    0.839163    0.789317    0.744834    0.706116    0.671256    0.637385    0.605427    0.577474    0.550301    0.527012    0.502104    0.480123    0.459531    0.438672    0.419988    
0.16        1           0.900305    0.843648    0.793901    0.750739    0.712303    0.678179    0.64534     0.612795    0.587264    0.558605    0.535952    0.511262    0.490038    0.469635    0.448077    0.430608    
0.165       1           0.902255    0.848411    0.798506    0.758124    0.717343    0.684633    0.652741    0.623275    0.594518    0.56944     0.543997    0.519601    0.49848     0.477576    0.458825    0.437971    
0.17        1           0.905653    0.851009    0.799758    0.761975    0.725108    0.690635    0.658079    0.627281    0.602817    0.574155    0.552333    0.527232    0.506685    0.48687     0.467022    0.449891    
0.175       1           0.908846    0.852843    0.808279    0.769052    0.730449    0.696292    0.666287    0.635746    0.611709    0.584656    0.559416    0.53733     0.515199    0.494545    0.476913    0.45827     
0.18        1           0.910372    0.857806    0.811602    0.77135     0.736431    0.702234    0.672388    0.645778    0.61664     0.59317     0.568356    0.544971    0.527328    0.502126    0.485642    0.469187    
0.185       1           0.912516    0.858516    0.814331    0.776881    0.741378    0.709851    0.680398    0.650659    0.625449    0.59982     0.577881    0.552034    0.533307    0.512364    0.495069    0.477256    
0.19        1           0.91482     0.862835    0.818287    0.780111    0.746515    0.715528    0.68502     0.658431    0.630093    0.60642     0.582144    0.562474    0.542254    0.521796    0.503391    0.484032    
0.195       1           0.91691     0.864914    0.822289    0.78327     0.750926    0.719558    0.691136    0.662765    0.638453    0.613229    0.589308    0.569224    0.54813     0.528085    0.508312    0.495544    
0.2         1           0.916727    0.86843     0.825741    0.790464    0.755558    0.72533     0.696556    0.670822    0.643456    0.619717    0.596579    0.576948    0.555654    0.534503    0.518201    0.501194    
0.205       1           0.919224    0.87089     0.831239    0.792736    0.760255    0.732124    0.701477    0.676616    0.650793    0.626409    0.604782    0.582848    0.563692    0.543191    0.528591    0.5101      
0.21        1           0.921947    0.874496    0.832631    0.795493    0.765377    0.735267    0.707754    0.679118    0.655335    0.631926    0.611241    0.588917    0.56981     0.552354    0.532215    0.516594    
0.215       1           0.923316    0.876933    0.837232    0.801133    0.768888    0.738948    0.711142    0.685459    0.663533    0.639199    0.617995    0.598853    0.576714    0.558629    0.54032     0.523326    
0.22        1           0.9241      0.879335    0.839741    0.804887    0.773094    0.744884    0.717718    0.692635    0.666791    0.644969    0.624548    0.604207    0.584426    0.566841    0.548535    0.532096    
0.225       1           0.926082    0.879836    0.842569    0.809416    0.776614    0.75023     0.720161    0.69848     0.674811    0.652202    0.631269    0.610381    0.590417    0.572992    0.555269    0.53819     
0.23        1           0.926684    0.882795    0.845282    0.812746    0.782139    0.752329    0.727245    0.702079    0.679756    0.65835     0.636504    0.616686    0.597504    0.581427    0.562878    0.547058    
0.235       1           0.930449    0.885234    0.849761    0.816168    0.787392    0.756848    0.734119    0.707069    0.68694     0.663047    0.642549    0.622843    0.604914    0.585198    0.572046    0.554724    
0.24        1           0.931042    0.887126    0.850206    0.820122    0.791844    0.761759    0.73718     0.711856    0.690704    0.669418    0.647798    0.628658    0.610645    0.593657    0.576711    0.560533    
0.245       1           0.931205    0.888825    0.853948    0.821675    0.792051    0.765929    0.740325    0.716252    0.697855    0.674468    0.653872    0.634234    0.61825     0.599208    0.582643    0.567023    
0.25        1           0.932663    0.890639    0.856241    0.82489     0.795849    0.769559    0.74652     0.722513    0.700012    0.679836    0.660585    0.639791    0.622691    0.606324    0.590414    0.575286    
0.255       1           0.933035    0.893413    0.859337    0.828242    0.798343    0.77302     0.748862    0.726088    0.705721    0.684524    0.664762    0.646145    0.629899    0.612135    0.594636    0.577057    
0.26        1           0.936289    0.896432    0.86032     0.831212    0.802831    0.776966    0.754458    0.731746    0.709793    0.690859    0.67046     0.651316    0.63296     0.617514    0.600799    0.586773    
0.265       1           0.936456    0.897443    0.863701    0.834626    0.806694    0.780982    0.759173    0.735915    0.714915    0.695148    0.675908    0.657215    0.641368    0.620366    0.606807    0.590885    
0.27        1           0.93696     0.899026    0.8654      0.838113    0.81078     0.786035    0.762132    0.739469    0.718585    0.69849     0.678465    0.664035    0.643475    0.629094    0.612697    0.597453    
0.275       1           0.938906    0.899427    0.867314    0.839146    0.811375    0.78838     0.767186    0.745656    0.722088    0.702936    0.685551    0.667322    0.648384    0.633381    0.618532    0.602882    
0.28        1           0.940387    0.902385    0.869905    0.84242     0.816803    0.792821    0.769677    0.747507    0.72871     0.708632    0.690114    0.673593    0.655237    0.64065     0.624781    0.608171    
0.285       1           0.939048    0.903779    0.872422    0.84428     0.820535    0.794817    0.771117    0.753409    0.731417    0.71299     0.694544    0.676862    0.659776    0.643556    0.629547    0.61608     
0.29        1           0.941395    0.904069    0.875085    0.846082    0.821837    0.797618    0.775358    0.75826     0.735669    0.71743     0.699024    0.683082    0.665732    0.650224    0.636029    0.61975     
0.295       1           0.942325    0.90735     0.875557    0.850583    0.825766    0.800719    0.778698    0.759483    0.739347    0.721317    0.703239    0.686752    0.670058    0.654098    0.638071    0.626659    
0.3         1           0.943265    0.909149    0.879893    0.850151    0.82824     0.80409     0.782847    0.762902    0.742736    0.725558    0.707802    0.690965    0.675981    0.660794    0.644264    0.63061     
0.305       1           0.943374    0.909268    0.880358    0.852809    0.830395    0.805594    0.785842    0.766811    0.748159    0.728249    0.712295    0.695599    0.67909     0.664146    0.648366    0.636155    
0.31        1           0.94478     0.910229    0.88289     0.855215    0.831621    0.810143    0.789118    0.772208    0.748877    0.732652    0.715758    0.700687    0.683991    0.668131    0.654005    0.638386    
0.315       1           0.94513     0.912256    0.883261    0.857659    0.83416     0.812204    0.791075    0.775173    0.751543    0.735824    0.71716     0.702144    0.687279    0.672188    0.656842    0.645123    
0.32        1           0.94737     0.912845    0.886054    0.858873    0.836308    0.814567    0.795492    0.775027    0.756034    0.740152    0.721465    0.706815    0.690767    0.675204    0.662006    0.648334    
0.325       1           0.948208    0.913149    0.8865      0.862476    0.837733    0.817926    0.79783     0.778565    0.760564    0.742332    0.726802    0.712219    0.695663    0.682381    0.665824    0.654587    
0.33        1           0.947762    0.916381    0.887706    0.864111    0.84018     0.820955    0.799758    0.78229     0.764637    0.747394    0.731102    0.714367    0.700444    0.685754    0.670797    0.658675    
0.335       1           0.949193    0.915222    0.88814     0.865176    0.842286    0.824418    0.803824    0.786326    0.766763    0.749607    0.732172    0.716443    0.701673    0.687808    0.677173    0.661967    
0.34        1           0.948433    0.918731    0.891895    0.867801    0.845134    0.824766    0.806616    0.786986    0.768509    0.753518    0.738168    0.723532    0.708391    0.693675    0.677562    0.666725    
0.345       1           0.950028    0.919128    0.891674    0.868434    0.846335    0.827305    0.806276    0.7894      0.771668    0.755919    0.740711    0.725518    0.71026     0.696746    0.684069    0.669696    
0.35        1           0.951518    0.919694    0.893527    0.870634    0.8499      0.827928    0.810666    0.793551    0.775122    0.759685    0.74373     0.729142    0.713968    0.702237    0.687651    0.675113    
0.355       1           0.951888    0.920915    0.894269    0.872727    0.850075    0.831748    0.812967    0.795553    0.777994    0.76273     0.747189    0.733226    0.719562    0.705858    0.690427    0.678803    
0.36        1           0.952873    0.922268    0.896708    0.874676    0.852186    0.834495    0.816172    0.796115    0.781815    0.76567     0.749801    0.73346     0.720941    0.707634    0.694758    0.68219     
0.365       1           0.953694    0.924591    0.896979    0.876713    0.853847    0.836436    0.817347    0.799277    0.785348    0.768436    0.753519    0.73813     0.725938    0.7114      0.699107    0.68508     
0.37        1           0.953552    0.923989    0.899429    0.877101    0.856781    0.837209    0.819076    0.803236    0.786001    0.770473    0.755594    0.740483    0.726582    0.713898    0.700455    0.688486    
0.375       1           0.95354     0.9261      0.901076    0.879523    0.857463    0.839513    0.820942    0.805047    0.789203    0.773632    0.758506    0.743991    0.731041    0.718297    0.704042    0.692217    
0.38        1           0.955818    0.925796    0.900951    0.879005    0.859729    0.840769    0.824875    0.805998    0.791196    0.776541    0.760493    0.747165    0.733544    0.721034    0.708516    0.695728    
0.385       1           0.955091    0.927241    0.90324     0.879886    0.861774    0.842321    0.82556     0.809486    0.792901    0.776378    0.763594    0.75015     0.736289    0.72416     0.713366    0.700276    
0.39        1           0.955789    0.928383    0.902172    0.881312    0.86196     0.845145    0.827283    0.813283    0.795182    0.781142    0.767652    0.753115    0.740615    0.726491    0.712351    0.701286    
0.395       1           0.956058    0.927283    0.905338    0.883641    0.864962    0.845008    0.82939     0.814383    0.797672    0.783724    0.769078    0.756488    0.742173    0.728971    0.717317    0.707631    
0.4         1           0.956711    0.929771    0.905578    0.886043    0.867501    0.847482    0.830229    0.815647    0.799637    0.785541    0.770873    0.757644    0.745413    0.730555    0.719659    0.707594    
0.405       1           0.956356    0.929087    0.906203    0.885502    0.867365    0.848908    0.832983    0.817458    0.801903    0.788644    0.771176    0.760012    0.74858     0.737256    0.722845    0.711684    
0.41        1           0.956552    0.93031     0.907718    0.887581    0.870016    0.851306    0.833724    0.818715    0.80439     0.79065     0.776754    0.763392    0.749594    0.737361    0.726741    0.716759    
0.415       1           0.957831    0.931121    0.907913    0.888818    0.869466    0.852551    0.836536    0.820571    0.805407    0.790305    0.779171    0.765511    0.753152    0.741714    0.730544    0.717558    
0.42        1           0.9574      0.931674    0.910775    0.890011    0.8727      0.853895    0.838919    0.821652    0.809082    0.792764    0.781112    0.766568    0.755234    0.743675    0.731027    0.72134     
0.425       1           0.958845    0.931828    0.910667    0.89078     0.873289    0.855864    0.840501    0.823575    0.810431    0.795705    0.783576    0.770157    0.758404    0.743393    0.732804    0.722904    
0.43        1           0.958745    0.932976    0.911011    0.893052    0.87353     0.85517     0.840979    0.825734    0.811227    0.800465    0.783927    0.771196    0.758962    0.747531    0.736976    0.724215    
0.435       1           0.958808    0.934512    0.912923    0.891964    0.87431     0.857102    0.841342    0.827357    0.812889    0.799647    0.787491    0.774233    0.761656    0.749347    0.739267    0.726985    
0.44        1           0.959137    0.934948    0.915023    0.893985    0.876334    0.859672    0.843328    0.828588    0.816631    0.801189    0.788776    0.776274    0.764019    0.752809    0.743181    0.729811    
0.445       1           0.960359    0.93471     0.912914    0.893535    0.876508    0.860553    0.846008    0.830643    0.815991    0.80291     0.79106     0.779539    0.766213    0.754699    0.74396     0.733548    
0.45        1           0.960786    0.93494     0.914684    0.897338    0.879405    0.86133     0.844999    0.830437    0.81854     0.804954    0.791835    0.781284    0.771107    0.759845    0.747062    0.736459    
0.455       1           0.961294    0.936501    0.916172    0.896383    0.879595    0.865155    0.848458    0.835522    0.819092    0.807287    0.794305    0.780838    0.769696    0.759867    0.74806     0.737201    
0.46        1           0.959935    0.93655     0.915312    0.897298    0.881172    0.864292    0.849122    0.835038    0.821779    0.808219    0.79498     0.78269     0.772848    0.760934    0.749879    0.739557    
0.465       1           0.961415    0.938204    0.915345    0.899169    0.880611    0.865808    0.850496    0.835461    0.823194    0.811085    0.796544    0.78522     0.774805    0.76231     0.752469    0.742495    
0.47        1           0.961032    0.937735    0.917365    0.898727    0.881662    0.86705     0.85232     0.837985    0.825673    0.811556    0.798596    0.787191    0.776406    0.763684    0.754236    0.744118    
0.475       1           0.96196     0.938396    0.918096    0.898158    0.881838    0.868018    0.851633    0.839032    0.826791    0.811191    0.801395    0.788991    0.775894    0.766751    0.755471    0.745522    
0.48        1           0.962968    0.938809    0.918925    0.899613    0.88327     0.869326    0.852472    0.841733    0.827387    0.814647    0.801856    0.792052    0.778851    0.768076    0.759223    0.74758     
0.485       1           0.962802    0.938351    0.919243    0.901351    0.88156     0.870114    0.854773    0.841297    0.826229    0.815406    0.802443    0.792606    0.782143    0.770491    0.758959    0.749054    
0.49        1           0.962733    0.938806    0.918898    0.901162    0.884293    0.870239    0.855757    0.843522    0.828941    0.818652    0.804456    0.792742    0.783332    0.771405    0.763362    0.751351    
0.495       1           0.961722    0.940127    0.919507    0.902062    0.887029    0.871322    0.855532    0.842598    0.83067     0.815938    0.805367    0.79487     0.785477    0.773014    0.762299    0.752792    
0.5         1           0.96277     0.941086    0.920257    0.901857    0.886097    0.872273    0.859596    0.843574    0.829715    0.819024    0.807966    0.797144    0.786635    0.775051    0.763899    0.755117    
0.525       1           0.963554    0.941568    0.921315    0.903472    0.888158    0.871709    0.857914    0.844777    0.833006    0.819696    0.809391    0.7973      0.786321    0.777159    0.766948    0.75742     
0.55        1           0.964169    0.941921    0.923525    0.905692    0.891527    0.876294    0.862491    0.849746    0.838983    0.826645    0.813872    0.804035    0.79493     0.782278    0.772501    0.764611    
0.575       1           0.964241    0.943253    0.92616     0.908404    0.893635    0.87938     0.864967    0.854101    0.842653    0.830585    0.819458    0.808661    0.798908    0.790743    0.778468    0.770903    
0.6         1           0.964723    0.943411    0.92503     0.908711    0.895286    0.880021    0.867255    0.856774    0.844645    0.830889    0.821231    0.810871    0.801674    0.792309    0.782826    0.774371    
0.625       1           0.964872    0.945975    0.925845    0.909719    0.8955      0.88092     0.870404    0.855956    0.846517    0.835617    0.823847    0.815262    0.806       0.795697    0.784865    0.7781      
0.65        1           0.966501    0.944158    0.926194    0.909908    0.894862    0.881024    0.871629    0.858189    0.847255    0.836957    0.826827    0.816875    0.80406     0.796654    0.788048    0.777854    
0.675       1           0.964958    0.943254    0.926182    0.909211    0.896925    0.883917    0.872241    0.858262    0.848246    0.834206    0.826839    0.816332    0.808745    0.798201    0.788844    0.781119    
0.7         1           0.964189    0.943952    0.925424    0.909997    0.894881    0.883627    0.869544    0.85793     0.845229    0.839028    0.826028    0.816661    0.805245    0.797362    0.788796    0.780433    
0.725       1           0.96468     0.942974    0.924431    0.908387    0.896228    0.881171    0.867828    0.858084    0.845661    0.834339    0.825197    0.816658    0.805518    0.799031    0.788681    0.779934    
0.75        1           0.962644    0.942681    0.92578     0.909665    0.894733    0.880153    0.869045    0.856283    0.847138    0.834768    0.826129    0.815683    0.807072    0.798766    0.790195    0.78252     
0.775       1           0.963466    0.942841    0.925356    0.907573    0.894198    0.883334    0.869489    0.858172    0.846019    0.836933    0.824876    0.818361    0.807457    0.800755    0.788225    0.778911    
0.8         1           0.964288    0.942472    0.924737    0.908454    0.89584     0.880905    0.868247    0.85875     0.845298    0.835311    0.82607     0.816199    0.805579    0.798142    0.787367    0.781402    
0.825       1           0.963326    0.942163    0.924207    0.90801     0.893604    0.881916    0.868161    0.856697    0.84596     0.835638    0.826225    0.816652    0.808748    0.799287    0.789758    0.780254    
0.85        1           0.962916    0.942241    0.925171    0.907221    0.893816    0.881291    0.871345    0.859086    0.847027    0.83748     0.827308    0.818959    0.808614    0.798793    0.791112    0.781991    
0.875       1           0.963073    0.94252     0.923393    0.909104    0.893804    0.882541    0.867886    0.85802     0.846721    0.837758    0.828829    0.818407    0.806598    0.800322    0.792426    0.783489    
0.9         1           0.963494    0.94205     0.924409    0.909118    0.896002    0.882486    0.868428    0.858466    0.847608    0.837309    0.830834    0.818915    0.812539    0.801379    0.792461    0.784676    
0.925       1           0.963351    0.943181    0.923031    0.90968     0.893887    0.883786    0.871422    0.858401    0.848057    0.837648    0.829951    0.820928    0.810285    0.800848    0.795286    0.782694    
0.95        1           0.963592    0.941802    0.926061    0.910611    0.895608    0.883566    0.870764    0.860414    0.849849    0.838057    0.830043    0.817667    0.810218    0.802859    0.795188    0.787434    
0.975       1           0.963744    0.94203     0.925392    0.911016    0.896754    0.883649    0.871402    0.860109    0.850023    0.840115    0.82927     0.819132    0.813375    0.804785    0.795593    0.787579    
1           1           0.964016    0.942942    0.925614    0.909872    0.895816    0.883424    0.870886    0.861145    0.8494      0.839372    0.830436    0.818667    0.813492    0.804102    0.796091    0.790133    
