##Correction values for protons (density(horizontal) and energy(vertical))
##          0           0.01        0.02        0.03        0.04        0.05        0.06        0.07        0.08        0.09        0.1         0.11        0.12        0.13        0.14        0.15        0.16        
0           -nan        0           0           0           0           0           0           0           0           0           0           0           0           0           0           0           0           
0.001       1           0           0           0           0           0           0           0           0           0           0           0           0           0           0           0           0           
0.002       1           0           0           0           0           0           0           0           0           0           0           0           0           0           0           0           0           
0.003       1           0           0           0           0           0           0           0           0           0           0           0           0           0           0           0           0           
0.004       1           0.0013355   0           0           0           0           0           0           0           0           0           0           0           0           0           0           0           
0.005       1           0.0183375   0           0           0           0           0           0           0           0           0           0           0           0           0           0           0           
0.006       1           0.0523897   0.000203567 0           0           0           0           0           0           0           0           0           0           0           0           0           0           
0.007       1           0.105254    0.00623572  0           0           0           0           0           0           0           0           0           0           0           0           0           0           
0.008       1           0.186091    0.0195816   0.000392206 0           0           0           0           0           0           0           0           0           0           0           0           0           
0.009       1           0.260677    0.0387585   0.0043442   0           0           0           0           0           0           0           0           0           0           0           0           0           
0.01        1           0.315624    0.064242    0.0128048   0.00107981  0           0           0           0           0           0           0           0           0           0           0           0           
0.011       1           0.363648    0.0968714   0.0239138   0.00494921  0.000178648 0           0           0           0           0           0           0           0           0           0           0           
0.012       1           0.400043    0.144035    0.0393561   0.0110513   0.00190155  0           0           0           0           0           0           0           0           0           0           0           
0.013       1           0.437918    0.193565    0.0565528   0.0202669   0.00557316  0.000937893 0           0           0           0           0           0           0           0           0           0           
0.014       1           0.468495    0.233433    0.0804747   0.0303259   0.0114957   0.00328623  0.000320398 0           0           0           0           0           0           0           0           0           
0.015       1           0.494926    0.27051     0.109176    0.0438518   0.0181667   0.00682694  0.00189362  0.000113831 0           0           0           0           0           0           0           0           
0.016       1           0.517333    0.302375    0.146671    0.0599293   0.0266718   0.0117387   0.00462853  0.00105271  4.19774e-05 0           0           0           0           0           0           0           
0.017       1           0.538497    0.331913    0.181613    0.0762833   0.0370424   0.0182502   0.00825062  0.00305875  0.00070978  1.70738e-05 0           0           0           0           0           0           
0.018       1           0.557373    0.360906    0.212404    0.101791    0.0491621   0.0254725   0.012376    0.00567508  0.00215407  0.000394049 0           0           0           0           0           0           
0.019       1           0.573088    0.382139    0.240035    0.130627    0.0636547   0.0326606   0.0178723   0.00935492  0.00394607  0.00169608  0.000320165 0           0           0           0           0           
0.02        1           0.590437    0.403464    0.266745    0.155418    0.0789236   0.0423543   0.0247567   0.0138177   0.00699369  0.00326561  0.00118725  0.000257999 0           0           0           0           
0.021       1           0.607165    0.423223    0.290315    0.18245     0.0970118   0.0539018   0.03223     0.0187343   0.0100529   0.00579187  0.00249804  0.00108796  0.000235739 0           0           0           
0.022       1           0.618025    0.442359    0.310606    0.206574    0.122317    0.066712    0.0401339   0.0237369   0.0140848   0.00825392  0.00421329  0.00204403  0.000769354 0.000215189 0           0           
0.023       1           0.624911    0.457896    0.329795    0.229132    0.144039    0.0810877   0.0492855   0.030878    0.0191993   0.0117365   0.00722394  0.00385371  0.00174356  0.000747154 0.000160532 0           
0.024       1           0.640643    0.474253    0.350145    0.249333    0.166741    0.0993133   0.060155    0.0385285   0.024497    0.0156271   0.00991437  0.00579813  0.00339709  0.00157202  0.000622835 0.000170172 
0.025       1           0.650626    0.486773    0.363644    0.265816    0.187458    0.119305    0.0716734   0.0460277   0.0292595   0.0194821   0.0124281   0.00833596  0.00474496  0.0027028   0.00142283  0.000568683 
0.026       1           0.658313    0.500617    0.382475    0.28386     0.206167    0.140494    0.0849174   0.0553845   0.0366627   0.0244481   0.0159791   0.0108622   0.00702742  0.00405351  0.00265116  0.00129359  
0.027       1           0.665607    0.513587    0.396097    0.300078    0.221814    0.156142    0.101351    0.0650121   0.0433672   0.0306514   0.0203034   0.0135763   0.00907136  0.00576014  0.00389569  0.00216418  
0.028       1           0.672008    0.525273    0.406844    0.316725    0.239607    0.175465    0.118938    0.0748172   0.0517906   0.0358552   0.0253245   0.0166784   0.01189     0.00797295  0.00517891  0.00339928  
0.029       1           0.683121    0.533909    0.421739    0.330705    0.254512    0.191655    0.135646    0.0896666   0.0597952   0.0417657   0.0301424   0.0206929   0.0145136   0.0103487   0.00711604  0.00489505  
0.03        1           0.68909     0.54451     0.43383     0.347072    0.269718    0.206527    0.151982    0.104808    0.0691477   0.0486385   0.03508     0.0253123   0.0179576   0.0133695   0.00860166  0.00628336  
0.031       1           0.69571     0.555231    0.446425    0.356993    0.285581    0.220911    0.168283    0.11897     0.079682    0.0564875   0.0410367   0.0299113   0.0222488   0.0155025   0.0114032   0.00841626  
0.032       1           0.703164    0.563481    0.457999    0.367088    0.29676     0.232969    0.181188    0.134469    0.0958482   0.0650917   0.0466478   0.0349274   0.0256958   0.0189829   0.0141287   0.0102501   
0.033       1           0.708585    0.571999    0.466827    0.381341    0.309972    0.248814    0.193227    0.149153    0.107875    0.0751368   0.0542405   0.0405301   0.0302358   0.0223858   0.0163183   0.0119018   
0.034       1           0.714309    0.582487    0.47883     0.391729    0.321307    0.260755    0.207833    0.161399    0.121201    0.0871232   0.0617147   0.0462618   0.0347299   0.0258583   0.0199349   0.0150598   
0.035       1           0.719666    0.586358    0.48449     0.401096    0.333203    0.273259    0.220743    0.172865    0.13388     0.0992555   0.0707854   0.0527906   0.0399475   0.0300091   0.022679    0.0176752   
0.036       1           0.724625    0.599278    0.494907    0.413217    0.343519    0.282977    0.230737    0.185581    0.14693     0.111692    0.0804783   0.0588665   0.0447279   0.0346308   0.0263295   0.0202192   
0.037       1           0.73091     0.598879    0.502702    0.421613    0.352994    0.292667    0.242389    0.198571    0.158871    0.122611    0.0926903   0.066984    0.0511262   0.0389919   0.0304274   0.0231902   
0.038       1           0.735886    0.609935    0.509985    0.430951    0.359781    0.304931    0.25291     0.207528    0.167803    0.133329    0.10338     0.0769671   0.0578687   0.0442667   0.0344761   0.027359    
0.039       1           0.738092    0.617746    0.519859    0.43914     0.372334    0.312545    0.261202    0.217314    0.178061    0.144502    0.113596    0.0860694   0.0643666   0.0498688   0.0387423   0.0305957   
0.04        1           0.743174    0.621293    0.527118    0.449875    0.380004    0.325347    0.270323    0.229286    0.188875    0.156051    0.123171    0.0957951   0.0724687   0.0551362   0.0432896   0.0345754   
0.041       1           0.745398    0.628057    0.533834    0.456395    0.389491    0.332478    0.282441    0.238654    0.199907    0.164702    0.134196    0.105622    0.0816107   0.0623333   0.0483969   0.0384387   
0.042       1           0.750855    0.634764    0.539842    0.464037    0.396813    0.339305    0.29258     0.249135    0.208041    0.173504    0.142434    0.114675    0.0910617   0.0695802   0.0541945   0.042665    
0.043       1           0.75462     0.639244    0.549083    0.470742    0.406718    0.348739    0.297428    0.257084    0.218182    0.18162     0.152799    0.123885    0.100725    0.0790334   0.0610582   0.0480088   
0.044       1           0.757601    0.645561    0.553332    0.481428    0.415788    0.3568      0.309387    0.263433    0.224344    0.192132    0.161119    0.133553    0.1097      0.0874906   0.0679174   0.0528874   
0.045       1           0.759098    0.649328    0.560279    0.484492    0.421473    0.365851    0.315467    0.274208    0.234578    0.199364    0.167902    0.141966    0.117186    0.0955435   0.0757047   0.0583833   
0.046       1           0.76365     0.652479    0.565404    0.493138    0.430166    0.373123    0.32458     0.281444    0.24154     0.207375    0.177556    0.151849    0.126998    0.102381    0.083867    0.0652385   
0.047       1           0.766688    0.658791    0.571466    0.499238    0.435296    0.378154    0.331162    0.288176    0.251538    0.216807    0.18481     0.157344    0.133754    0.111962    0.0911148   0.0735752   
0.048       1           0.768022    0.662628    0.574382    0.506528    0.438424    0.386269    0.33952     0.297359    0.25684     0.224143    0.193748    0.167229    0.141838    0.118996    0.0992848   0.081051    
0.049       1           0.773481    0.667201    0.581041    0.512102    0.448254    0.392624    0.345158    0.302661    0.263906    0.231037    0.201615    0.173279    0.148291    0.124796    0.104471    0.0864728   
0.05        1           0.777264    0.669196    0.587137    0.515894    0.455621    0.399758    0.350471    0.310315    0.273357    0.237306    0.208355    0.180994    0.154586    0.133306    0.112877    0.0950262   
0.051       1           0.778511    0.676468    0.592961    0.517828    0.458477    0.406396    0.36061     0.316935    0.277651    0.245864    0.215293    0.188749    0.162162    0.141167    0.119431    0.101303    
0.052       1           0.780356    0.679424    0.595559    0.525538    0.465347    0.410565    0.366612    0.323586    0.28686     0.250996    0.222312    0.194682    0.168926    0.146385    0.125729    0.107621    
0.053       1           0.783736    0.682477    0.599921    0.530961    0.469185    0.417297    0.369676    0.330409    0.292853    0.258837    0.227237    0.200028    0.173519    0.153038    0.133472    0.113545    
0.054       1           0.785338    0.685128    0.604808    0.536685    0.47654     0.424107    0.378939    0.3361      0.298137    0.265985    0.233705    0.206214    0.181271    0.159138    0.138304    0.119542    
0.055       1           0.787477    0.690665    0.608489    0.539027    0.478008    0.428458    0.383207    0.342716    0.304663    0.271015    0.240277    0.215199    0.188972    0.164737    0.144012    0.127404    
0.056       1           0.788116    0.696155    0.61227     0.547798    0.488784    0.435398    0.388457    0.348837    0.309918    0.276747    0.24662     0.218521    0.193889    0.171231    0.151709    0.132155    
0.057       1           0.793942    0.695056    0.618089    0.551682    0.49047     0.438121    0.392867    0.351785    0.316077    0.282316    0.252613    0.22551     0.199665    0.177327    0.15674     0.138958    
0.058       1           0.797059    0.699766    0.622517    0.555607    0.496358    0.445632    0.399845    0.359069    0.321393    0.290332    0.259152    0.229934    0.203653    0.182472    0.162116    0.143751    
0.059       1           0.797104    0.704251    0.624117    0.557513    0.500264    0.449637    0.405523    0.364526    0.326709    0.292892    0.262304    0.236015    0.210342    0.188253    0.168742    0.148169    
0.06        1           0.797907    0.703875    0.626716    0.561843    0.504761    0.455427    0.410471    0.371225    0.332048    0.298913    0.270346    0.240528    0.218636    0.19291     0.173757    0.156008    
0.061       1           0.80182     0.70733     0.632324    0.565912    0.508279    0.460925    0.412746    0.375067    0.335754    0.303285    0.27462     0.245799    0.220805    0.199002    0.17668     0.158252    
0.062       1           0.804171    0.710371    0.634811    0.571285    0.515158    0.463924    0.417576    0.377458    0.342759    0.309398    0.279819    0.252844    0.227051    0.204443    0.182979    0.163351    
0.063       1           0.80638     0.713744    0.637817    0.573828    0.517605    0.469004    0.42355     0.383875    0.346282    0.314396    0.285409    0.256931    0.231733    0.209849    0.188938    0.168333    
0.064       1           0.807998    0.716662    0.643231    0.577716    0.523069    0.472611    0.426568    0.387918    0.351073    0.318794    0.288838    0.2628      0.236246    0.213119    0.1915      0.173716    
0.065       1           0.81048     0.719534    0.644571    0.581504    0.526299    0.478643    0.430595    0.391725    0.356229    0.323316    0.294256    0.265684    0.241217    0.218106    0.196722    0.179729    
0.066       1           0.811993    0.720749    0.647792    0.584375    0.530178    0.480312    0.437366    0.397297    0.359905    0.330034    0.299886    0.272749    0.243926    0.223973    0.202868    0.183955    
0.067       1           0.812203    0.725737    0.650429    0.587052    0.535727    0.487046    0.439603    0.400776    0.365944    0.334357    0.304283    0.275506    0.250457    0.228038    0.207316    0.188425    
0.068       1           0.814723    0.725926    0.654935    0.592555    0.539016    0.488332    0.446913    0.404395    0.369088    0.339283    0.307766    0.280829    0.255187    0.232077    0.212178    0.191068    
0.069       1           0.816817    0.72817     0.658548    0.596082    0.541214    0.492838    0.448424    0.409646    0.374758    0.340354    0.311531    0.285914    0.258647    0.238089    0.216548    0.197329    
0.07        1           0.817901    0.730855    0.659778    0.59898     0.54231     0.49507     0.45653     0.414015    0.378071    0.347393    0.315417    0.28948     0.263587    0.242167    0.221423    0.201692    
0.071       1           0.821886    0.734147    0.663131    0.600595    0.548255    0.500627    0.457865    0.418615    0.382847    0.349081    0.320549    0.293194    0.268606    0.245776    0.224359    0.20705     
0.072       1           0.820371    0.735544    0.666577    0.60495     0.553508    0.504102    0.461058    0.424335    0.388183    0.353469    0.324058    0.297558    0.273308    0.250193    0.228214    0.209588    
0.073       1           0.823938    0.738876    0.668101    0.608203    0.555792    0.507851    0.464769    0.425718    0.389474    0.357544    0.328079    0.301523    0.276858    0.254776    0.232594    0.212704    
0.074       1           0.824188    0.743227    0.671938    0.610798    0.558067    0.510461    0.469806    0.431517    0.394886    0.36374     0.334799    0.306208    0.280047    0.258156    0.237257    0.218203    
0.075       1           0.825343    0.745862    0.672934    0.612362    0.561349    0.515639    0.471811    0.432112    0.397304    0.366273    0.33546     0.308129    0.285847    0.261765    0.239087    0.221162    
0.076       1           0.828193    0.744783    0.675812    0.617014    0.565785    0.517122    0.474605    0.436837    0.400809    0.370417    0.341029    0.313741    0.286463    0.266454    0.24501     0.224576    
0.077       1           0.828539    0.745948    0.67907     0.620757    0.569977    0.521436    0.47985     0.441621    0.405812    0.374046    0.34477     0.318169    0.293407    0.269574    0.248942    0.22859     
0.078       1           0.831388    0.752054    0.681322    0.622515    0.570169    0.523867    0.48168     0.443191    0.409559    0.375379    0.347475    0.320966    0.29609     0.273685    0.252939    0.231368    
0.079       1           0.833119    0.749745    0.684647    0.624456    0.572638    0.52853     0.48236     0.44786     0.41184     0.381187    0.351066    0.324859    0.300034    0.276617    0.255163    0.236801    
0.08        1           0.834203    0.752472    0.684826    0.628214    0.576698    0.530397    0.490744    0.450421    0.413702    0.383337    0.354825    0.3278      0.301924    0.27993     0.258432    0.239767    
0.081       1           0.835645    0.753843    0.687124    0.630866    0.57943     0.533516    0.491652    0.455107    0.419427    0.38744     0.358384    0.332816    0.308138    0.2857      0.263577    0.242878    
0.082       1           0.837303    0.75819     0.689428    0.634118    0.582907    0.534633    0.495181    0.456289    0.424914    0.390515    0.362779    0.333385    0.309717    0.287876    0.266898    0.248268    
0.083       1           0.838307    0.759175    0.693044    0.636655    0.582982    0.538694    0.498201    0.460543    0.426212    0.393457    0.36452     0.33951     0.313754    0.289051    0.269816    0.249409    
0.084       1           0.840455    0.759286    0.692516    0.637201    0.588047    0.543048    0.499244    0.461521    0.426327    0.397868    0.367895    0.341958    0.315       0.29339     0.272922    0.253194    
0.085       1           0.842064    0.762837    0.696235    0.641915    0.588789    0.543136    0.503174    0.46494     0.433017    0.399191    0.370607    0.344405    0.319116    0.296912    0.275383    0.257288    
0.086       1           0.842117    0.765365    0.700943    0.641277    0.593353    0.546226    0.506227    0.46872     0.435287    0.403981    0.375384    0.347916    0.323514    0.299243    0.280102    0.260527    
0.087       1           0.846244    0.765441    0.700734    0.645918    0.594864    0.548796    0.508107    0.470823    0.437452    0.406535    0.376216    0.35068     0.327088    0.302709    0.284436    0.263156    
0.088       1           0.84575     0.768318    0.700505    0.649       0.597818    0.552888    0.513155    0.47297     0.441909    0.411316    0.381809    0.35355     0.330037    0.306587    0.287261    0.266624    
0.089       1           0.84755     0.770864    0.707728    0.650273    0.599185    0.553617    0.513845    0.478373    0.443441    0.413448    0.383162    0.35856     0.333529    0.310255    0.288646    0.267443    
0.09        1           0.848422    0.773107    0.706631    0.650806    0.600043    0.557118    0.517105    0.480387    0.447675    0.415134    0.385714    0.360171    0.33647     0.311327    0.292456    0.272419    
0.091       1           0.851072    0.7725      0.707613    0.653924    0.60408     0.559642    0.519798    0.482244    0.447603    0.417236    0.3893      0.364606    0.339452    0.314437    0.292705    0.276163    
0.092       1           0.849984    0.774158    0.710597    0.655812    0.606267    0.562436    0.52108     0.48551     0.452001    0.421667    0.39201     0.366       0.339453    0.318274    0.296315    0.279869    
0.093       1           0.852351    0.775937    0.713668    0.657941    0.607786    0.56531     0.524337    0.489627    0.454972    0.425113    0.394162    0.369593    0.343778    0.319986    0.300665    0.27906     
0.094       1           0.854666    0.778778    0.714655    0.659928    0.609523    0.567747    0.525998    0.489714    0.455433    0.426732    0.398253    0.370951    0.348392    0.324787    0.303345    0.285217    
0.095       1           0.856741    0.779475    0.716156    0.664304    0.611264    0.569179    0.532045    0.495155    0.459264    0.429142    0.398551    0.371215    0.348792    0.32599     0.306855    0.285748    
0.096       1           0.857129    0.780022    0.718059    0.664234    0.618313    0.569333    0.532011    0.49523     0.461529    0.430891    0.401724    0.37463     0.35074     0.328511    0.308805    0.290268    
0.097       1           0.859619    0.782922    0.720097    0.665502    0.618741    0.573744    0.534955    0.495504    0.465497    0.433403    0.405693    0.378364    0.35527     0.330259    0.310687    0.291674    
0.098       1           0.861188    0.783623    0.721346    0.668897    0.618565    0.576052    0.538258    0.500726    0.467382    0.437848    0.407396    0.381635    0.357875    0.332919    0.311864    0.292637    
0.099       1           0.86402     0.787269    0.725915    0.669539    0.619611    0.578336    0.538388    0.503115    0.46828     0.437405    0.410947    0.384195    0.360474    0.336186    0.315734    0.294812    
0.1         1           0.863915    0.788396    0.726303    0.670375    0.624226    0.580389    0.540265    0.504176    0.472239    0.442112    0.41277     0.388605    0.361417    0.339258    0.317477    0.298341    
0.105       1           0.864965    0.789033    0.726563    0.674616    0.627031    0.583364    0.543797    0.504265    0.474316    0.445057    0.414713    0.388776    0.363863    0.343926    0.320553    0.301232    
0.11        1           0.867989    0.796284    0.73634     0.683223    0.637903    0.595775    0.556607    0.519924    0.487715    0.457348    0.428262    0.403278    0.377384    0.356111    0.335454    0.316221    
0.115       1           0.873054    0.800633    0.74386     0.692776    0.64454     0.606274    0.566377    0.532345    0.498408    0.469083    0.441438    0.416203    0.391799    0.369766    0.347989    0.331433    
0.12        1           0.87744     0.806722    0.749977    0.700985    0.654971    0.614249    0.577524    0.542648    0.508606    0.480501    0.456254    0.428446    0.40481     0.383681    0.361658    0.344019    
0.125       1           0.879669    0.815988    0.75683     0.709994    0.66569     0.624773    0.588281    0.552659    0.520072    0.493419    0.465286    0.440278    0.416154    0.395354    0.374702    0.355266    
0.13        1           0.883114    0.819088    0.765183    0.714448    0.672629    0.631679    0.597647    0.561812    0.532412    0.505256    0.476805    0.450569    0.428095    0.404647    0.386235    0.366125    
0.135       1           0.886143    0.822827    0.770304    0.721491    0.679345    0.641655    0.605499    0.571547    0.542346    0.513415    0.487297    0.463426    0.439647    0.418223    0.396278    0.377761    
0.14        1           0.889977    0.828491    0.775399    0.729184    0.684793    0.648339    0.614788    0.583499    0.551406    0.524731    0.496946    0.472168    0.448916    0.427508    0.408352    0.388828    
0.145       1           0.891387    0.830948    0.781169    0.732659    0.693539    0.656644    0.623569    0.590586    0.559858    0.533799    0.50697     0.481677    0.459745    0.43844     0.417431    0.396904    
0.15        1           0.896951    0.835881    0.784387    0.740924    0.699791    0.663415    0.628822    0.59745     0.568316    0.541647    0.515884    0.490427    0.468633    0.447927    0.429909    0.408085    
0.155       1           0.898018    0.83908     0.789806    0.74443     0.7056      0.669449    0.636018    0.605673    0.575661    0.549269    0.524502    0.501207    0.476481    0.457306    0.437063    0.417288    
0.16        1           0.900126    0.844048    0.795339    0.750439    0.713169    0.677708    0.643515    0.612038    0.58423     0.558222    0.53249     0.512093    0.488045    0.467032    0.447997    0.428238    
0.165       1           0.904331    0.847951    0.799239    0.756807    0.718762    0.683005    0.651524    0.621594    0.592821    0.568095    0.543791    0.519574    0.495962    0.476548    0.455409    0.437716    
0.17        1           0.905116    0.85024     0.803821    0.762462    0.724945    0.689036    0.65923     0.628876    0.602027    0.573835    0.550919    0.527568    0.506325    0.484936    0.464431    0.446798    
0.175       1           0.908045    0.855066    0.808481    0.766377    0.731798    0.696148    0.665957    0.635418    0.607821    0.583219    0.559471    0.535476    0.517075    0.49376     0.476496    0.456708    
0.18        1           0.910282    0.85668     0.812722    0.771675    0.735764    0.703796    0.671726    0.643281    0.615649    0.589564    0.566903    0.54349     0.523663    0.503852    0.482897    0.466605    
0.185       1           0.913053    0.860789    0.815155    0.776188    0.741615    0.706914    0.679452    0.649827    0.624006    0.599548    0.577376    0.552376    0.531824    0.510527    0.490937    0.475874    
0.19        1           0.913904    0.863698    0.81902     0.781635    0.74722     0.712815    0.685018    0.65786     0.63057     0.606606    0.582002    0.562608    0.540351    0.519724    0.501985    0.483865    
0.195       1           0.915728    0.866257    0.823304    0.785172    0.751175    0.720346    0.691401    0.661593    0.636214    0.613963    0.589191    0.569109    0.549621    0.529217    0.509089    0.490482    
0.2         1           0.917501    0.86911     0.82737     0.790274    0.755867    0.725762    0.696248    0.668749    0.642496    0.620387    0.59718     0.576567    0.55611     0.537068    0.518292    0.502806    
0.205       1           0.920188    0.871725    0.82922     0.79458     0.760413    0.729415    0.701234    0.674326    0.649406    0.626938    0.603494    0.582519    0.562218    0.542539    0.526256    0.507927    
0.21        1           0.921523    0.873148    0.834095    0.797201    0.766533    0.736672    0.706432    0.680715    0.657949    0.632537    0.612776    0.589469    0.568511    0.553025    0.533579    0.515271    
0.215       1           0.923764    0.876073    0.836465    0.800878    0.76867     0.740375    0.71177     0.687423    0.663156    0.640308    0.617454    0.596635    0.577075    0.557005    0.541036    0.523823    
0.22        1           0.924955    0.880094    0.840353    0.805498    0.772498    0.744868    0.718322    0.69257     0.668672    0.645835    0.624599    0.603568    0.586574    0.56544     0.54894     0.530993    
0.225       1           0.926402    0.880732    0.842854    0.810519    0.778605    0.750096    0.723061    0.700703    0.676137    0.652408    0.630866    0.609183    0.590472    0.574408    0.554812    0.537765    
0.23        1           0.927596    0.882911    0.847473    0.813269    0.782263    0.755432    0.728755    0.704055    0.6808      0.657486    0.63597     0.616913    0.597723    0.579678    0.560547    0.544712    
0.235       1           0.929743    0.885202    0.847626    0.816134    0.787044    0.759251    0.7326      0.707048    0.686378    0.663259    0.642462    0.622387    0.605537    0.58721     0.568782    0.552615    
0.24        1           0.929882    0.887674    0.850889    0.818335    0.791156    0.762164    0.737759    0.711967    0.690744    0.668905    0.649068    0.630873    0.610599    0.592806    0.573978    0.559603    
0.245       1           0.93305     0.891393    0.853825    0.823515    0.79402     0.766876    0.741316    0.718147    0.69603     0.674854    0.655273    0.634744    0.618935    0.599892    0.583296    0.565263    
0.25        1           0.934515    0.891962    0.857312    0.826196    0.797627    0.771432    0.744922    0.723516    0.699914    0.67918     0.660109    0.640276    0.623233    0.605584    0.588545    0.572898    
0.255       1           0.934178    0.892381    0.858879    0.829899    0.800194    0.77451     0.749566    0.727611    0.705002    0.685499    0.664702    0.646739    0.628794    0.611038    0.596482    0.579298    
0.26        1           0.935633    0.895982    0.86155     0.831625    0.803997    0.779615    0.753433    0.732915    0.709507    0.688823    0.669319    0.652966    0.633691    0.617937    0.599295    0.584907    
0.265       1           0.935761    0.897456    0.863859    0.834536    0.806894    0.780912    0.760142    0.735079    0.712512    0.694738    0.674983    0.658114    0.639949    0.622214    0.606249    0.591067    
0.27        1           0.937528    0.898352    0.867055    0.838038    0.810865    0.783975    0.76224     0.739235    0.718865    0.700593    0.679025    0.661892    0.645338    0.629221    0.61204     0.597761    
0.275       1           0.938885    0.901881    0.868645    0.839457    0.813398    0.78907     0.767546    0.743523    0.724837    0.703997    0.685256    0.667231    0.65047     0.633441    0.61686     0.603015    
0.28        1           0.940879    0.90242     0.870773    0.844698    0.815777    0.791368    0.77062     0.748022    0.726969    0.70802     0.690573    0.672387    0.656288    0.638177    0.623701    0.610277    
0.285       1           0.941037    0.903477    0.872598    0.845006    0.819508    0.795757    0.77399     0.751792    0.733389    0.713542    0.69525     0.679179    0.662064    0.647081    0.629149    0.613441    
0.29        1           0.941736    0.905887    0.874691    0.84785     0.822558    0.798521    0.77757     0.756708    0.737       0.718254    0.69851     0.682635    0.665264    0.648075    0.634277    0.619359    
0.295       1           0.943659    0.906645    0.875922    0.850075    0.825131    0.802288    0.781714    0.760943    0.741263    0.719639    0.702489    0.685726    0.670555    0.653829    0.639222    0.624719    
0.3         1           0.944054    0.907979    0.87816     0.85169     0.827651    0.806467    0.783393    0.762041    0.744218    0.726446    0.706619    0.690985    0.673973    0.657768    0.643787    0.629828    
0.305       1           0.944187    0.910362    0.879948    0.855153    0.831072    0.808093    0.787934    0.766465    0.745777    0.72926     0.71147     0.69411     0.680512    0.664768    0.648376    0.634255    
0.31        1           0.94458     0.910315    0.882521    0.85703     0.832515    0.810992    0.790868    0.769945    0.750112    0.733045    0.715151    0.69809     0.685384    0.669127    0.652972    0.638592    
0.315       1           0.946382    0.909715    0.884763    0.857928    0.834613    0.813265    0.792233    0.772032    0.753371    0.734982    0.71891     0.703221    0.6887      0.673475    0.65986     0.646227    
0.32        1           0.946618    0.913619    0.885539    0.860777    0.838227    0.816294    0.793978    0.776154    0.757853    0.740588    0.724286    0.704946    0.69148     0.674518    0.66133     0.647848    
0.325       1           0.947915    0.913965    0.888211    0.863255    0.839257    0.819093    0.799168    0.778892    0.76025     0.742986    0.725709    0.710264    0.695098    0.679947    0.667706    0.653627    
0.33        1           0.948924    0.916806    0.888521    0.864381    0.841143    0.820991    0.800424    0.780781    0.763253    0.747245    0.730766    0.713817    0.700039    0.684411    0.670713    0.657004    
0.335       1           0.949267    0.917331    0.891067    0.866047    0.842928    0.82221     0.80409     0.785494    0.76748     0.750469    0.735388    0.719409    0.705265    0.688099    0.6754      0.662087    
0.34        1           0.949604    0.917929    0.890977    0.86701     0.846136    0.825105    0.806096    0.788452    0.769085    0.753883    0.737119    0.72012     0.706778    0.691666    0.681564    0.66503     
0.345       1           0.950932    0.918751    0.893095    0.871271    0.846922    0.826539    0.809095    0.791706    0.771671    0.757953    0.740646    0.725711    0.711814    0.695288    0.683914    0.670199    
0.35        1           0.951877    0.920661    0.8942      0.870533    0.8501      0.832454    0.810856    0.792479    0.776202    0.758665    0.742988    0.72988     0.715148    0.701384    0.688526    0.673445    
0.355       1           0.95191     0.920177    0.89465     0.871495    0.851467    0.831972    0.81273     0.794391    0.77867     0.761831    0.745436    0.731492    0.716741    0.704331    0.691808    0.676911    
0.36        1           0.951556    0.922125    0.897269    0.874098    0.852972    0.833296    0.81512     0.797355    0.780944    0.767404    0.750002    0.734154    0.721857    0.706838    0.694576    0.683143    
0.365       1           0.95329     0.922371    0.898803    0.876497    0.853981    0.836126    0.817409    0.799036    0.784722    0.766788    0.753233    0.73822     0.725343    0.71233     0.696704    0.68601     
0.37        1           0.952808    0.923857    0.899219    0.876819    0.855785    0.837697    0.820374    0.801995    0.78538     0.771906    0.754766    0.740044    0.726577    0.714032    0.702657    0.690607    
0.375       1           0.953248    0.92503     0.902255    0.877944    0.85742     0.839202    0.822559    0.804765    0.787956    0.773999    0.757414    0.744572    0.731145    0.718815    0.7043      0.692033    
0.38        1           0.95526     0.924925    0.900179    0.879448    0.860056    0.840581    0.823508    0.805827    0.792647    0.775206    0.761002    0.748074    0.733076    0.719969    0.707298    0.695407    
0.385       1           0.955515    0.927638    0.90159     0.881659    0.861197    0.842545    0.826015    0.81009     0.792223    0.77659     0.763252    0.751317    0.735692    0.725159    0.709576    0.699083    
0.39        1           0.955302    0.928216    0.902954    0.882989    0.863663    0.843728    0.827632    0.811102    0.794981    0.780577    0.767123    0.753034    0.738316    0.727116    0.715096    0.701546    
0.395       1           0.95632     0.928484    0.904566    0.884213    0.864979    0.84601     0.829657    0.814883    0.798622    0.783767    0.769795    0.756819    0.743048    0.731032    0.717732    0.703907    
0.4         1           0.956554    0.92849     0.904647    0.884586    0.864859    0.847493    0.831035    0.811728    0.799238    0.78601     0.772289    0.758068    0.744901    0.732006    0.719912    0.709183    
0.405       1           0.956759    0.929168    0.905946    0.88432     0.865362    0.849875    0.833326    0.818468    0.802291    0.787048    0.772197    0.761012    0.747932    0.735271    0.725854    0.710421    
0.41        1           0.957638    0.930553    0.908186    0.886742    0.868726    0.851299    0.834466    0.819356    0.8024      0.791258    0.775523    0.762984    0.750921    0.738128    0.726049    0.713799    
0.415       1           0.958712    0.93124     0.908775    0.888487    0.870654    0.854473    0.8375      0.820449    0.806163    0.792684    0.779307    0.767062    0.753104    0.739622    0.726397    0.715878    
0.42        1           0.957751    0.931388    0.908983    0.889028    0.870363    0.854356    0.838747    0.821052    0.806101    0.794629    0.780573    0.767724    0.755417    0.743484    0.733448    0.721922    
0.425       1           0.957969    0.932512    0.909163    0.890625    0.872623    0.855541    0.83759     0.82461     0.809457    0.795597    0.781976    0.769625    0.757329    0.745306    0.736012    0.722901    
0.43        1           0.959325    0.934409    0.911621    0.890438    0.874137    0.856469    0.840198    0.825495    0.81262     0.797734    0.784695    0.771884    0.759959    0.747869    0.735493    0.726542    
0.435       1           0.960217    0.93402     0.911224    0.892935    0.874283    0.859014    0.844085    0.826639    0.814871    0.800923    0.7869      0.773986    0.761863    0.75069     0.738555    0.728547    
0.44        1           0.959941    0.934294    0.912791    0.894277    0.87523     0.860065    0.846207    0.830227    0.814221    0.801326    0.788811    0.77592     0.763483    0.753076    0.739712    0.731648    
0.445       1           0.960281    0.934702    0.914086    0.895683    0.877315    0.861001    0.84573     0.829728    0.817752    0.804745    0.789494    0.778314    0.765852    0.754687    0.744206    0.734802    
0.45        1           0.959674    0.936327    0.914165    0.896417    0.877956    0.862518    0.846895    0.832381    0.817111    0.805466    0.791891    0.780044    0.769291    0.757491    0.746743    0.735886    
0.455       1           0.961091    0.934854    0.913663    0.895812    0.878959    0.864462    0.848918    0.833883    0.818828    0.806343    0.795338    0.783763    0.769605    0.758183    0.7483      0.736382    
0.46        1           0.962131    0.936854    0.914349    0.897753    0.880001    0.863882    0.848423    0.835737    0.822898    0.80858     0.795346    0.784372    0.774943    0.761356    0.751385    0.740753    
0.465       1           0.961003    0.938002    0.916213    0.897532    0.880901    0.86667     0.849339    0.836124    0.823167    0.807617    0.798083    0.78628     0.774564    0.762653    0.753791    0.741688    
0.47        1           0.961444    0.937526    0.917265    0.89996     0.88055     0.866242    0.852095    0.838294    0.825142    0.810894    0.798851    0.788294    0.776496    0.765172    0.754971    0.742172    
0.475       1           0.962098    0.93876     0.918343    0.899181    0.881361    0.867946    0.852937    0.83869     0.825474    0.813486    0.801525    0.78788     0.777785    0.765953    0.755914    0.74772     
0.48        1           0.961564    0.938425    0.917157    0.900709    0.885795    0.868515    0.852954    0.839942    0.828303    0.814776    0.799608    0.790584    0.779367    0.769177    0.757194    0.747557    
0.485       1           0.962204    0.938743    0.918876    0.900652    0.883754    0.867146    0.854164    0.840211    0.828441    0.816142    0.804359    0.792597    0.780437    0.77067     0.761682    0.749348    
0.49        1           0.962665    0.938541    0.918957    0.901022    0.884139    0.871345    0.855434    0.843166    0.830135    0.819462    0.805327    0.792319    0.784482    0.773054    0.762355    0.751217    
0.495       1           0.962881    0.938948    0.920217    0.903381    0.886304    0.871763    0.856749    0.842457    0.832518    0.818172    0.805731    0.794982    0.784957    0.774778    0.76374     0.75285     
0.5         1           0.962908    0.939588    0.920263    0.901022    0.887881    0.872391    0.857726    0.845164    0.831995    0.820601    0.807463    0.795349    0.785646    0.775476    0.765525    0.754647    
0.525       1           0.962583    0.940406    0.920883    0.904336    0.887281    0.873991    0.860304    0.845172    0.833911    0.821269    0.808847    0.80006     0.787502    0.776704    0.766733    0.7578      
0.55        1           0.962933    0.941002    0.922552    0.906394    0.889734    0.874873    0.862406    0.84985     0.839287    0.826849    0.815457    0.804127    0.792556    0.784782    0.773469    0.764538    
0.575       1           0.966039    0.942899    0.923704    0.908413    0.893806    0.879067    0.866674    0.852207    0.842331    0.830228    0.818977    0.808776    0.79967     0.788076    0.778003    0.770622    
0.6         1           0.965546    0.943442    0.926091    0.908606    0.893626    0.880934    0.869564    0.855099    0.843595    0.832652    0.822821    0.812293    0.800984    0.794523    0.783774    0.775282    
0.625       1           0.965179    0.942486    0.926083    0.910412    0.894512    0.881441    0.8697      0.857162    0.847574    0.834839    0.825615    0.815922    0.805769    0.79523     0.787652    0.778617    
0.65        1           0.965194    0.945274    0.925955    0.910947    0.8961      0.883626    0.869963    0.857282    0.844907    0.83522     0.825271    0.816304    0.806193    0.797971    0.788106    0.780565    
0.675       1           0.964916    0.944372    0.926105    0.909183    0.895623    0.883218    0.869891    0.857304    0.847062    0.836858    0.82461     0.816406    0.805538    0.797667    0.787104    0.78089     
0.7         1           0.964868    0.944447    0.925566    0.909712    0.894681    0.882597    0.868731    0.857033    0.846169    0.834163    0.824298    0.817878    0.807374    0.796745    0.788917    0.780812    
0.725       1           0.963572    0.943736    0.924576    0.908023    0.894451    0.881835    0.86927     0.858553    0.845881    0.83482     0.826485    0.816744    0.804467    0.795806    0.788166    0.779191    
0.75        1           0.964656    0.944132    0.923907    0.908299    0.894249    0.880052    0.867626    0.856945    0.846908    0.835086    0.824689    0.815019    0.806391    0.797732    0.788266    0.779846    
0.775       1           0.962271    0.942553    0.925019    0.908647    0.894455    0.881322    0.867388    0.856448    0.845991    0.832938    0.824662    0.81346     0.806693    0.796527    0.787455    0.778848    
0.8         1           0.96382     0.942325    0.924052    0.908062    0.893992    0.880323    0.86699     0.85681     0.845247    0.832833    0.823349    0.813926    0.806915    0.798321    0.788496    0.779239    
0.825       1           0.964349    0.940973    0.923039    0.907916    0.894556    0.881228    0.869399    0.857302    0.844261    0.834971    0.823775    0.816895    0.805879    0.797528    0.788599    0.78018     
0.85        1           0.962303    0.942725    0.925699    0.908254    0.891988    0.880613    0.868068    0.856885    0.845406    0.834871    0.824882    0.81537     0.807972    0.796685    0.789538    0.779373    
0.875       1           0.963509    0.942623    0.925449    0.90858     0.89287     0.881724    0.868016    0.856172    0.846644    0.835841    0.826565    0.817579    0.80776     0.800246    0.78909     0.783338    
0.9         1           0.963556    0.941361    0.925029    0.910523    0.89339     0.881347    0.86834     0.856478    0.846529    0.837623    0.826591    0.815397    0.808288    0.801942    0.790353    0.784525    
0.925       1           0.964036    0.942211    0.924564    0.910435    0.894899    0.882938    0.868949    0.855987    0.848256    0.83763     0.827673    0.817932    0.807034    0.79908     0.790539    0.782499    
0.95        1           0.963561    0.942519    0.924065    0.908071    0.894853    0.880937    0.867773    0.859032    0.84741     0.836605    0.826916    0.818569    0.808333    0.803302    0.791268    0.783589    
0.975       1           0.964012    0.941675    0.924863    0.90898     0.894839    0.88256     0.869837    0.856809    0.847893    0.838863    0.827802    0.817841    0.808255    0.803302    0.795531    0.784925    
1           1           0.963377    0.942376    0.924817    0.909986    0.895758    0.882728    0.869789    0.858493    0.846667    0.838857    0.828233    0.819449    0.812308    0.801453    0.794408    0.786908    
