##Correction values for protons (density(horizontal) and energy(vertical))
##          0           0.01        0.02        0.03        0.04        0.05        0.06        0.07        0.08        0.09        0.1         0.11        0.12        0.13        0.14        0.15        0.16        
0           -nan        0           0           0           0           0           0           0           0           0           0           0           0           0           0           0           0           
0.001       1           0           0           0           0           0           0           0           0           0           0           0           0           0           0           0           0           
0.002       1           0           0           0           0           0           0           0           0           0           0           0           0           0           0           0           0           
0.003       1           0           0           0           0           0           0           0           0           0           0           0           0           0           0           0           0           
0.004       1           0.00958369  0           0           0           0           0           0           0           0           0           0           0           0           0           0           0           
0.005       1           0.0409186   0.000106131 0           0           0           0           0           0           0           0           0           0           0           0           0           0           
0.006       1           0.089654    0.00581508  0           0           0           0           0           0           0           0           0           0           0           0           0           0           
0.007       1           0.161545    0.0195491   0.00107532  0           0           0           0           0           0           0           0           0           0           0           0           0           
0.008       1           0.23955     0.0400414   0.00629225  0.000196484 0           0           0           0           0           0           0           0           0           0           0           0           
0.009       1           0.306381    0.0680082   0.0166507   0.00272328  0           0           0           0           0           0           0           0           0           0           0           0           
0.01        1           0.35986     0.105847    0.0300435   0.00818188  0.00118155  0           0           0           0           0           0           0           0           0           0           0           
0.011       1           0.402173    0.148379    0.0465898   0.0169405   0.00478679  0.000765494 0           0           0           0           0           0           0           0           0           0           
0.012       1           0.441537    0.196632    0.0680266   0.0271793   0.00995614  0.00293476  0.000498254 0           0           0           0           0           0           0           0           0           
0.013       1           0.471813    0.240407    0.0957284   0.0394666   0.0178641   0.00669298  0.00212441  0.000327109 0           0           0           0           0           0           0           0           
0.014       1           0.50003     0.278868    0.127121    0.0559365   0.0262569   0.0121561   0.0053476   0.0015833   0.000208661 0           0           0           0           0           0           0           
0.015       1           0.523433    0.316675    0.159366    0.0740585   0.0380839   0.0183092   0.00927571  0.0038964   0.00153679  0.000243172 0           0           0           0           0           0           
0.016       1           0.545699    0.343195    0.19484     0.0965491   0.0494488   0.0259577   0.0144912   0.00752239  0.00323904  0.00121425  0.000236222 0           0           0           0           0           
0.017       1           0.563584    0.371164    0.230227    0.121962    0.0645698   0.0362542   0.020929    0.0117025   0.00561942  0.00278396  0.00113696  0.000270371 0           0           0           0           
0.018       1           0.586054    0.392712    0.253131    0.14687     0.0818491   0.045974    0.0272819   0.015421    0.00920943  0.00478128  0.00261219  0.00107551  0.000252265 9.19226e-06 0           0           
0.019       1           0.600501    0.415247    0.281128    0.174631    0.100554    0.0585213   0.0351813   0.0223954   0.0134749   0.00824213  0.00438043  0.00223664  0.00113514  0.000263184 3.93938e-05 0           
0.02        1           0.61186     0.437496    0.306924    0.202582    0.120481    0.0719126   0.0447212   0.0277979   0.0179725   0.0113812   0.00643934  0.00399576  0.00202564  0.000895191 0.000321061 7.09084e-05 
0.021       1           0.626816    0.456729    0.326825    0.225296    0.143785    0.0892882   0.0543764   0.0350249   0.0235648   0.0148636   0.0097438   0.00603263  0.00368024  0.0021014   0.000892669 0.000427597 
0.022       1           0.63995     0.472292    0.34667     0.24726     0.165279    0.106044    0.067556    0.0434874   0.0294331   0.0195508   0.0136036   0.00866802  0.00572404  0.00330915  0.0019004   0.00114197  
0.023       1           0.648629    0.486751    0.368018    0.267254    0.188       0.12326     0.0811598   0.0525064   0.0363076   0.0246565   0.0174159   0.0114387   0.00761544  0.00494595  0.00340408  0.00180844  
0.024       1           0.65915     0.503643    0.382162    0.285076    0.208095    0.14207     0.0950486   0.0613132   0.0433293   0.0306805   0.0209978   0.0144949   0.00988198  0.00697937  0.00469367  0.00305609  
0.025       1           0.669072    0.515693    0.398446    0.306139    0.224221    0.159505    0.11079     0.0755434   0.0507426   0.0361449   0.0261878   0.0180145   0.0136414   0.00935965  0.00650014  0.00440666  
0.026       1           0.676908    0.527253    0.413335    0.319781    0.243076    0.179489    0.125469    0.0878958   0.0603918   0.0421833   0.0316919   0.0227591   0.0168345   0.0121179   0.00898594  0.00649294  
0.027       1           0.686317    0.541808    0.426919    0.334753    0.260813    0.196434    0.14264     0.10088     0.0709347   0.0513882   0.0372858   0.0269321   0.0202577   0.0147694   0.0109136   0.00847074  
0.028       1           0.694521    0.551262    0.438769    0.352431    0.27573     0.212403    0.158295    0.114314    0.0826956   0.0589683   0.0429916   0.0319185   0.0241018   0.0184543   0.0133045   0.0100932   
0.029       1           0.700333    0.561638    0.451956    0.364645    0.288939    0.228521    0.175843    0.129199    0.0949812   0.0698444   0.0502563   0.0373196   0.0281521   0.0214332   0.0167436   0.0123143   
0.03        1           0.708218    0.567906    0.464906    0.374627    0.30368     0.242829    0.189595    0.143516    0.105758    0.0781025   0.0580976   0.0430874   0.0336441   0.0255006   0.0197366   0.0145674   
0.031       1           0.71555     0.579016    0.475199    0.389414    0.318491    0.255683    0.204867    0.15655     0.117808    0.0894336   0.0671189   0.0495231   0.0373885   0.0296831   0.0233709   0.0179884   
0.032       1           0.722023    0.588088    0.483495    0.402497    0.329445    0.268002    0.217421    0.17064     0.131922    0.0992931   0.07677     0.0566702   0.0442449   0.0341332   0.0260611   0.0208873   
0.033       1           0.727545    0.59498     0.492792    0.410048    0.342049    0.281799    0.229976    0.184756    0.144723    0.109337    0.0839323   0.0648584   0.0494171   0.0386723   0.0305769   0.0239739   
0.034       1           0.730776    0.602501    0.500421    0.420682    0.35232     0.29066     0.240537    0.194198    0.156511    0.12386     0.0940655   0.0747893   0.0573993   0.0442629   0.0349172   0.0282291   
0.035       1           0.736665    0.60945     0.512291    0.431675    0.362025    0.305667    0.252341    0.207173    0.169445    0.13606     0.104399    0.0818033   0.0645903   0.0495209   0.0392357   0.0307169   
0.036       1           0.741663    0.617411    0.522404    0.439968    0.372936    0.314273    0.264112    0.217364    0.181145    0.144553    0.115222    0.0915254   0.0719608   0.0575144   0.0443528   0.0353547   
0.037       1           0.745189    0.625152    0.527027    0.447753    0.382711    0.323184    0.273479    0.22988     0.190776    0.15626     0.126306    0.0995283   0.07986     0.0638017   0.0506348   0.0396024   
0.038       1           0.750994    0.633031    0.536654    0.458169    0.390666    0.333177    0.283819    0.2394      0.200372    0.166914    0.137637    0.110923    0.0879415   0.0706035   0.0562983   0.0445268   
0.039       1           0.754589    0.636131    0.544283    0.467457    0.399717    0.343718    0.2941      0.249397    0.21093     0.174807    0.146413    0.118225    0.0963482   0.0768312   0.06212     0.0504834   
0.04        1           0.758962    0.643135    0.549305    0.47316     0.408248    0.351311    0.3014      0.258837    0.219737    0.185502    0.155051    0.129591    0.103689    0.0844671   0.0678981   0.0555507   
0.041       1           0.763596    0.64818     0.557919    0.482032    0.415239    0.359622    0.311839    0.266517    0.229221    0.194197    0.164695    0.136798    0.113594    0.0927385   0.0754855   0.0622786   
0.042       1           0.764314    0.653508    0.565297    0.488529    0.424199    0.370125    0.318532    0.276473    0.237809    0.204451    0.173455    0.147925    0.121949    0.100856    0.0825119   0.0675008   
0.043       1           0.768854    0.655476    0.570267    0.495647    0.434226    0.378057    0.329037    0.283955    0.247492    0.211024    0.181362    0.155788    0.130554    0.108418    0.0894572   0.0728818   
0.044       1           0.771672    0.662775    0.576473    0.502297    0.43576     0.384819    0.336962    0.292587    0.255705    0.220343    0.189331    0.163328    0.139354    0.115553    0.0970714   0.0809734   
0.045       1           0.776388    0.667627    0.579766    0.505846    0.448465    0.3899      0.342094    0.299231    0.263208    0.228876    0.199125    0.171028    0.146191    0.125267    0.104325    0.0870948   
0.046       1           0.780281    0.672604    0.586182    0.514435    0.452655    0.396442    0.352045    0.307126    0.271766    0.235882    0.205995    0.178837    0.154885    0.132387    0.112439    0.0929276   
0.047       1           0.780964    0.675794    0.591114    0.520173    0.45811     0.405619    0.356975    0.317559    0.27846     0.242771    0.213245    0.184827    0.161693    0.139335    0.118257    0.10071     
0.048       1           0.787325    0.680693    0.595361    0.528952    0.464491    0.411768    0.365725    0.321802    0.283034    0.251388    0.22118     0.191877    0.169489    0.14724     0.1261      0.108353    
0.049       1           0.787689    0.683837    0.601343    0.533814    0.472363    0.415909    0.372056    0.329118    0.291771    0.257749    0.22712     0.200903    0.175891    0.152811    0.133094    0.115775    
0.05        1           0.789375    0.687016    0.606417    0.537614    0.47594     0.424162    0.377572    0.334645    0.298937    0.265322    0.233575    0.208339    0.182627    0.159415    0.139164    0.121238    
0.051       1           0.792253    0.69127     0.610417    0.543604    0.481566    0.428914    0.385584    0.343004    0.305521    0.27076     0.242047    0.213329    0.188908    0.166672    0.145775    0.12832     
0.052       1           0.795318    0.692607    0.612054    0.547348    0.48787     0.434689    0.389392    0.349214    0.309541    0.277557    0.247927    0.219469    0.195937    0.171501    0.151444    0.134152    
0.053       1           0.796949    0.699822    0.619144    0.55055     0.493754    0.439939    0.395701    0.352094    0.315703    0.286368    0.253675    0.226939    0.201958    0.178028    0.156719    0.140458    
0.054       1           0.800455    0.702231    0.622321    0.556446    0.500195    0.445567    0.400158    0.359762    0.322474    0.290399    0.261361    0.230575    0.20655     0.186539    0.163839    0.146642    
0.055       1           0.801843    0.706517    0.628429    0.561394    0.503844    0.45167     0.406052    0.36389     0.328582    0.295113    0.263913    0.236714    0.213137    0.190439    0.169561    0.151334    
0.056       1           0.802796    0.709073    0.631881    0.563989    0.505416    0.456987    0.409996    0.372671    0.3337      0.300438    0.268772    0.243091    0.218199    0.196262    0.174742    0.156107    
0.057       1           0.80625     0.710117    0.635519    0.568672    0.51272     0.462043    0.413772    0.375604    0.341211    0.305062    0.276705    0.248829    0.223099    0.201776    0.180978    0.160967    
0.058       1           0.808978    0.712898    0.638546    0.572367    0.516657    0.467633    0.421909    0.380669    0.345058    0.310461    0.281723    0.255222    0.229008    0.207602    0.185679    0.166999    
0.059       1           0.81022     0.718417    0.642051    0.577102    0.520223    0.471028    0.426925    0.386155    0.348541    0.315743    0.288604    0.260404    0.234631    0.211406    0.191763    0.172436    
0.06        1           0.811854    0.721797    0.646806    0.580352    0.523851    0.47324     0.431595    0.393759    0.356246    0.322845    0.291877    0.264954    0.237844    0.218595    0.196302    0.177739    
0.061       1           0.814717    0.721355    0.649092    0.585209    0.528026    0.481441    0.434996    0.394723    0.359841    0.325426    0.297352    0.268183    0.244956    0.222748    0.201319    0.180766    
0.062       1           0.815891    0.723708    0.650989    0.588112    0.531548    0.483545    0.438848    0.401909    0.364939    0.331281    0.300638    0.275693    0.250079    0.228624    0.20632     0.186696    
0.063       1           0.818039    0.72961     0.656142    0.591058    0.536394    0.488154    0.444525    0.404918    0.368621    0.335934    0.307305    0.279759    0.254145    0.231449    0.210188    0.192197    
0.064       1           0.819974    0.731166    0.656687    0.59732     0.541705    0.491001    0.449349    0.408168    0.372742    0.340621    0.30918     0.285576    0.25879     0.236539    0.21522     0.196076    
0.065       1           0.820492    0.734601    0.660719    0.59739     0.544009    0.495488    0.455454    0.412536    0.377369    0.344595    0.31681     0.288091    0.263529    0.241173    0.22008     0.201357    
0.066       1           0.821972    0.734181    0.663073    0.604217    0.546589    0.499145    0.455803    0.416222    0.381095    0.350998    0.319064    0.292686    0.268585    0.246282    0.224887    0.205136    
0.067       1           0.825571    0.736891    0.666128    0.604932    0.549524    0.502385    0.45887     0.421997    0.385666    0.353369    0.325237    0.298722    0.272608    0.249207    0.229025    0.209713    
0.068       1           0.826138    0.739609    0.668537    0.612144    0.552659    0.508583    0.463688    0.424882    0.390665    0.357387    0.328536    0.299341    0.27734     0.253121    0.233003    0.21398     
0.069       1           0.827377    0.741653    0.670847    0.610709    0.558907    0.510522    0.467506    0.429617    0.393539    0.36357     0.333207    0.304087    0.282739    0.256705    0.23565     0.218661    
0.07        1           0.830275    0.744402    0.674485    0.613699    0.560885    0.511642    0.472894    0.431592    0.397011    0.366501    0.336723    0.308998    0.284286    0.262175    0.241464    0.222266    
0.071       1           0.831369    0.745777    0.676579    0.61595     0.56428     0.515346    0.474407    0.436689    0.401873    0.369962    0.340222    0.313217    0.287761    0.266076    0.246433    0.22598     
0.072       1           0.834093    0.74876     0.678479    0.619393    0.569211    0.51929     0.479135    0.439872    0.406163    0.373635    0.343706    0.318441    0.292367    0.27        0.248968    0.229583    
0.073       1           0.832431    0.749962    0.680744    0.621102    0.570181    0.52536     0.482545    0.443608    0.409522    0.376931    0.347484    0.322471    0.297677    0.273919    0.253668    0.233803    
0.074       1           0.836664    0.753205    0.685482    0.625004    0.574115    0.525868    0.485606    0.446774    0.41213     0.381052    0.354343    0.326094    0.30071     0.276917    0.256782    0.238433    
0.075       1           0.835568    0.753792    0.687581    0.627374    0.575018    0.531712    0.487984    0.449519    0.416212    0.384642    0.35595     0.327375    0.302291    0.281771    0.260474    0.241123    
0.076       1           0.836864    0.755537    0.689113    0.628971    0.579511    0.531642    0.491323    0.452525    0.419208    0.387843    0.359555    0.332814    0.308445    0.284246    0.263576    0.244507    
0.077       1           0.839077    0.759085    0.690164    0.634066    0.579697    0.536627    0.494166    0.455798    0.421504    0.390513    0.361745    0.333639    0.310986    0.288935    0.268341    0.248153    
0.078       1           0.840409    0.759553    0.692966    0.636595    0.583502    0.541046    0.49663     0.461013    0.427817    0.394715    0.364751    0.33743     0.313588    0.291688    0.270709    0.251484    
0.079       1           0.841902    0.757934    0.693283    0.638075    0.586527    0.542719    0.502889    0.46169     0.430009    0.398146    0.37072     0.342986    0.318801    0.295016    0.273917    0.254932    
0.08        1           0.843329    0.762397    0.698374    0.639528    0.588148    0.546952    0.50175     0.466553    0.433218    0.401471    0.373026    0.344971    0.321298    0.299415    0.278892    0.257673    
0.081       1           0.844683    0.766106    0.699122    0.642354    0.592313    0.548942    0.506572    0.469851    0.436243    0.403212    0.375119    0.349602    0.324456    0.301868    0.281379    0.260258    
0.082       1           0.84566     0.767688    0.701689    0.644762    0.592421    0.546477    0.509263    0.472513    0.436846    0.405947    0.38076     0.352003    0.327895    0.304729    0.282397    0.265417    
0.083       1           0.845814    0.769035    0.701764    0.646003    0.597245    0.553243    0.510653    0.475912    0.439651    0.409712    0.38329     0.357073    0.329988    0.306171    0.287192    0.267474    
0.084       1           0.84838     0.767075    0.704742    0.64944     0.600552    0.556165    0.514201    0.476598    0.444193    0.413771    0.383523    0.357954    0.335052    0.313647    0.290221    0.270266    
0.085       1           0.848779    0.77148     0.708325    0.651523    0.600465    0.557231    0.517157    0.478528    0.446072    0.415726    0.387527    0.362327    0.336693    0.3147      0.293017    0.272645    
0.086       1           0.849483    0.774395    0.709619    0.653206    0.605117    0.558948    0.520652    0.483399    0.448946    0.419608    0.390883    0.362443    0.341313    0.315581    0.298195    0.278329    
0.087       1           0.852296    0.773756    0.712541    0.651997    0.606372    0.562456    0.520208    0.486424    0.450806    0.421509    0.39507     0.366143    0.343768    0.31932     0.299841    0.278252    
0.088       1           0.854766    0.775276    0.71017     0.656476    0.608087    0.563852    0.525111    0.48763     0.455142    0.42517     0.395271    0.368485    0.346253    0.324133    0.301924    0.282262    
0.089       1           0.854627    0.779313    0.714549    0.661101    0.609572    0.566019    0.526074    0.488939    0.458703    0.427726    0.399334    0.373385    0.348197    0.324844    0.302997    0.283848    
0.09        1           0.853937    0.777753    0.71414     0.658674    0.610794    0.569168    0.528093    0.494138    0.461343    0.428301    0.399696    0.374759    0.350841    0.329038    0.305769    0.288697    
0.091       1           0.855466    0.780393    0.715701    0.662653    0.614966    0.570189    0.532444    0.493543    0.460286    0.430963    0.402913    0.378901    0.352216    0.330324    0.309189    0.2903      
0.092       1           0.857313    0.779488    0.716987    0.662904    0.616126    0.570247    0.533045    0.496707    0.463503    0.43438     0.405599    0.380145    0.355109    0.333531    0.312204    0.292646    
0.093       1           0.858203    0.782713    0.719184    0.665597    0.618228    0.573366    0.534392    0.498113    0.46715     0.437031    0.4077      0.382937    0.356823    0.335983    0.315637    0.29609     
0.094       1           0.86012     0.78367     0.721724    0.669347    0.620187    0.578228    0.537986    0.503045    0.467566    0.437395    0.41066     0.384127    0.360078    0.339199    0.317198    0.298699    
0.095       1           0.860647    0.785664    0.722939    0.66819     0.619309    0.576758    0.538878    0.504186    0.471451    0.440248    0.41257     0.386883    0.364158    0.341812    0.318934    0.298349    
0.096       1           0.862225    0.78507     0.723793    0.670374    0.621924    0.579441    0.540383    0.505344    0.473201    0.444922    0.416522    0.388653    0.364755    0.342384    0.322414    0.302093    
0.097       1           0.862376    0.789228    0.726553    0.672485    0.623683    0.581302    0.542517    0.506594    0.473749    0.444369    0.418922    0.391726    0.367318    0.344253    0.323151    0.304906    
0.098       1           0.863042    0.788302    0.726646    0.673081    0.629086    0.583553    0.545388    0.510143    0.47636     0.446414    0.420479    0.392371    0.368098    0.347376    0.325689    0.308609    
0.099       1           0.865156    0.789082    0.728106    0.675117    0.62724     0.58487     0.547773    0.511605    0.478112    0.447288    0.420824    0.394029    0.369386    0.348788    0.328205    0.309141    
0.1         1           0.865485    0.790581    0.728258    0.676154    0.629721    0.58547     0.548557    0.511668    0.479608    0.449825    0.422492    0.397829    0.374597    0.350905    0.33025     0.310722    
0.105       1           0.865757    0.792261    0.731563    0.678671    0.632791    0.58915     0.550971    0.515751    0.482221    0.451776    0.426206    0.400143    0.375762    0.354551    0.333339    0.312778    
0.11        1           0.870751    0.79802     0.739693    0.686898    0.64125     0.598688    0.559475    0.528025    0.496309    0.465915    0.439092    0.412188    0.389318    0.368058    0.346658    0.326941    
0.115       1           0.873624    0.802574    0.746282    0.695488    0.649668    0.610789    0.570812    0.537298    0.508095    0.477907    0.449182    0.424837    0.40213     0.380183    0.360154    0.339795    
0.12        1           0.879612    0.811214    0.752242    0.70178     0.659136    0.620202    0.580203    0.548698    0.518772    0.490427    0.463151    0.43648     0.413426    0.392305    0.371958    0.351485    
0.125       1           0.881499    0.81419     0.7586      0.711513    0.66857     0.62716     0.591504    0.558561    0.527224    0.500133    0.473617    0.448742    0.424977    0.402639    0.383168    0.36264     
0.13        1           0.883411    0.818272    0.765302    0.718131    0.672724    0.63555     0.600891    0.568543    0.5393      0.510697    0.481608    0.458905    0.435901    0.416536    0.394295    0.376511    
0.135       1           0.888159    0.823994    0.769519    0.72324     0.680863    0.64394     0.611264    0.578046    0.547769    0.519304    0.493499    0.470341    0.443868    0.424016    0.404837    0.386275    
0.14        1           0.891261    0.827821    0.775086    0.729832    0.689069    0.651454    0.619033    0.584457    0.554923    0.527535    0.50162     0.478748    0.455871    0.435549    0.415096    0.39402     
0.145       1           0.892631    0.831755    0.779887    0.734259    0.695271    0.65848     0.624217    0.592749    0.563931    0.538519    0.510898    0.488572    0.465257    0.444397    0.422245    0.40251     
0.15        1           0.895607    0.835585    0.783903    0.740691    0.700177    0.664062    0.630012    0.598899    0.572642    0.542276    0.519172    0.49549     0.472617    0.451437    0.433557    0.414826    
0.155       1           0.899344    0.838655    0.78849     0.747197    0.704672    0.669623    0.637699    0.607       0.579981    0.554514    0.528196    0.504338    0.482193    0.461997    0.442095    0.424413    
0.16        1           0.90027     0.840751    0.79403     0.751527    0.713719    0.676629    0.644321    0.615555    0.588071    0.562089    0.538244    0.513824    0.493062    0.471053    0.450161    0.4341      
0.165       1           0.903601    0.846737    0.799871    0.757277    0.717793    0.684377    0.652459    0.62325     0.594884    0.570826    0.545019    0.522492    0.499769    0.479467    0.460725    0.442845    
0.17        1           0.906409    0.848875    0.803131    0.7626      0.725334    0.690773    0.65957     0.629581    0.605189    0.577764    0.553668    0.531411    0.509346    0.488462    0.46968     0.450992    
0.175       1           0.907494    0.853725    0.806848    0.765738    0.72942     0.697581    0.665331    0.634935    0.609509    0.585133    0.561442    0.538843    0.51824     0.497618    0.478159    0.461902    
0.18        1           0.909914    0.855671    0.812219    0.770152    0.737567    0.702881    0.673755    0.643443    0.617627    0.593877    0.569103    0.546877    0.523582    0.507853    0.488006    0.469559    
0.185       1           0.911097    0.858771    0.816545    0.77496     0.738793    0.70904     0.67959     0.648544    0.625875    0.600581    0.577155    0.553493    0.535265    0.51332     0.49678     0.477753    
0.19        1           0.915274    0.862211    0.819059    0.779916    0.74435     0.714713    0.683808    0.655788    0.631506    0.60944     0.583867    0.563211    0.540639    0.521639    0.505963    0.48638     
0.195       1           0.916333    0.866073    0.823878    0.786349    0.751184    0.719604    0.690778    0.665091    0.636692    0.614095    0.590783    0.570128    0.548837    0.533002    0.511571    0.495039    
0.2         1           0.918528    0.867238    0.824946    0.788112    0.755982    0.722337    0.695344    0.668576    0.645999    0.621662    0.597846    0.578073    0.556351    0.537623    0.518896    0.501175    
0.205       1           0.91834     0.868776    0.829817    0.792518    0.760847    0.731785    0.702735    0.67462     0.650003    0.628226    0.606235    0.583734    0.563886    0.543856    0.526451    0.510862    
0.21        1           0.920598    0.873179    0.831299    0.797363    0.765228    0.734897    0.708685    0.680055    0.655791    0.633583    0.611378    0.589719    0.571513    0.553614    0.535263    0.518228    
0.215       1           0.923602    0.873815    0.835332    0.801028    0.767601    0.739218    0.71193     0.68591     0.663321    0.640247    0.617509    0.598372    0.578681    0.557962    0.542313    0.525489    
0.22        1           0.924484    0.877296    0.839001    0.804977    0.771643    0.743072    0.717452    0.691014    0.668877    0.646458    0.625848    0.604978    0.584395    0.566742    0.551059    0.533325    
0.225       1           0.926312    0.879479    0.842285    0.808882    0.778025    0.748325    0.723004    0.697263    0.673515    0.650784    0.631408    0.611496    0.590501    0.575378    0.55774     0.538675    
0.23        1           0.927799    0.882261    0.845329    0.811837    0.781161    0.750991    0.727643    0.702863    0.678881    0.657909    0.637651    0.617919    0.599195    0.580987    0.564112    0.54644     
0.235       1           0.928179    0.884438    0.847959    0.814091    0.784047    0.758552    0.731359    0.706188    0.686899    0.663292    0.641826    0.623171    0.604467    0.58792     0.569941    0.553589    
0.24        1           0.929741    0.885226    0.851134    0.819973    0.787887    0.761398    0.737105    0.712164    0.691437    0.668263    0.64952     0.629942    0.611881    0.592344    0.575683    0.560804    
0.245       1           0.930709    0.888276    0.853468    0.820914    0.791744    0.766161    0.741525    0.716291    0.695882    0.67306     0.654374    0.634068    0.618891    0.598863    0.581853    0.567302    
0.25        1           0.932934    0.892063    0.856675    0.826631    0.796263    0.769816    0.745403    0.722688    0.70037     0.68049     0.659008    0.640856    0.622721    0.607235    0.589225    0.575299    
0.255       1           0.935006    0.892922    0.857209    0.827693    0.799404    0.77386     0.750669    0.726011    0.707035    0.682761    0.664162    0.647978    0.630256    0.611356    0.594344    0.579817    
0.26        1           0.934546    0.893893    0.861121    0.832054    0.803008    0.77769     0.755666    0.729559    0.709317    0.688401    0.669223    0.653767    0.634044    0.618419    0.600155    0.58657     
0.265       1           0.936999    0.895368    0.862812    0.832375    0.806589    0.781463    0.758768    0.73585     0.715355    0.692877    0.675754    0.657905    0.639321    0.622443    0.607149    0.592823    
0.27        1           0.936995    0.898119    0.865416    0.837911    0.809906    0.785621    0.760483    0.739086    0.719092    0.700176    0.677787    0.660917    0.645224    0.628513    0.613992    0.599023    
0.275       1           0.937992    0.899624    0.86646     0.840083    0.812334    0.788519    0.765349    0.742865    0.721169    0.706311    0.684528    0.668577    0.650434    0.633486    0.617533    0.602726    
0.28        1           0.939343    0.901997    0.870392    0.840115    0.815808    0.792355    0.768648    0.747402    0.72683     0.707634    0.690781    0.67214     0.65489     0.641051    0.623708    0.608399    
0.285       1           0.940883    0.904463    0.871561    0.845583    0.818798    0.794994    0.771966    0.751122    0.731136    0.714345    0.693641    0.675491    0.660872    0.642635    0.631911    0.614995    
0.29        1           0.94071     0.904036    0.874243    0.846609    0.821505    0.798085    0.775675    0.754977    0.735344    0.71636     0.698232    0.681014    0.66613     0.648214    0.63554     0.619396    
0.295       1           0.942781    0.906433    0.874764    0.84811     0.823502    0.800205    0.779189    0.758541    0.738475    0.720178    0.703882    0.685696    0.670504    0.652108    0.640085    0.626776    
0.3         1           0.94278     0.906577    0.877278    0.851643    0.825418    0.803905    0.780402    0.76291     0.742069    0.723868    0.708127    0.690203    0.674584    0.657198    0.643883    0.630653    
0.305       1           0.94427     0.91083     0.880492    0.852187    0.829024    0.806988    0.785949    0.766002    0.747415    0.727029    0.711456    0.698108    0.678537    0.665027    0.648499    0.634112    
0.31        1           0.945182    0.910406    0.882369    0.854755    0.832986    0.808241    0.788957    0.768544    0.750317    0.730312    0.713814    0.697417    0.683174    0.667925    0.653909    0.639502    
0.315       1           0.946081    0.913197    0.883547    0.858278    0.835084    0.811478    0.793068    0.770452    0.75313     0.736325    0.719449    0.701936    0.685815    0.671489    0.65852     0.644878    
0.32        1           0.946535    0.912434    0.884189    0.860419    0.837591    0.81481     0.79578     0.773589    0.756954    0.738556    0.722582    0.706468    0.692368    0.676942    0.660966    0.65001     
0.325       1           0.947901    0.915654    0.886248    0.860975    0.839986    0.817649    0.795908    0.778208    0.760068    0.742998    0.726164    0.710758    0.696632    0.68233     0.666933    0.654298    
0.33        1           0.948631    0.917114    0.888777    0.862818    0.842845    0.819141    0.799062    0.781041    0.763171    0.745718    0.728977    0.715974    0.699866    0.685317    0.673607    0.657073    
0.335       1           0.947963    0.917074    0.891683    0.866703    0.843124    0.823236    0.802797    0.784334    0.766639    0.749396    0.734272    0.718979    0.703182    0.689982    0.675434    0.660203    
0.34        1           0.949156    0.917891    0.891281    0.867323    0.844434    0.823455    0.803445    0.786149    0.769928    0.752256    0.7383      0.722146    0.706791    0.693281    0.678698    0.664217    
0.345       1           0.950073    0.919371    0.893702    0.87004     0.846246    0.828169    0.807564    0.786982    0.771928    0.753777    0.740646    0.724583    0.710054    0.694598    0.681967    0.671645    
0.35        1           0.950984    0.919625    0.894065    0.87061     0.848117    0.829063    0.80993     0.793557    0.774734    0.759566    0.744534    0.729159    0.714581    0.700944    0.688052    0.675512    
0.355       1           0.95164     0.921847    0.896473    0.872645    0.850929    0.832038    0.813048    0.796015    0.777901    0.762765    0.748001    0.732438    0.717899    0.702007    0.690616    0.678673    
0.36        1           0.952099    0.921709    0.897662    0.872444    0.85157     0.833799    0.816498    0.798867    0.781257    0.765913    0.749978    0.736034    0.721795    0.707682    0.694225    0.680986    
0.365       1           0.952578    0.922791    0.898556    0.874641    0.853614    0.836269    0.816587    0.7998      0.784441    0.767515    0.752068    0.736502    0.725449    0.7129      0.699443    0.68679     
0.37        1           0.953612    0.923123    0.899184    0.876997    0.856493    0.837566    0.819013    0.80333     0.786901    0.771655    0.754639    0.743559    0.727831    0.713158    0.703323    0.689282    
0.375       1           0.953772    0.924284    0.898493    0.879548    0.856926    0.83996     0.820989    0.805329    0.789833    0.773277    0.757499    0.744174    0.72882     0.716977    0.705152    0.693112    
0.38        1           0.954064    0.925603    0.900545    0.880028    0.860197    0.84071     0.821085    0.807177    0.791298    0.777307    0.759769    0.746968    0.734117    0.722043    0.707831    0.695387    
0.385       1           0.955855    0.927806    0.902369    0.881236    0.862612    0.841635    0.824679    0.808983    0.79285     0.780072    0.763654    0.750038    0.737629    0.723775    0.711339    0.699118    
0.39        1           0.956088    0.928781    0.904743    0.883027    0.864008    0.845401    0.827971    0.810726    0.796255    0.780997    0.765988    0.752627    0.740813    0.726239    0.713851    0.70233     
0.395       1           0.956486    0.928497    0.904484    0.883935    0.86364     0.844915    0.828958    0.813729    0.798549    0.78494     0.768864    0.754171    0.742674    0.730075    0.719115    0.704238    
0.4         1           0.956904    0.928241    0.906556    0.884539    0.86697     0.848752    0.832775    0.816153    0.801152    0.784698    0.771958    0.758821    0.745702    0.732533    0.720984    0.707997    
0.405       1           0.956339    0.931017    0.906703    0.886366    0.868289    0.849687    0.832709    0.816161    0.802885    0.786796    0.772629    0.760709    0.748336    0.736142    0.724067    0.711193    
0.41        1           0.957428    0.930832    0.907816    0.888156    0.8687      0.85146     0.834322    0.818679    0.803568    0.791171    0.776474    0.762094    0.751175    0.737069    0.725969    0.71428     
0.415       1           0.956812    0.930676    0.909141    0.888917    0.869735    0.852064    0.834778    0.82055     0.80593     0.790341    0.77858     0.766404    0.752949    0.740325    0.728729    0.718802    
0.42        1           0.958082    0.932025    0.90977     0.890287    0.871325    0.855005    0.837428    0.823796    0.808932    0.794037    0.781879    0.768489    0.754309    0.742196    0.732651    0.721969    
0.425       1           0.958733    0.932722    0.910908    0.890231    0.871833    0.856071    0.83982     0.824924    0.811058    0.794635    0.782089    0.770272    0.757323    0.746914    0.734924    0.722927    
0.43        1           0.958482    0.933015    0.911833    0.89303     0.873007    0.856831    0.84228     0.825706    0.810715    0.797286    0.783884    0.771872    0.760161    0.746687    0.736297    0.726614    
0.435       1           0.959228    0.933634    0.913602    0.892248    0.87505     0.857769    0.843628    0.826926    0.814303    0.79871     0.78585     0.774223    0.763596    0.750351    0.738211    0.727668    
0.44        1           0.959977    0.933987    0.913018    0.893017    0.876613    0.857785    0.844412    0.829199    0.81463     0.801824    0.788292    0.777183    0.76462     0.75207     0.741251    0.730937    
0.445       1           0.959146    0.935115    0.914207    0.894465    0.877076    0.860196    0.844563    0.8297      0.816193    0.80378     0.79188     0.778008    0.766733    0.754907    0.743508    0.734266    
0.45        1           0.960003    0.935187    0.91339     0.896203    0.876782    0.861838    0.847338    0.831681    0.819867    0.806916    0.791069    0.780291    0.769442    0.757564    0.748141    0.734701    
0.455       1           0.960088    0.936065    0.915118    0.895675    0.877735    0.86414     0.846415    0.835521    0.81994     0.808027    0.792556    0.782121    0.771172    0.759341    0.748501    0.738334    
0.46        1           0.961506    0.937064    0.914751    0.897679    0.880457    0.86415     0.847475    0.837021    0.821726    0.807996    0.795422    0.783479    0.772578    0.761821    0.751664    0.74192     
0.465       1           0.961261    0.937611    0.915789    0.897992    0.880712    0.866061    0.851694    0.83666     0.822943    0.808861    0.798522    0.786404    0.773222    0.762913    0.752065    0.741107    
0.47        1           0.961095    0.93823     0.916176    0.89831     0.880585    0.866251    0.851933    0.836589    0.822713    0.812236    0.798659    0.787363    0.775992    0.765777    0.754907    0.742824    
0.475       1           0.961461    0.938622    0.918624    0.899038    0.882492    0.86636     0.852375    0.839858    0.823259    0.813269    0.802168    0.787329    0.779489    0.76548     0.756656    0.745413    
0.48        1           0.960879    0.939517    0.918794    0.898397    0.88485     0.868547    0.853196    0.838909    0.825459    0.814734    0.801255    0.790189    0.77921     0.767893    0.758095    0.747181    
0.485       1           0.962589    0.938578    0.918282    0.899978    0.884109    0.868233    0.854525    0.841033    0.830507    0.814908    0.804178    0.792181    0.782679    0.769725    0.759873    0.749881    
0.49        1           0.962958    0.939342    0.919231    0.901783    0.885655    0.869354    0.854985    0.842948    0.828575    0.816583    0.804889    0.794684    0.783473    0.770831    0.760155    0.751271    
0.495       1           0.961709    0.938931    0.919451    0.902582    0.884731    0.870814    0.856567    0.842782    0.830988    0.818551    0.806218    0.795843    0.783933    0.772627    0.763227    0.752926    
0.5         1           0.962421    0.939932    0.920326    0.903568    0.8873      0.871177    0.857558    0.845184    0.832686    0.817403    0.805983    0.798399    0.787314    0.774623    0.764871    0.756883    
0.525       1           0.963199    0.940691    0.922324    0.90447     0.88822     0.873566    0.859025    0.845764    0.83282     0.821303    0.807202    0.797791    0.786921    0.777265    0.766719    0.75687     
0.55        1           0.965023    0.941607    0.922384    0.905488    0.88877     0.875458    0.863758    0.84962     0.835848    0.826104    0.814135    0.803823    0.793595    0.783137    0.773682    0.761933    
0.575       1           0.964969    0.942726    0.924092    0.907541    0.893385    0.879368    0.866281    0.854783    0.840077    0.830825    0.819279    0.807595    0.799374    0.788162    0.778818    0.771216    
0.6         1           0.965002    0.942797    0.925117    0.908168    0.89497     0.880717    0.867284    0.85482     0.843368    0.83139     0.82137     0.810469    0.801271    0.791941    0.783708    0.773982    
0.625       1           0.964577    0.943626    0.925754    0.909986    0.896005    0.881558    0.869624    0.856404    0.847027    0.835018    0.823118    0.815283    0.804156    0.794392    0.785162    0.776583    
0.65        1           0.965316    0.943843    0.928048    0.910968    0.895074    0.881971    0.868996    0.856221    0.846816    0.836901    0.824426    0.813893    0.804479    0.796318    0.786585    0.778776    
0.675       1           0.965101    0.944679    0.926258    0.911035    0.896456    0.883206    0.869584    0.859081    0.848369    0.836596    0.825918    0.817009    0.807743    0.79849     0.78894     0.781774    
0.7         1           0.964659    0.94379     0.925579    0.909019    0.896074    0.882036    0.868343    0.857475    0.847769    0.834085    0.827165    0.816383    0.804634    0.796935    0.790077    0.779395    
0.725       1           0.964442    0.943573    0.925922    0.909111    0.894312    0.881563    0.86913     0.858145    0.845733    0.835166    0.825942    0.815302    0.806643    0.794928    0.790293    0.779033    
0.75        1           0.964679    0.942282    0.925723    0.908518    0.89424     0.882984    0.869315    0.856828    0.847101    0.835044    0.82634     0.816405    0.807351    0.798971    0.790619    0.781756    
0.775       1           0.964235    0.942768    0.924729    0.908897    0.894747    0.880889    0.868703    0.859076    0.847254    0.83537     0.826568    0.817       0.807809    0.797859    0.787558    0.782455    
0.8         1           0.963859    0.942373    0.92498     0.909119    0.893598    0.88263     0.869127    0.858964    0.846914    0.83822     0.827774    0.817615    0.808172    0.797577    0.78975     0.782099    
0.825       1           0.964298    0.942661    0.92641     0.909652    0.89659     0.881267    0.870563    0.857904    0.848765    0.836227    0.827948    0.818279    0.808338    0.797679    0.790428    0.783338    
0.85        1           0.965241    0.942213    0.925342    0.909029    0.895698    0.882519    0.871243    0.857507    0.847297    0.836519    0.826716    0.818656    0.808457    0.801328    0.79262     0.782969    
0.875       1           0.963336    0.943461    0.924377    0.90875     0.894438    0.883587    0.870065    0.860304    0.849606    0.838       0.829028    0.819913    0.810058    0.80129     0.792649    0.784762    
0.9         1           0.963246    0.943279    0.925988    0.907959    0.896549    0.883895    0.872042    0.85869     0.849115    0.839103    0.829277    0.8223      0.813567    0.802432    0.793959    0.786292    
0.925       1           0.96424     0.94228     0.925552    0.909334    0.897817    0.884384    0.872409    0.860576    0.850362    0.838917    0.829656    0.823053    0.811879    0.804996    0.794346    0.788187    
0.95        1           0.96359     0.94252     0.926465    0.90924     0.895747    0.882665    0.871023    0.860669    0.85046     0.839922    0.830312    0.821335    0.809985    0.807115    0.798509    0.787538    
0.975       1           0.964301    0.942956    0.926329    0.911012    0.896684    0.882902    0.870657    0.861812    0.848162    0.840488    0.831442    0.821151    0.81222     0.804962    0.795738    0.790097    
1           1           0.964507    0.943911    0.926088    0.910666    0.89526     0.88493     0.872929    0.859602    0.851271    0.841422    0.83101     0.825015    0.812762    0.804661    0.797862    0.789809    
