##Correction values for protons (density(horizontal) and energy(vertical))
##          0           0.01        0.02        0.03        0.04        0.05        0.06        0.07        0.08        0.09        0.1         0.11        0.12        0.13        0.14        0.15        0.16        
0           -nan        0           0           0           0           0           0           0           0           0           0           0           0           0           0           0           0           
0.001       1           0           0           0           0           0           0           0           0           0           0           0           0           0           0           0           0           
0.002       1           0           0           0           0           0           0           0           0           0           0           0           0           0           0           0           0           
0.003       1           0           0           0           0           0           0           0           0           0           0           0           0           0           0           0           0           
0.004       1           0.00154241  0           0           0           0           0           0           0           0           0           0           0           0           0           0           0           
0.005       1           0.0186386   0           0           0           0           0           0           0           0           0           0           0           0           0           0           0           
0.006       1           0.0531803   0.000177015 0           0           0           0           0           0           0           0           0           0           0           0           0           0           
0.007       1           0.105292    0.00647489  0           0           0           0           0           0           0           0           0           0           0           0           0           0           
0.008       1           0.188719    0.0185799   0.000534065 0           0           0           0           0           0           0           0           0           0           0           0           0           
0.009       1           0.257491    0.0380489   0.00459481  0           0           0           0           0           0           0           0           0           0           0           0           0           
0.01        1           0.315248    0.0631319   0.0123532   0.00109557  0           0           0           0           0           0           0           0           0           0           0           0           
0.011       1           0.364175    0.0969071   0.0245668   0.00472028  0.00010421  0           0           0           0           0           0           0           0           0           0           0           
0.012       1           0.404364    0.144373    0.0400521   0.0109486   0.00223716  0           0           0           0           0           0           0           0           0           0           0           
0.013       1           0.43723     0.193458    0.0572414   0.020805    0.00561809  0.000867365 0           0           0           0           0           0           0           0           0           0           
0.014       1           0.470441    0.234715    0.0804585   0.0315947   0.0112488   0.00328615  0.000293692 0           0           0           0           0           0           0           0           0           
0.015       1           0.493698    0.273976    0.110447    0.0432653   0.0183543   0.00700424  0.00187358  0.00014545  0           0           0           0           0           0           0           0           
0.016       1           0.517908    0.303439    0.147714    0.0590063   0.0272663   0.0116607   0.00450761  0.00110343  4.79743e-05 0           0           0           0           0           0           0           
0.017       1           0.536984    0.334474    0.182651    0.0779156   0.0369151   0.0187412   0.00837858  0.00318601  0.000781977 5.69134e-06 0           0           0           0           0           0           
0.018       1           0.559628    0.357352    0.215095    0.098751    0.0484677   0.0251587   0.0130633   0.00552848  0.00225068  0.000536797 0           0           0           0           0           0           
0.019       1           0.575642    0.382828    0.241626    0.129075    0.0626802   0.0330316   0.0184466   0.00959101  0.00433347  0.00154713  0.000358131 0           0           0           0           0           
0.02        1           0.588751    0.403946    0.265606    0.156621    0.079469    0.042234    0.0255152   0.0135799   0.00719986  0.00328866  0.00100213  0.00024768  0           0           0           0           
0.021       1           0.602166    0.426397    0.286287    0.182317    0.0977836   0.0552292   0.031659    0.0181943   0.0108938   0.00560729  0.00265106  0.000973971 0.000157147 0           0           0           
0.022       1           0.616086    0.440445    0.309946    0.206134    0.121319    0.0665526   0.0396143   0.0241356   0.0148051   0.00834013  0.00434498  0.00228845  0.000932198 0.000173073 0           0           
0.023       1           0.626841    0.456407    0.330418    0.227921    0.145164    0.0808444   0.0483381   0.0303149   0.0186777   0.0113584   0.00684423  0.00357173  0.00178818  0.000672016 0.000200684 4.23246e-06 
0.024       1           0.639591    0.472922    0.347448    0.250152    0.166896    0.0998025   0.058741    0.0381783   0.0248533   0.0155857   0.00958755  0.00542025  0.00310894  0.00144459  0.000649755 0.000187164 
0.025       1           0.647258    0.485103    0.365907    0.265687    0.188447    0.120873    0.0717554   0.0458161   0.0295918   0.0199859   0.0129329   0.00829465  0.00468028  0.00278365  0.00135983  0.000521704 
0.026       1           0.660371    0.502942    0.382327    0.284359    0.205289    0.138924    0.0847299   0.0549532   0.0365407   0.0239497   0.0165972   0.0110529   0.00706742  0.00396308  0.00231631  0.00127638  
0.027       1           0.666865    0.512751    0.396358    0.302846    0.222219    0.158841    0.102738    0.0648403   0.0435264   0.0298746   0.020296    0.013449    0.00909566  0.0059183   0.00350002  0.00203462  
0.028       1           0.674501    0.524131    0.410718    0.317978    0.240421    0.174787    0.120751    0.0759034   0.0516422   0.0358674   0.0247849   0.0168805   0.0114968   0.00820313  0.00490451  0.00339481  
0.029       1           0.68295     0.536295    0.424573    0.331205    0.255075    0.191039    0.13618     0.0905576   0.0603366   0.041624    0.0287571   0.0207441   0.0143658   0.0102143   0.00695713  0.00461583  
0.03        1           0.689657    0.547521    0.434116    0.34426     0.269441    0.208067    0.152412    0.105506    0.0697719   0.0491978   0.0353683   0.0252532   0.0179374   0.0132356   0.00921965  0.00634466  
0.031       1           0.697972    0.554456    0.44369     0.359744    0.284269    0.221907    0.165387    0.120974    0.0802143   0.0570551   0.0417168   0.0298172   0.0216917   0.0154965   0.0112134   0.00837187  
0.032       1           0.702666    0.563645    0.456925    0.370286    0.296833    0.235057    0.181647    0.134439    0.0959103   0.0650402   0.0469197   0.0355426   0.0255117   0.0186916   0.0141257   0.0103249   
0.033       1           0.709626    0.571548    0.466838    0.380381    0.308926    0.248445    0.193934    0.14824     0.109076    0.0760603   0.0543822   0.0399811   0.0301996   0.0226574   0.017053    0.0119955   
0.034       1           0.714068    0.580834    0.47917     0.39269     0.321514    0.259261    0.207891    0.160876    0.120181    0.0868254   0.0616195   0.0467213   0.034917    0.0264337   0.0194677   0.0146508   
0.035       1           0.719759    0.589446    0.484537    0.400248    0.33196     0.271087    0.217989    0.174906    0.133177    0.0987198   0.0704745   0.0520035   0.0391141   0.0302591   0.0229764   0.0173957   
0.036       1           0.723733    0.596754    0.495497    0.411581    0.342036    0.282675    0.231178    0.1839      0.147671    0.112206    0.0810897   0.059048    0.0449512   0.0343873   0.0255892   0.0200057   
0.037       1           0.733084    0.606124    0.503955    0.422342    0.353027    0.293135    0.242645    0.196823    0.157574    0.122093    0.0924429   0.0662404   0.0504648   0.0385064   0.0299392   0.0236687   
0.038       1           0.736974    0.610477    0.513542    0.431581    0.360849    0.304781    0.252144    0.207783    0.1682      0.134939    0.103812    0.0764933   0.0580264   0.0448124   0.0347831   0.0273443   
0.039       1           0.740407    0.61726     0.520665    0.440515    0.372651    0.313536    0.262607    0.217986    0.178066    0.143935    0.113651    0.0863758   0.0629301   0.0498503   0.03915     0.0302533   
0.04        1           0.744933    0.622469    0.525592    0.447524    0.379882    0.321374    0.273866    0.22951     0.189305    0.155671    0.122903    0.0965911   0.072849    0.0560462   0.0435157   0.0343446   
0.041       1           0.746925    0.629345    0.532837    0.456228    0.389889    0.333265    0.281569    0.23805     0.199722    0.165408    0.13355     0.105349    0.0824596   0.0628988   0.0482502   0.0394653   
0.042       1           0.751361    0.634413    0.540478    0.463305    0.397494    0.340466    0.289863    0.24602     0.208945    0.174056    0.143921    0.11507     0.0914808   0.0691786   0.0542368   0.0423124   
0.043       1           0.755403    0.639242    0.548371    0.471511    0.407309    0.350018    0.300575    0.256718    0.216954    0.184397    0.151961    0.125117    0.100916    0.0775967   0.0603816   0.0473749   
0.044       1           0.758194    0.645478    0.554709    0.476752    0.413555    0.355472    0.309703    0.264194    0.225792    0.190585    0.163148    0.13432     0.108869    0.0867913   0.0681844   0.0529707   
0.045       1           0.759986    0.650946    0.558391    0.486757    0.420208    0.365471    0.316877    0.273345    0.234167    0.200384    0.169335    0.141499    0.118093    0.0948493   0.0762823   0.0588667   
0.046       1           0.764755    0.655426    0.565238    0.490487    0.426869    0.371377    0.322973    0.280752    0.241854    0.208115    0.179489    0.150888    0.125971    0.103513    0.0829401   0.0664737   
0.047       1           0.768469    0.659217    0.570948    0.497368    0.434269    0.379279    0.331146    0.287725    0.248044    0.214823    0.185005    0.157581    0.132737    0.111304    0.0913689   0.0738706   
0.048       1           0.770199    0.661511    0.578476    0.503797    0.440417    0.387966    0.339671    0.293767    0.257624    0.224087    0.19191     0.164287    0.141363    0.118661    0.0992144   0.0799705   
0.049       1           0.774486    0.666858    0.582829    0.508652    0.448011    0.394323    0.345889    0.302035    0.263959    0.233689    0.200636    0.172984    0.148193    0.12613     0.105475    0.0876321   
0.05        1           0.776681    0.67124     0.58757     0.515143    0.454793    0.399058    0.351476    0.310255    0.27211     0.238089    0.207524    0.180356    0.155819    0.133172    0.111448    0.0943563   
0.051       1           0.776589    0.674891    0.591228    0.521615    0.458894    0.405648    0.359676    0.31721     0.277139    0.243619    0.213782    0.187382    0.163619    0.140369    0.119189    0.0999031   
0.052       1           0.782506    0.67762     0.598905    0.526669    0.464396    0.410803    0.364712    0.32371     0.28515     0.252173    0.220379    0.19258     0.168388    0.147315    0.12548     0.107513    
0.053       1           0.783708    0.681952    0.602497    0.531001    0.469911    0.417039    0.371203    0.328191    0.292445    0.25781     0.227337    0.201027    0.174672    0.153071    0.133169    0.113432    
0.054       1           0.783638    0.686765    0.604361    0.539554    0.476743    0.426398    0.3735      0.336083    0.299344    0.265964    0.23626     0.207959    0.18108     0.159981    0.137548    0.12        
0.055       1           0.78958     0.687618    0.608873    0.540159    0.482985    0.429601    0.382441    0.34138     0.30445     0.271922    0.239907    0.211389    0.189778    0.165709    0.145412    0.126521    
0.056       1           0.79098     0.693177    0.613455    0.544305    0.487522    0.435689    0.388383    0.348143    0.312609    0.279032    0.246505    0.219242    0.194041    0.173312    0.152073    0.132407    
0.057       1           0.794741    0.697148    0.61796     0.550096    0.492165    0.441187    0.394673    0.353151    0.316455    0.28268     0.251949    0.22405     0.199135    0.177022    0.155808    0.138403    
0.058       1           0.79504     0.700879    0.620562    0.557332    0.494287    0.446382    0.400259    0.358514    0.318937    0.288089    0.258075    0.229499    0.207105    0.182249    0.161604    0.143669    
0.059       1           0.795712    0.704082    0.622437    0.558753    0.500886    0.451372    0.403398    0.363218    0.325759    0.292771    0.265512    0.236397    0.211682    0.188404    0.168145    0.148846    
0.06        1           0.799963    0.705073    0.628426    0.564126    0.506501    0.452209    0.411706    0.36837     0.330931    0.299322    0.26785     0.241806    0.215997    0.192988    0.173467    0.153752    
0.061       1           0.800073    0.707464    0.634082    0.566481    0.511333    0.461736    0.41319     0.375637    0.33635     0.303774    0.273921    0.247892    0.221434    0.198673    0.178457    0.159092    
0.062       1           0.802533    0.711652    0.636508    0.572214    0.514866    0.462668    0.419101    0.379286    0.341581    0.307626    0.278348    0.250525    0.226394    0.204533    0.183189    0.164549    
0.063       1           0.805899    0.715498    0.637387    0.575924    0.520993    0.470647    0.423496    0.382757    0.347201    0.314646    0.284163    0.255248    0.230654    0.206988    0.188303    0.168712    
0.064       1           0.806508    0.717322    0.642032    0.579769    0.520199    0.472011    0.429764    0.388578    0.353076    0.318705    0.288304    0.261029    0.23825     0.215012    0.194759    0.173734    
0.065       1           0.809079    0.720941    0.645364    0.583427    0.527285    0.475349    0.432622    0.394566    0.355758    0.324064    0.292687    0.265328    0.241308    0.21901     0.198408    0.178007    
0.066       1           0.811699    0.725731    0.647945    0.586232    0.529573    0.481814    0.434975    0.396176    0.360434    0.32896     0.297172    0.27048     0.246324    0.223879    0.204554    0.183143    
0.067       1           0.813135    0.725419    0.652824    0.589555    0.534555    0.484178    0.442612    0.400735    0.364767    0.331786    0.302735    0.275677    0.252039    0.227691    0.207655    0.187663    
0.068       1           0.815521    0.72385     0.654265    0.593782    0.535306    0.489791    0.442437    0.409068    0.369839    0.338029    0.308088    0.280348    0.25548     0.233125    0.211222    0.192434    
0.069       1           0.817228    0.729123    0.659045    0.597477    0.542291    0.493634    0.449248    0.409673    0.372828    0.342841    0.313639    0.284236    0.260629    0.236933    0.216342    0.196684    
0.07        1           0.817787    0.732883    0.660652    0.599139    0.542812    0.496803    0.452552    0.414205    0.37995     0.346178    0.315986    0.289439    0.266059    0.241821    0.220205    0.200169    
0.071       1           0.820781    0.733289    0.663063    0.603179    0.548641    0.500313    0.455977    0.419483    0.384272    0.352314    0.32049     0.293154    0.268151    0.245895    0.224117    0.205883    
0.072       1           0.821157    0.735106    0.666629    0.60578     0.552008    0.502933    0.46201     0.422631    0.387738    0.353501    0.326267    0.29828     0.273241    0.249936    0.228727    0.208643    
0.073       1           0.825285    0.737614    0.668409    0.609258    0.555122    0.505866    0.464857    0.425207    0.390863    0.357747    0.329172    0.301329    0.276517    0.254876    0.234249    0.214097    
0.074       1           0.824194    0.73983     0.672148    0.610821    0.55838     0.511318    0.468778    0.427057    0.395432    0.361043    0.332881    0.305094    0.282096    0.258087    0.23581     0.217337    
0.075       1           0.825774    0.742874    0.674876    0.6132      0.561682    0.516638    0.473232    0.43376     0.399433    0.366637    0.336705    0.31039     0.284772    0.262313    0.241578    0.220363    
0.076       1           0.827087    0.742573    0.676768    0.617034    0.564133    0.515326    0.474575    0.436211    0.401591    0.36854     0.338978    0.313235    0.289785    0.264684    0.244732    0.225297    
0.077       1           0.829961    0.745661    0.678522    0.620169    0.566869    0.520487    0.478286    0.438829    0.404227    0.373486    0.341793    0.31746     0.293028    0.268279    0.250109    0.228302    
0.078       1           0.831754    0.746265    0.68051     0.62433     0.56954     0.525031    0.479936    0.443912    0.410807    0.377116    0.348352    0.321239    0.295418    0.273782    0.252553    0.230809    
0.079       1           0.83288     0.752268    0.684221    0.624839    0.572498    0.527931    0.484986    0.447082    0.409819    0.378662    0.350496    0.325876    0.30003     0.276939    0.255665    0.236312    
0.08        1           0.832778    0.752184    0.6874      0.627085    0.576486    0.528768    0.4894      0.449548    0.416603    0.384632    0.356186    0.327691    0.304322    0.280213    0.259821    0.241282    
0.081       1           0.837515    0.754737    0.687939    0.629186    0.580027    0.533891    0.492567    0.452453    0.418242    0.386467    0.358747    0.332918    0.3059      0.284658    0.261973    0.240833    
0.082       1           0.835677    0.757599    0.69093     0.63493     0.582576    0.53797     0.493865    0.456479    0.422083    0.392079    0.361781    0.33545     0.312129    0.288328    0.265769    0.244181    
0.083       1           0.838528    0.758847    0.693665    0.636286    0.584188    0.538089    0.498464    0.459622    0.425437    0.393322    0.364631    0.338391    0.312924    0.290922    0.268692    0.250121    
0.084       1           0.842111    0.760019    0.693671    0.637611    0.588234    0.541114    0.502367    0.462977    0.427609    0.396906    0.366781    0.342247    0.316607    0.294164    0.272777    0.253814    
0.085       1           0.840972    0.762497    0.696999    0.638154    0.588628    0.544581    0.501606    0.463524    0.431183    0.400794    0.371827    0.342119    0.320273    0.299499    0.276305    0.25661     
0.086       1           0.841051    0.765896    0.697246    0.642298    0.593939    0.544825    0.507252    0.469011    0.435488    0.402482    0.374789    0.346139    0.321496    0.302173    0.279818    0.259131    
0.087       1           0.8447      0.766056    0.701667    0.644752    0.596313    0.549163    0.510251    0.472094    0.438108    0.405766    0.376561    0.350564    0.324641    0.301821    0.282475    0.262924    
0.088       1           0.845832    0.767747    0.704499    0.646526    0.59696     0.551094    0.511843    0.474149    0.440512    0.409707    0.381615    0.3548      0.329533    0.307201    0.286118    0.266085    
0.089       1           0.845952    0.771615    0.705449    0.648715    0.601913    0.556032    0.513526    0.477221    0.442639    0.411667    0.384203    0.35587     0.330823    0.310313    0.288441    0.269378    
0.09        1           0.849271    0.772118    0.707958    0.651805    0.602126    0.556707    0.516879    0.480937    0.445729    0.416348    0.386836    0.360183    0.33651     0.313111    0.29174     0.272518    
0.091       1           0.850491    0.774804    0.711128    0.65246     0.604164    0.56073     0.52008     0.481152    0.447411    0.418696    0.389932    0.3635      0.339401    0.316006    0.294365    0.275252    
0.092       1           0.850618    0.774171    0.711775    0.655128    0.605406    0.562231    0.521601    0.484037    0.450992    0.421019    0.390972    0.365044    0.34178     0.318505    0.296431    0.277018    
0.093       1           0.850959    0.776551    0.712089    0.656168    0.608596    0.564665    0.524125    0.489465    0.453987    0.422593    0.393947    0.367822    0.343344    0.321831    0.301373    0.281643    
0.094       1           0.85354     0.779626    0.714157    0.658567    0.610473    0.566706    0.527213    0.491392    0.45651     0.424847    0.398074    0.372919    0.346029    0.32454     0.30327     0.282681    
0.095       1           0.857949    0.781171    0.717214    0.66324     0.611191    0.570229    0.528658    0.493824    0.458988    0.429589    0.400679    0.374913    0.348444    0.326853    0.305625    0.284181    
0.096       1           0.858218    0.783111    0.719975    0.664168    0.615459    0.571973    0.531602    0.495105    0.462882    0.431522    0.403583    0.376924    0.352369    0.329964    0.307166    0.288109    
0.097       1           0.860751    0.782296    0.72014     0.666233    0.617611    0.574255    0.534221    0.497474    0.465378    0.434463    0.407421    0.379344    0.355358    0.33        0.312845    0.291311    
0.098       1           0.861099    0.783879    0.719246    0.667214    0.621434    0.5765      0.537553    0.50096     0.46658     0.43517     0.407768    0.381271    0.357307    0.333059    0.31509     0.294483    
0.099       1           0.861816    0.787326    0.723164    0.670348    0.620537    0.57556     0.539821    0.502574    0.470373    0.440456    0.410076    0.384903    0.360385    0.338597    0.315418    0.294161    
0.1         1           0.862045    0.788352    0.726455    0.673346    0.623452    0.579531    0.538133    0.505343    0.46991     0.441905    0.413059    0.38691     0.36281     0.339168    0.317195    0.297896    
0.105       1           0.864468    0.790183    0.727948    0.674406    0.62653     0.580793    0.544992    0.506308    0.473308    0.444551    0.415748    0.389503    0.365843    0.341804    0.320712    0.301051    
0.11        1           0.869714    0.796394    0.73576     0.682082    0.637176    0.592773    0.555911    0.520361    0.486095    0.455984    0.428847    0.403369    0.378935    0.356453    0.335972    0.315993    
0.115       1           0.872085    0.802057    0.744695    0.69171     0.644534    0.6043      0.566662    0.530899    0.499158    0.47061     0.443211    0.416031    0.39189     0.371012    0.349769    0.330346    
0.12        1           0.876053    0.806773    0.751953    0.700267    0.655589    0.615768    0.57857     0.543734    0.510715    0.483149    0.454896    0.427782    0.404717    0.381254    0.360515    0.342553    
0.125       1           0.880813    0.813362    0.755726    0.707869    0.662653    0.624866    0.585965    0.553345    0.522766    0.49358     0.466407    0.441691    0.416785    0.396446    0.37304     0.353973    
0.13        1           0.884115    0.818172    0.763826    0.715052    0.673156    0.634672    0.597652    0.564481    0.530645    0.505245    0.477433    0.450434    0.428176    0.407433    0.385401    0.367272    
0.135       1           0.887627    0.822899    0.769598    0.720681    0.680344    0.640944    0.604495    0.57212     0.542951    0.514716    0.486347    0.46137     0.440175    0.416783    0.396491    0.378873    
0.14        1           0.890167    0.827842    0.775539    0.726893    0.688078    0.651514    0.613751    0.581005    0.55136     0.522682    0.49751     0.472597    0.451246    0.427801    0.406793    0.389607    
0.145       1           0.894271    0.833021    0.779753    0.735375    0.693869    0.656675    0.623145    0.588545    0.559941    0.532346    0.507225    0.482718    0.459498    0.436611    0.418081    0.397816    
0.15        1           0.896725    0.836102    0.784488    0.737608    0.69842     0.663081    0.629668    0.597037    0.567793    0.540169    0.51221     0.490878    0.46923     0.448352    0.427472    0.407535    
0.155       1           0.899118    0.840998    0.788604    0.744813    0.707193    0.66902     0.635826    0.607124    0.576783    0.55046     0.52403     0.499871    0.476396    0.458164    0.437363    0.417791    
0.16        1           0.901933    0.842935    0.793241    0.751349    0.71331     0.678722    0.642933    0.615569    0.585046    0.558603    0.531657    0.510916    0.488336    0.465715    0.445497    0.428471    
0.165       1           0.904291    0.848356    0.798935    0.756718    0.71841     0.683375    0.651591    0.620657    0.592946    0.565814    0.543525    0.518421    0.496897    0.475044    0.456432    0.438777    
0.17        1           0.905957    0.850482    0.801914    0.760412    0.724537    0.689436    0.659367    0.628019    0.600931    0.574004    0.550112    0.528315    0.506123    0.484108    0.464       0.449351    
0.175       1           0.909957    0.852972    0.808351    0.767026    0.730829    0.69841     0.667582    0.635598    0.611594    0.582815    0.559975    0.537801    0.515567    0.49506     0.474674    0.456477    
0.18        1           0.910973    0.858339    0.811561    0.772917    0.73593     0.703947    0.673744    0.642008    0.617998    0.593285    0.566698    0.543954    0.522601    0.503895    0.485196    0.466978    
0.185       1           0.912464    0.857435    0.816115    0.77549     0.741301    0.709833    0.680388    0.652375    0.62411     0.597085    0.575023    0.55218     0.531485    0.512647    0.492834    0.474305    
0.19        1           0.914151    0.863283    0.819827    0.778814    0.748009    0.716524    0.68588     0.656211    0.62961     0.606857    0.583458    0.560965    0.539802    0.518408    0.500875    0.484392    
0.195       1           0.915885    0.866709    0.822638    0.786071    0.751066    0.718035    0.688969    0.66344     0.638196    0.613043    0.590575    0.570112    0.546932    0.528442    0.510625    0.492426    
0.2         1           0.917573    0.869223    0.827546    0.790877    0.755387    0.723709    0.695543    0.671716    0.644163    0.619714    0.597521    0.577338    0.552768    0.536477    0.517217    0.498423    
0.205       1           0.919511    0.870649    0.831596    0.794666    0.76048     0.728757    0.701933    0.674311    0.650308    0.627487    0.602832    0.583129    0.562612    0.544534    0.525973    0.508033    
0.21        1           0.921298    0.872996    0.832634    0.798666    0.765169    0.737373    0.709729    0.682253    0.656536    0.633515    0.612078    0.590995    0.57123     0.5522      0.531871    0.515641    
0.215       1           0.92487     0.877929    0.836219    0.803782    0.77031     0.740968    0.712602    0.687739    0.661555    0.637452    0.616648    0.595716    0.576967    0.55721     0.540465    0.52365     
0.22        1           0.924898    0.878579    0.840684    0.807035    0.774649    0.74431     0.717182    0.692583    0.669894    0.645894    0.622587    0.60487     0.584409    0.566747    0.547093    0.531842    
0.225       1           0.927323    0.881443    0.841479    0.808096    0.777984    0.749306    0.721873    0.698614    0.674415    0.651801    0.630775    0.608881    0.591468    0.572134    0.554285    0.537465    
0.23        1           0.92871     0.883776    0.845861    0.813295    0.784481    0.753945    0.727566    0.705619    0.681651    0.657948    0.635825    0.616517    0.599137    0.581422    0.562954    0.546231    
0.235       1           0.929427    0.885034    0.849631    0.816828    0.787236    0.757846    0.732276    0.708806    0.685465    0.663043    0.642243    0.623648    0.603876    0.587011    0.570591    0.552776    
0.24        1           0.93177     0.886946    0.852344    0.81899     0.790016    0.761507    0.73642     0.712038    0.690499    0.668693    0.649427    0.62924     0.608605    0.594035    0.573921    0.558615    
0.245       1           0.932249    0.889376    0.85403     0.824513    0.793396    0.767876    0.742562    0.718501    0.69456     0.674209    0.654577    0.636139    0.615608    0.599812    0.581938    0.56624     
0.25        1           0.933031    0.890901    0.85713     0.827769    0.797085    0.77109     0.747166    0.722723    0.700795    0.678794    0.66032     0.640628    0.62182     0.603895    0.587975    0.573735    
0.255       1           0.933737    0.893402    0.859804    0.828316    0.800672    0.775303    0.751002    0.72784     0.70382     0.685643    0.665093    0.647318    0.628947    0.610584    0.595379    0.579892    
0.26        1           0.935686    0.894876    0.861803    0.831516    0.804061    0.777602    0.754558    0.730842    0.710178    0.689763    0.670422    0.651837    0.635424    0.618737    0.599896    0.584203    
0.265       1           0.93663     0.89838     0.863675    0.835619    0.80704     0.78263     0.755788    0.735143    0.714692    0.696641    0.674569    0.655694    0.640211    0.621232    0.608685    0.594007    
0.27        1           0.937596    0.899187    0.865537    0.838302    0.80994     0.785309    0.763842    0.740083    0.718547    0.697951    0.680257    0.661913    0.645051    0.627376    0.612222    0.599742    
0.275       1           0.938383    0.901923    0.869579    0.839656    0.813503    0.789565    0.765488    0.744198    0.722377    0.704778    0.686031    0.667759    0.651564    0.633694    0.617958    0.603309    
0.28        1           0.940623    0.901317    0.870716    0.842628    0.815327    0.792814    0.771267    0.748067    0.72948     0.707492    0.690311    0.673032    0.655699    0.638162    0.624591    0.608486    
0.285       1           0.941385    0.903864    0.872026    0.84491     0.820512    0.796638    0.773574    0.751926    0.731317    0.712421    0.694479    0.67673     0.659654    0.644026    0.627878    0.615668    
0.29        1           0.941376    0.903627    0.876187    0.846598    0.821995    0.79854     0.77778     0.756659    0.737782    0.716673    0.699238    0.682653    0.668274    0.649004    0.63247     0.618597    
0.295       1           0.943145    0.906314    0.877724    0.850695    0.823229    0.802357    0.779514    0.757125    0.738917    0.722125    0.70364     0.686889    0.668929    0.654078    0.638993    0.626564    
0.3         1           0.943335    0.907439    0.878862    0.852447    0.828343    0.805372    0.784799    0.763134    0.744015    0.724263    0.707591    0.689334    0.673928    0.65924     0.643965    0.630991    
0.305       1           0.943777    0.90983     0.879981    0.854172    0.829233    0.808237    0.786224    0.7653      0.746513    0.73083     0.711602    0.693937    0.678793    0.664177    0.650181    0.635756    
0.31        1           0.944828    0.910305    0.881503    0.856608    0.832436    0.810397    0.789338    0.76833     0.749728    0.73186     0.716662    0.697642    0.683982    0.667523    0.653578    0.641062    
0.315       1           0.946334    0.91256     0.883174    0.857154    0.835157    0.812964    0.792948    0.771847    0.753927    0.734868    0.719338    0.704422    0.687577    0.672591    0.657424    0.643977    
0.32        1           0.947877    0.913333    0.885891    0.861869    0.837872    0.815891    0.795888    0.776204    0.757534    0.738093    0.723079    0.707252    0.693588    0.679157    0.661501    0.64854     
0.325       1           0.947388    0.914728    0.886947    0.861367    0.840292    0.817708    0.797335    0.779381    0.759575    0.744216    0.726444    0.711376    0.695361    0.681214    0.667806    0.6517      
0.33        1           0.948285    0.915567    0.888129    0.864195    0.842568    0.820986    0.801195    0.781448    0.765455    0.746674    0.730784    0.715249    0.698797    0.684753    0.671516    0.659603    
0.335       1           0.94906     0.917311    0.889198    0.865435    0.844146    0.82239     0.802969    0.7844      0.76615     0.751814    0.734524    0.718171    0.702609    0.69051     0.675376    0.661644    
0.34        1           0.949426    0.918218    0.891       0.866501    0.845294    0.825047    0.807134    0.78794     0.769317    0.753264    0.737477    0.723241    0.706021    0.692077    0.680435    0.666839    
0.345       1           0.951195    0.919589    0.892632    0.868751    0.8483      0.826821    0.810264    0.788619    0.774002    0.756926    0.741674    0.724871    0.711165    0.697562    0.683955    0.669922    
0.35        1           0.951307    0.920862    0.894334    0.871195    0.849321    0.829505    0.809784    0.793367    0.775188    0.757442    0.743429    0.729106    0.715035    0.700295    0.686225    0.672253    
0.355       1           0.951613    0.920603    0.89393     0.874613    0.851834    0.833585    0.81312     0.793916    0.78039     0.762633    0.746391    0.73247     0.718578    0.701969    0.688809    0.677915    
0.36        1           0.953622    0.922655    0.897035    0.874802    0.853405    0.834792    0.816018    0.797374    0.780357    0.764955    0.749589    0.734198    0.722829    0.708131    0.694383    0.680557    
0.365       1           0.952863    0.923125    0.898171    0.876238    0.855938    0.83773     0.818293    0.797822    0.782896    0.767492    0.752197    0.736998    0.723615    0.711182    0.697551    0.683844    
0.37        1           0.952627    0.924687    0.899303    0.877945    0.857798    0.837563    0.820962    0.801331    0.786513    0.76915     0.754976    0.740268    0.72698     0.713375    0.701332    0.689666    
0.375       1           0.953693    0.924813    0.900501    0.878603    0.857265    0.839431    0.821264    0.804459    0.789192    0.773164    0.758216    0.743994    0.730063    0.717079    0.704529    0.692224    
0.38        1           0.954085    0.925787    0.903247    0.880166    0.860299    0.840478    0.824362    0.808306    0.790534    0.775206    0.762042    0.748264    0.734284    0.719167    0.711162    0.695176    
0.385       1           0.955412    0.925868    0.904843    0.881152    0.860991    0.843675    0.82628     0.808123    0.793964    0.778497    0.763262    0.748378    0.73495     0.724502    0.710477    0.699344    
0.39        1           0.954986    0.927418    0.902298    0.883175    0.86404     0.84372     0.827064    0.811731    0.79506     0.781621    0.765981    0.752273    0.73817     0.725867    0.714359    0.702606    
0.395       1           0.956656    0.929076    0.905542    0.885466    0.864433    0.846921    0.829464    0.815191    0.796858    0.783899    0.768261    0.754659    0.740137    0.729747    0.71653     0.706606    
0.4         1           0.956783    0.929247    0.906055    0.886298    0.86513     0.849619    0.831627    0.815012    0.799301    0.785104    0.770729    0.758039    0.744365    0.732612    0.722398    0.708262    
0.405       1           0.956986    0.930152    0.907378    0.886055    0.866981    0.848931    0.83272     0.815754    0.803092    0.786913    0.774619    0.761984    0.746883    0.734202    0.722403    0.712199    
0.41        1           0.956394    0.928927    0.908214    0.886774    0.867219    0.84948     0.835305    0.820065    0.805122    0.79004     0.775594    0.762901    0.750383    0.73861     0.72518     0.71298     
0.415       1           0.957785    0.930048    0.909277    0.888881    0.869829    0.851585    0.835577    0.820469    0.806803    0.792673    0.777615    0.766519    0.751359    0.738898    0.728384    0.719044    
0.42        1           0.959098    0.932324    0.909108    0.889451    0.870418    0.855019    0.838999    0.822867    0.808727    0.795244    0.780205    0.768457    0.75675     0.743059    0.731648    0.720157    
0.425       1           0.9578      0.931896    0.91096     0.889774    0.872938    0.854594    0.838466    0.825068    0.808933    0.793907    0.782785    0.768065    0.757276    0.746837    0.734664    0.725095    
0.43        1           0.959273    0.933299    0.911571    0.891963    0.87309     0.855838    0.84142     0.825129    0.811722    0.798747    0.7842      0.772867    0.757548    0.747338    0.737721    0.725367    
0.435       1           0.95885     0.934927    0.910956    0.893411    0.873914    0.857958    0.842281    0.827555    0.812635    0.800195    0.786824    0.773543    0.76259     0.749539    0.739037    0.726976    
0.44        1           0.959326    0.935198    0.912762    0.893227    0.875826    0.858895    0.842946    0.828532    0.814384    0.800836    0.788498    0.775271    0.763239    0.75285     0.741587    0.728672    
0.445       1           0.960547    0.935386    0.913467    0.895619    0.877518    0.860396    0.844446    0.828612    0.816489    0.803421    0.790228    0.778691    0.766527    0.756156    0.744177    0.732584    
0.45        1           0.959693    0.934971    0.914806    0.896158    0.877542    0.861004    0.846021    0.833581    0.818846    0.805656    0.793839    0.777945    0.768951    0.75794     0.747282    0.734898    
0.455       1           0.960321    0.935621    0.915426    0.894762    0.879739    0.866007    0.848155    0.833201    0.82105     0.805001    0.795008    0.780962    0.772804    0.760127    0.748259    0.73777     
0.46        1           0.961105    0.936359    0.914676    0.897577    0.878876    0.862332    0.84938     0.835806    0.822352    0.807623    0.79598     0.782602    0.772864    0.762687    0.750056    0.738459    
0.465       1           0.961201    0.937745    0.916864    0.898501    0.882457    0.866614    0.85047     0.836551    0.821834    0.809004    0.798136    0.785244    0.776356    0.762399    0.751965    0.744946    
0.47        1           0.961413    0.9369      0.916626    0.898098    0.881555    0.864831    0.851245    0.835963    0.825728    0.81173     0.799815    0.788643    0.77493     0.764344    0.755479    0.744819    
0.475       1           0.961577    0.938517    0.918073    0.89801     0.882543    0.866719    0.852953    0.838145    0.824119    0.813903    0.799725    0.788038    0.776823    0.766472    0.756482    0.746741    
0.48        1           0.96137     0.938863    0.917084    0.900665    0.884419    0.868753    0.855376    0.839992    0.827116    0.815096    0.800702    0.790344    0.778714    0.767921    0.759453    0.748652    
0.485       1           0.962894    0.938466    0.919118    0.900377    0.884463    0.869331    0.854507    0.841695    0.827855    0.81543     0.802438    0.792201    0.780539    0.770979    0.760491    0.75078     
0.49        1           0.962161    0.939216    0.919737    0.90214     0.886511    0.86951     0.856361    0.841977    0.830087    0.818063    0.804535    0.79406     0.782028    0.772481    0.763363    0.751377    
0.495       1           0.963294    0.939167    0.918754    0.901686    0.886085    0.872646    0.856332    0.843963    0.831273    0.818619    0.805539    0.7976      0.784451    0.774778    0.7635      0.753843    
0.5         1           0.9627      0.939382    0.920586    0.902177    0.887495    0.870337    0.858441    0.845271    0.831737    0.81955     0.809685    0.79658     0.785293    0.773249    0.765089    0.754663    
0.525       1           0.962534    0.940435    0.919926    0.90384     0.88805     0.87411     0.859268    0.84731     0.833195    0.821724    0.809779    0.798264    0.787393    0.777465    0.767463    0.757246    
0.55        1           0.964384    0.94242     0.922894    0.906778    0.889044    0.875199    0.862701    0.850178    0.837075    0.824306    0.815717    0.802615    0.793125    0.783113    0.775091    0.76326     
0.575       1           0.964899    0.942892    0.92536     0.90906     0.893177    0.879039    0.866166    0.85209     0.841146    0.830531    0.819802    0.809582    0.799524    0.787682    0.77847     0.770312    
0.6         1           0.964957    0.943894    0.926058    0.908557    0.893963    0.881089    0.86747     0.8559      0.843969    0.833419    0.823086    0.811916    0.801635    0.792564    0.782345    0.775195    
0.625       1           0.965973    0.943987    0.92486     0.91102     0.89602     0.882757    0.870532    0.857046    0.845773    0.833394    0.826726    0.814476    0.804091    0.797424    0.788332    0.779301    
0.65        1           0.96507     0.943663    0.926046    0.909208    0.896025    0.881271    0.869142    0.8596      0.84687     0.835273    0.825145    0.815628    0.807626    0.796881    0.787698    0.779542    
0.675       1           0.965056    0.943643    0.92523     0.910885    0.89493     0.882399    0.869903    0.857719    0.847742    0.835484    0.824749    0.815192    0.807034    0.79734     0.78924     0.782761    
0.7         1           0.965053    0.943716    0.924687    0.908543    0.894769    0.881241    0.870932    0.857345    0.846476    0.836477    0.826227    0.817449    0.806907    0.796123    0.789573    0.780833    
0.725       1           0.963745    0.943234    0.925862    0.908797    0.895872    0.881674    0.868736    0.857109    0.845839    0.834976    0.823963    0.814987    0.808371    0.796293    0.788469    0.779508    
0.75        1           0.963254    0.942594    0.924619    0.909525    0.895496    0.88098     0.868928    0.856286    0.846216    0.833653    0.824098    0.815456    0.805242    0.795271    0.788886    0.778772    
0.775       1           0.962777    0.941342    0.924247    0.908231    0.89402     0.881042    0.869327    0.855882    0.843895    0.83496     0.825219    0.814398    0.805569    0.79883     0.786482    0.777402    
0.8         1           0.963489    0.942506    0.924845    0.908222    0.895656    0.880406    0.868823    0.85604     0.845012    0.833965    0.825377    0.814474    0.803933    0.797607    0.78841     0.781156    
0.825       1           0.963077    0.942354    0.924203    0.908177    0.894097    0.879093    0.867834    0.856642    0.844796    0.835859    0.824083    0.813265    0.807712    0.796459    0.78867     0.779917    
0.85        1           0.963805    0.941564    0.923102    0.907241    0.893809    0.879601    0.866136    0.85673     0.84577     0.83553     0.824386    0.813612    0.806449    0.799184    0.790241    0.783514    
0.875       1           0.963503    0.942651    0.925382    0.908216    0.894904    0.881699    0.868698    0.85746     0.846448    0.834076    0.826261    0.816577    0.805176    0.798972    0.790947    0.781118    
0.9         1           0.963227    0.942028    0.923777    0.90837     0.892422    0.880955    0.868186    0.856236    0.846158    0.837593    0.825272    0.817849    0.808069    0.800034    0.793052    0.783421    
0.925       1           0.963002    0.942349    0.923483    0.909552    0.894478    0.880463    0.871169    0.858797    0.848194    0.836579    0.827641    0.815743    0.811464    0.801365    0.792498    0.783226    
0.95        1           0.962903    0.941828    0.924153    0.907207    0.895177    0.883314    0.869496    0.857044    0.848003    0.83597     0.828257    0.816238    0.811488    0.802798    0.794413    0.783578    
0.975       1           0.963672    0.942146    0.924169    0.909443    0.894177    0.880271    0.871502    0.856512    0.848728    0.836631    0.828458    0.819742    0.809928    0.799939    0.792348    0.784496    
1           1           0.963412    0.942697    0.923408    0.907881    0.896038    0.881507    0.872537    0.86004     0.849442    0.837819    0.829553    0.817073    0.810799    0.801459    0.792903    0.786095    
