##Correction values for protons (density(horizontal) and energy(vertical))
##          0           0.01        0.02        0.03        0.04        0.05        0.06        0.07        0.08        0.09        0.1         0.11        0.12        0.13        0.14        0.15        0.16        
0           -nan        0           0           0           0           0           0           0           0           0           0           0           0           0           0           0           0           
0.001       1           0           0           0           0           0           0           0           0           0           0           0           0           0           0           0           0           
0.002       1           0           0           0           0           0           0           0           0           0           0           0           0           0           0           0           0           
0.003       1           0           0           0           0           0           0           0           0           0           0           0           0           0           0           0           0           
0.004       1           0.00761803  0           0           0           0           0           0           0           0           0           0           0           0           0           0           0           
0.005       1           0.034577    0           0           0           0           0           0           0           0           0           0           0           0           0           0           0           
0.006       1           0.0779822   0.00351378  0           0           0           0           0           0           0           0           0           0           0           0           0           0           
0.007       1           0.145217    0.0150315   0.000183383 0           0           0           0           0           0           0           0           0           0           0           0           0           
0.008       1           0.225316    0.0342613   0.00427266  0           0           0           0           0           0           0           0           0           0           0           0           0           
0.009       1           0.293555    0.0580808   0.012941    0.0014639   0           0           0           0           0           0           0           0           0           0           0           0           
0.01        1           0.349036    0.0901849   0.0245061   0.00572239  0.000393821 0           0           0           0           0           0           0           0           0           0           0           
0.011       1           0.391336    0.133604    0.0401418   0.0124642   0.00301484  0.000147469 0           0           0           0           0           0           0           0           0           0           
0.012       1           0.432328    0.182349    0.060129    0.0229175   0.00718895  0.00151306  2.65719e-05 0           0           0           0           0           0           0           0           0           
0.013       1           0.463515    0.229729    0.082502    0.0332118   0.0137169   0.00464742  0.00107876  2.51593e-05 0           0           0           0           0           0           0           0           
0.014       1           0.493118    0.269874    0.115056    0.0476028   0.0214136   0.00968249  0.00315742  0.000838824 5.96047e-06 0           0           0           0           0           0           0           
0.015       1           0.519646    0.304446    0.146817    0.0647041   0.0313121   0.0156028   0.00645077  0.00238435  0.000514194 5.65386e-06 0           0           0           0           0           0           
0.016       1           0.540377    0.332037    0.182832    0.0850887   0.0430328   0.0226058   0.0107599   0.0048581   0.00194329  0.000482229 0           0           0           0           0           0           
0.017       1           0.559368    0.361205    0.2174      0.107959    0.0550129   0.0299575   0.0165496   0.00882097  0.00409694  0.0013662   0.000382508 0           0           0           0           0           
0.018       1           0.574576    0.385276    0.245119    0.135363    0.0708957   0.0397857   0.0227983   0.0130224   0.0070968   0.0031757   0.00123831  0.000368675 1.45502e-05 0           0           0           
0.019       1           0.593444    0.405434    0.269951    0.163479    0.0899198   0.0503409   0.0302462   0.0179566   0.0101816   0.00585116  0.00262685  0.00121329  0.000399386 5.53924e-05 0           0           
0.02        1           0.610242    0.428973    0.294628    0.190008    0.110818    0.062626    0.0394089   0.024251    0.0146016   0.00848141  0.00493531  0.00231224  0.00111523  0.000398765 3.51731e-05 0           
0.021       1           0.619374    0.448579    0.318678    0.21462     0.13375     0.0770707   0.0470416   0.0309648   0.0189268   0.0116028   0.00762106  0.00405735  0.00213205  0.00102015  0.000424104 5.86729e-05 
0.022       1           0.634853    0.4646      0.338767    0.236826    0.154779    0.093479    0.0573099   0.0371472   0.0249457   0.0161851   0.0102166   0.00639872  0.00407951  0.00193711  0.000981151 0.000374914 
0.023       1           0.647992    0.477125    0.357018    0.256904    0.176523    0.11297     0.0694778   0.0464257   0.0313066   0.0210179   0.0137115   0.00917682  0.00578721  0.00343602  0.00194051  0.00102873  
0.024       1           0.653381    0.491102    0.376984    0.277586    0.197378    0.130886    0.0838748   0.0548061   0.0369097   0.025912    0.0173091   0.0121327   0.00803972  0.00527913  0.00316011  0.0018894   
0.025       1           0.662888    0.508057    0.389121    0.296042    0.21701     0.151004    0.100485    0.0648968   0.0452747   0.030849    0.0214922   0.0153907   0.0103605   0.00750841  0.00488651  0.00301981  
0.026       1           0.675516    0.522938    0.403819    0.313096    0.236975    0.169299    0.115458    0.0766457   0.0537835   0.036462    0.0268246   0.0195526   0.0135256   0.00952295  0.0066793   0.00447105  
0.027       1           0.680189    0.532647    0.419996    0.329176    0.250714    0.187509    0.132203    0.0912759   0.0612576   0.0443958   0.0318379   0.0232481   0.0167252   0.0117623   0.00844332  0.00602683  
0.028       1           0.689862    0.545193    0.431363    0.340308    0.267643    0.204398    0.150799    0.104303    0.0716259   0.0516445   0.0376037   0.0271131   0.0206833   0.0150976   0.0105166   0.0078599   
0.029       1           0.696092    0.553822    0.445493    0.35684     0.282339    0.219746    0.165266    0.118712    0.083443    0.0595986   0.04297     0.0323572   0.0248291   0.0181667   0.0139668   0.00984318  
0.03        1           0.700008    0.565313    0.4557      0.368428    0.295665    0.234264    0.181207    0.133464    0.0958285   0.068763    0.0501251   0.037594    0.0280822   0.0217712   0.016532    0.01232     
0.031       1           0.709479    0.573937    0.468045    0.381456    0.308613    0.245896    0.193721    0.148316    0.108083    0.0790185   0.0576046   0.043276    0.0330967   0.0253985   0.0196422   0.0147247   
0.032       1           0.715055    0.581078    0.474831    0.391264    0.320793    0.259392    0.207437    0.161881    0.122523    0.0905812   0.0660752   0.0507225   0.0376607   0.0290041   0.0226965   0.0175577   
0.033       1           0.722116    0.593154    0.488021    0.403686    0.331633    0.272296    0.220445    0.175682    0.134819    0.102608    0.0754729   0.0563348   0.0430723   0.0341633   0.0259678   0.0210586   
0.034       1           0.727709    0.598066    0.498104    0.414477    0.343615    0.282523    0.232443    0.186919    0.148935    0.112644    0.0841302   0.0644615   0.0483971   0.0389783   0.0298104   0.0236638   
0.035       1           0.732036    0.605891    0.506691    0.424352    0.355362    0.297955    0.243463    0.200673    0.159732    0.125925    0.0960612   0.0737456   0.0560515   0.0441998   0.0347689   0.0274733   
0.036       1           0.73697     0.612347    0.513882    0.432283    0.362479    0.306635    0.254996    0.21199     0.172012    0.137182    0.106814    0.08235     0.0630175   0.0485029   0.0387238   0.0307558   
0.037       1           0.742684    0.616592    0.522879    0.44144     0.37578     0.316908    0.263552    0.22309     0.181744    0.149081    0.117107    0.0916741   0.0720026   0.0548113   0.0433984   0.0349321   
0.038       1           0.745303    0.623094    0.529226    0.452093    0.382038    0.327261    0.275943    0.232426    0.194102    0.159468    0.127788    0.100523    0.0790771   0.0623575   0.0485296   0.0394501   
0.039       1           0.748993    0.632389    0.538967    0.457327    0.392303    0.335832    0.286128    0.24308     0.202741    0.168605    0.139036    0.110049    0.0870848   0.0688408   0.05471     0.0427191   
0.04        1           0.754085    0.638607    0.543753    0.468061    0.402497    0.344624    0.293376    0.251461    0.212334    0.177326    0.146752    0.120509    0.0965014   0.0771771   0.0620549   0.0486335   
0.041       1           0.760186    0.643232    0.549953    0.475174    0.410218    0.352822    0.304568    0.260244    0.222939    0.187881    0.157181    0.130316    0.106198    0.0842441   0.0681593   0.0535997   
0.042       1           0.763373    0.647474    0.559933    0.478985    0.418414    0.361561    0.312419    0.269643    0.230609    0.195211    0.16365     0.139264    0.113639    0.0925671   0.0750342   0.061707    
0.043       1           0.765091    0.65475     0.56307     0.490432    0.425023    0.369676    0.319527    0.278211    0.238355    0.204206    0.175249    0.147455    0.123385    0.100255    0.0822263   0.0665877   
0.044       1           0.768566    0.657925    0.568846    0.49464     0.431538    0.378681    0.328191    0.285562    0.24823     0.211634    0.181333    0.154498    0.129139    0.109819    0.087914    0.0724169   
0.045       1           0.772041    0.664303    0.574908    0.503532    0.438505    0.385065    0.335835    0.294805    0.255759    0.221498    0.19259     0.164312    0.139692    0.116237    0.0967721   0.0805276   
0.046       1           0.776391    0.665847    0.579983    0.511226    0.447364    0.389979    0.343476    0.301314    0.262644    0.231311    0.198148    0.170489    0.14643     0.124515    0.105744    0.0858772   
0.047       1           0.777765    0.672042    0.586539    0.513728    0.452483    0.397863    0.35161     0.308283    0.270388    0.235766    0.206249    0.17748     0.154703    0.131709    0.112278    0.094769    
0.048       1           0.780861    0.676507    0.59224     0.52108     0.458849    0.404012    0.358459    0.316914    0.277596    0.245767    0.212654    0.187266    0.161891    0.139438    0.120199    0.101779    
0.049       1           0.784999    0.681739    0.597583    0.529073    0.463322    0.409824    0.366095    0.323752    0.285343    0.251144    0.220695    0.19422     0.170028    0.146467    0.12687     0.107186    
0.05        1           0.787768    0.684164    0.602328    0.531816    0.471816    0.418308    0.371888    0.32864     0.290683    0.256526    0.229107    0.200345    0.175643    0.153929    0.133527    0.115016    
0.051       1           0.788976    0.687902    0.605075    0.538713    0.479428    0.421908    0.377048    0.335592    0.300047    0.264522    0.233252    0.20597     0.18215     0.160715    0.139437    0.121995    
0.052       1           0.790822    0.691978    0.609914    0.541909    0.480748    0.429211    0.382797    0.339932    0.304675    0.270955    0.239817    0.214234    0.187782    0.167363    0.146466    0.127316    
0.053       1           0.79484     0.695479    0.614598    0.547355    0.488205    0.434581    0.390242    0.347855    0.312048    0.277579    0.247171    0.22005     0.193108    0.172693    0.152148    0.134349    
0.054       1           0.794174    0.697555    0.619628    0.552295    0.491969    0.440146    0.393457    0.354229    0.317944    0.281861    0.254452    0.225937    0.201486    0.178776    0.157797    0.139244    
0.055       1           0.800751    0.700378    0.623143    0.555259    0.497088    0.444432    0.400441    0.359757    0.322188    0.288954    0.257806    0.23108     0.208002    0.18277     0.163346    0.144776    
0.056       1           0.800807    0.704821    0.627691    0.562295    0.503676    0.451123    0.406059    0.362717    0.326408    0.296359    0.265268    0.236975    0.211893    0.190499    0.169355    0.150515    
0.057       1           0.803618    0.707228    0.628579    0.564082    0.507479    0.457847    0.41088     0.36864     0.331864    0.30053     0.270497    0.244277    0.217665    0.195607    0.174964    0.155933    
0.058       1           0.806917    0.71198     0.633049    0.568325    0.510722    0.460525    0.416225    0.375028    0.337945    0.307213    0.276145    0.249624    0.223587    0.201879    0.178967    0.162872    
0.059       1           0.807707    0.711805    0.638129    0.572713    0.515664    0.466024    0.419648    0.381922    0.343335    0.311602    0.28211     0.25186     0.228323    0.205944    0.186371    0.166274    
0.06        1           0.807537    0.718283    0.642104    0.576174    0.522057    0.469691    0.424241    0.383268    0.34794     0.315223    0.2875      0.257783    0.233467    0.20996     0.191987    0.173099    
0.061       1           0.809946    0.718337    0.643957    0.579143    0.524858    0.474509    0.427752    0.390508    0.35528     0.321915    0.290667    0.263204    0.23892     0.21667     0.19559     0.175247    
0.062       1           0.811435    0.721636    0.647412    0.584092    0.528538    0.478684    0.433735    0.395306    0.358573    0.327011    0.296065    0.268797    0.241929    0.220626    0.198757    0.181956    
0.063       1           0.817125    0.724465    0.650101    0.586105    0.531392    0.483223    0.437659    0.399122    0.362167    0.331139    0.30022     0.273198    0.24775     0.224557    0.204423    0.186215    
0.064       1           0.816595    0.726385    0.653959    0.591908    0.535401    0.486507    0.442505    0.404699    0.367862    0.335659    0.306427    0.278149    0.254335    0.231284    0.209639    0.19038     
0.065       1           0.816674    0.731357    0.655411    0.593849    0.538918    0.491498    0.44546     0.406591    0.371874    0.339137    0.307764    0.280815    0.257035    0.234679    0.214984    0.194876    
0.066       1           0.81906     0.731423    0.659633    0.596846    0.542617    0.49274     0.450881    0.412981    0.376108    0.344221    0.314251    0.28733     0.260944    0.240705    0.219718    0.200092    
0.067       1           0.821401    0.732781    0.662064    0.600628    0.547138    0.49818     0.454931    0.416368    0.3796      0.349297    0.318754    0.29223     0.268329    0.245696    0.222681    0.203768    
0.068       1           0.823943    0.735307    0.665384    0.607032    0.550013    0.502612    0.458869    0.422146    0.383317    0.352708    0.323553    0.295596    0.270104    0.248381    0.22612     0.208285    
0.069       1           0.825236    0.738441    0.667427    0.607771    0.553207    0.506539    0.464261    0.422194    0.386894    0.355389    0.326596    0.299788    0.276072    0.251299    0.231087    0.211998    
0.07        1           0.825678    0.741813    0.672237    0.609819    0.557186    0.510662    0.466188    0.427117    0.393682    0.361125    0.331871    0.30348     0.279712    0.256376    0.23651     0.216623    
0.071       1           0.828612    0.745103    0.672718    0.614679    0.560465    0.511684    0.468261    0.431007    0.397451    0.364706    0.333662    0.309098    0.283167    0.260684    0.239118    0.22021     
0.072       1           0.829292    0.74417     0.677381    0.616329    0.561555    0.515882    0.474017    0.437395    0.399783    0.367149    0.33854     0.312981    0.287646    0.264456    0.243542    0.223772    
0.073       1           0.832066    0.745762    0.677042    0.620102    0.566268    0.518468    0.474713    0.437949    0.405306    0.37193     0.343504    0.314948    0.292409    0.26906     0.247629    0.228217    
0.074       1           0.831735    0.748958    0.68002     0.621239    0.568598    0.521945    0.481683    0.441522    0.406836    0.376296    0.348447    0.321433    0.294386    0.272541    0.251809    0.231379    
0.075       1           0.835583    0.751728    0.68166     0.623838    0.572552    0.525705    0.48282     0.447093    0.41234     0.377836    0.349916    0.322486    0.298197    0.274518    0.254022    0.234929    
0.076       1           0.837114    0.753768    0.685663    0.627679    0.575599    0.52759     0.485564    0.449362    0.41454     0.383911    0.354       0.326366    0.303971    0.280099    0.259147    0.239755    
0.077       1           0.837164    0.755369    0.685993    0.627293    0.577835    0.531829    0.490209    0.45193     0.415862    0.386313    0.357981    0.32945     0.308485    0.282423    0.26238     0.241236    
0.078       1           0.838403    0.756106    0.690531    0.632238    0.582804    0.535513    0.49428     0.456202    0.421475    0.389474    0.36115     0.333576    0.310606    0.287088    0.265366    0.246764    
0.079       1           0.840263    0.758145    0.691572    0.63672     0.583002    0.536284    0.496368    0.459467    0.422734    0.393506    0.36461     0.337989    0.312883    0.29026     0.268272    0.248809    
0.08        1           0.83982     0.761142    0.694624    0.636534    0.58669     0.54213     0.499498    0.461136    0.427544    0.397137    0.367873    0.342114    0.316614    0.293628    0.272606    0.254067    
0.081       1           0.842279    0.761109    0.695045    0.639478    0.588972    0.542258    0.501       0.467031    0.432262    0.39955     0.371485    0.344722    0.321453    0.297842    0.275539    0.257774    
0.082       1           0.84444     0.763131    0.696863    0.640613    0.589815    0.545279    0.505328    0.467641    0.433797    0.401723    0.37349     0.348234    0.322838    0.298846    0.279434    0.259857    
0.083       1           0.844867    0.764165    0.700875    0.644725    0.592892    0.547924    0.507867    0.470746    0.435891    0.404347    0.376848    0.352353    0.326051    0.304424    0.282707    0.263465    
0.084       1           0.84502     0.768713    0.701418    0.646608    0.595529    0.551383    0.509538    0.474488    0.441201    0.408271    0.380896    0.354233    0.33018     0.305191    0.285213    0.2655      
0.085       1           0.848838    0.769777    0.706206    0.648967    0.597816    0.55394     0.511885    0.477045    0.442092    0.412453    0.384361    0.355401    0.334643    0.309413    0.288026    0.268489    
0.086       1           0.847636    0.772183    0.707331    0.649357    0.602056    0.556629    0.51469     0.476759    0.445002    0.414749    0.385634    0.360578    0.336232    0.311945    0.29107     0.27248     
0.087       1           0.850413    0.772249    0.708249    0.652652    0.604423    0.558265    0.518599    0.481715    0.448008    0.417782    0.388052    0.361561    0.338699    0.317021    0.296221    0.276849    
0.088       1           0.851507    0.773571    0.712687    0.655228    0.604808    0.560267    0.519893    0.485048    0.45431     0.419389    0.391016    0.366263    0.34108     0.31883     0.296556    0.279069    
0.089       1           0.851825    0.772689    0.71212     0.655684    0.607635    0.563942    0.52387     0.486708    0.453429    0.423407    0.394003    0.368493    0.342916    0.32082     0.300979    0.281716    
0.09        1           0.852733    0.775914    0.713618    0.657796    0.609314    0.566155    0.524248    0.489284    0.453765    0.426016    0.398273    0.372521    0.345988    0.324697    0.302568    0.282158    
0.091       1           0.854331    0.778147    0.714714    0.658693    0.610256    0.56741     0.525627    0.492507    0.46009     0.425309    0.399251    0.375117    0.349255    0.324861    0.305249    0.284925    
0.092       1           0.856793    0.780138    0.715962    0.662159    0.613347    0.570817    0.53164     0.493757    0.460316    0.431654    0.400798    0.377032    0.353372    0.330645    0.310168    0.288302    
0.093       1           0.856828    0.782542    0.717159    0.665067    0.616056    0.570565    0.532406    0.494935    0.463905    0.433025    0.404898    0.379004    0.354267    0.333063    0.309987    0.292768    
0.094       1           0.856976    0.783629    0.720813    0.667087    0.618431    0.572543    0.535756    0.49906     0.465476    0.434659    0.407773    0.382564    0.357437    0.332972    0.314544    0.293965    
0.095       1           0.859688    0.78468     0.721525    0.665807    0.619383    0.573345    0.5367      0.500985    0.4687      0.438492    0.4104      0.383604    0.359495    0.336386    0.31684     0.296606    
0.096       1           0.860135    0.783972    0.723371    0.669252    0.622468    0.576782    0.539415    0.504821    0.46911     0.439475    0.411918    0.385305    0.362013    0.338534    0.318175    0.298214    
0.097       1           0.862386    0.785716    0.723874    0.669495    0.621959    0.578664    0.540602    0.506098    0.470452    0.44072     0.414431    0.38846     0.362441    0.340934    0.321771    0.301475    
0.098       1           0.863115    0.788176    0.72552     0.673054    0.625529    0.581813    0.539445    0.505951    0.474528    0.4441      0.415937    0.392367    0.365927    0.344958    0.324438    0.30427     
0.099       1           0.865734    0.788908    0.725543    0.672454    0.62585     0.58161     0.543138    0.508316    0.475264    0.445793    0.418216    0.393144    0.367984    0.345344    0.324353    0.305462    
0.1         1           0.865357    0.79111     0.727658    0.674595    0.626831    0.584763    0.545124    0.509836    0.477169    0.446936    0.420897    0.394131    0.370936    0.350202    0.327676    0.308709    
0.105       1           0.865759    0.791675    0.732707    0.676285    0.630739    0.586139    0.547727    0.512089    0.480778    0.449943    0.421183    0.396795    0.373541    0.349451    0.330426    0.310996    
0.11        1           0.869985    0.797077    0.737861    0.686364    0.639541    0.598202    0.558833    0.523952    0.493111    0.461588    0.436923    0.408585    0.38589     0.363381    0.343338    0.324578    
0.115       1           0.874933    0.804086    0.745746    0.695849    0.649056    0.608705    0.571067    0.53555     0.505792    0.476827    0.448443    0.424327    0.397358    0.376861    0.355755    0.337421    
0.12        1           0.878489    0.809719    0.752122    0.700978    0.658856    0.618192    0.581938    0.547861    0.51512     0.48782     0.460704    0.435193    0.410055    0.39046     0.369425    0.35103     
0.125       1           0.8814      0.814635    0.758686    0.710258    0.665616    0.62555     0.589806    0.557475    0.526666    0.497036    0.470734    0.446131    0.424578    0.402199    0.379556    0.360353    
0.13        1           0.884853    0.820161    0.764834    0.718715    0.673092    0.632798    0.599228    0.566237    0.535987    0.506149    0.481979    0.457156    0.433959    0.412963    0.390203    0.371564    
0.135       1           0.887382    0.821279    0.770265    0.723875    0.68245     0.643723    0.607415    0.576273    0.5462      0.517829    0.493137    0.467407    0.446062    0.423866    0.402747    0.383179    
0.14        1           0.890948    0.826998    0.775216    0.729668    0.689768    0.649466    0.614493    0.583815    0.554263    0.525565    0.501071    0.477224    0.45418     0.432638    0.412294    0.393667    
0.145       1           0.893087    0.832575    0.779807    0.736897    0.695       0.658283    0.624653    0.591874    0.563858    0.535061    0.509762    0.486538    0.464505    0.443697    0.422629    0.403486    
0.15        1           0.896165    0.833645    0.784956    0.738932    0.699048    0.662587    0.629932    0.599321    0.570365    0.541582    0.518047    0.492341    0.471931    0.45041     0.430511    0.411735    
0.155       1           0.898037    0.837029    0.790031    0.743897    0.704469    0.669264    0.63789     0.606788    0.577962    0.551915    0.526534    0.502209    0.480417    0.459083    0.440626    0.421749    
0.16        1           0.901129    0.842554    0.792305    0.751138    0.710634    0.67755     0.645189    0.615378    0.587079    0.560351    0.536149    0.512381    0.487484    0.469883    0.450133    0.431581    
0.165       1           0.902412    0.846192    0.797887    0.754156    0.717356    0.683456    0.653379    0.624342    0.596438    0.569222    0.543681    0.522038    0.50204     0.478166    0.460408    0.441566    
0.17        1           0.906508    0.851543    0.802854    0.762589    0.724353    0.689488    0.65897     0.62959     0.603081    0.577674    0.554407    0.530156    0.507953    0.486138    0.469323    0.451644    
0.175       1           0.90996     0.853067    0.807741    0.766909    0.729299    0.694995    0.663364    0.635797    0.610924    0.584756    0.562346    0.539082    0.517603    0.496496    0.478076    0.460844    
0.18        1           0.90955     0.856565    0.811744    0.771598    0.738225    0.702768    0.673198    0.643564    0.616823    0.593744    0.567603    0.547278    0.526932    0.505015    0.486021    0.468449    
0.185       1           0.913201    0.85881     0.814901    0.776658    0.740312    0.709185    0.680599    0.649743    0.624477    0.598802    0.577477    0.554891    0.533979    0.51357     0.494075    0.477519    
0.19        1           0.913059    0.862677    0.819962    0.781695    0.744875    0.713852    0.68452     0.659344    0.632751    0.608388    0.583341    0.562037    0.541137    0.52182     0.50228     0.485204    
0.195       1           0.915702    0.864879    0.823601    0.78436     0.751662    0.719392    0.689217    0.664421    0.638238    0.613719    0.589493    0.569167    0.550135    0.53022     0.510943    0.494443    
0.2         1           0.917946    0.866014    0.825941    0.78882     0.754746    0.725703    0.695988    0.66996     0.641361    0.621501    0.599571    0.575843    0.556544    0.536631    0.519833    0.503644    
0.205       1           0.918682    0.871198    0.829001    0.792807    0.759144    0.728606    0.703007    0.675788    0.651618    0.626063    0.603933    0.583572    0.564443    0.545645    0.526145    0.507621    
0.21        1           0.920969    0.871524    0.831705    0.798124    0.764304    0.734612    0.708119    0.681248    0.658654    0.635055    0.60926     0.59035     0.572173    0.55109     0.534295    0.51611     
0.215       1           0.922198    0.875437    0.837285    0.800078    0.768935    0.738938    0.710659    0.687238    0.662785    0.640567    0.617476    0.598986    0.578644    0.560386    0.541771    0.525149    
0.22        1           0.925272    0.878671    0.839879    0.80576     0.773611    0.742107    0.718689    0.692894    0.6678      0.646912    0.625431    0.605251    0.585917    0.564714    0.549083    0.531514    
0.225       1           0.92552     0.88041     0.842552    0.806576    0.777471    0.751013    0.721289    0.698113    0.672788    0.651684    0.629804    0.609522    0.592504    0.57387     0.557769    0.538792    
0.23        1           0.927466    0.88298     0.845353    0.812678    0.781349    0.753593    0.725736    0.703414    0.679013    0.658328    0.637541    0.617641    0.597982    0.580729    0.563927    0.544337    
0.235       1           0.929675    0.884986    0.846689    0.814822    0.783454    0.757436    0.730258    0.708396    0.685544    0.662299    0.64196     0.622617    0.604841    0.58506     0.568401    0.55498     
0.24        1           0.930762    0.88717     0.851836    0.818343    0.787089    0.762536    0.736975    0.712791    0.688298    0.667838    0.647696    0.629143    0.611607    0.591678    0.576978    0.562214    
0.245       1           0.931461    0.889242    0.8528      0.8224      0.794346    0.764585    0.742754    0.717301    0.696178    0.675867    0.654349    0.634062    0.616013    0.598855    0.581102    0.567394    
0.25        1           0.932066    0.891558    0.855512    0.824541    0.796584    0.769277    0.747411    0.722038    0.700544    0.679001    0.659358    0.639768    0.623099    0.605498    0.588576    0.574669    
0.255       1           0.933678    0.890492    0.858639    0.828882    0.798824    0.773906    0.750941    0.728205    0.705816    0.684832    0.665109    0.646587    0.629214    0.612566    0.595629    0.579154    
0.26        1           0.935642    0.894466    0.861524    0.832142    0.803075    0.778122    0.755779    0.731169    0.711083    0.689443    0.6684      0.651783    0.633662    0.616901    0.60106     0.585888    
0.265       1           0.93596     0.896317    0.863357    0.834345    0.807113    0.781679    0.757363    0.734855    0.713402    0.691796    0.67529     0.656464    0.639784    0.624098    0.606136    0.590321    
0.27        1           0.937549    0.899008    0.866193    0.83793     0.811719    0.784367    0.760739    0.738093    0.721923    0.698765    0.679112    0.662696    0.644286    0.627175    0.613576    0.595889    
0.275       1           0.938191    0.900149    0.867157    0.838616    0.814115    0.787841    0.76479     0.743927    0.722549    0.703276    0.685502    0.667243    0.650336    0.633697    0.620241    0.602845    
0.28        1           0.93917     0.901509    0.870255    0.842569    0.815815    0.792317    0.768806    0.747466    0.726059    0.70954     0.691539    0.671007    0.654103    0.639077    0.623182    0.609181    
0.285       1           0.940747    0.903554    0.872615    0.842558    0.81741     0.79454     0.773026    0.751455    0.73099     0.71349     0.692413    0.678283    0.659625    0.642831    0.629381    0.615297    
0.29        1           0.942202    0.904857    0.873522    0.846603    0.82038     0.797705    0.775659    0.754657    0.734728    0.715907    0.698965    0.681593    0.664279    0.648866    0.633839    0.619547    
0.295       1           0.94245     0.906199    0.876141    0.848919    0.825201    0.802586    0.779734    0.757206    0.738308    0.722125    0.701912    0.687091    0.669816    0.656207    0.637577    0.624076    
0.3         1           0.9437      0.907457    0.877354    0.852209    0.827243    0.80301     0.781033    0.763348    0.745647    0.723916    0.707404    0.690988    0.674954    0.660023    0.644317    0.631012    
0.305       1           0.944954    0.910123    0.879391    0.852951    0.829645    0.806582    0.785216    0.766016    0.747747    0.729515    0.712089    0.696876    0.678922    0.664523    0.647836    0.635607    
0.31        1           0.944214    0.91019     0.882169    0.854589    0.831185    0.809623    0.789658    0.769127    0.748747    0.7336      0.714615    0.700316    0.682881    0.667023    0.654136    0.640024    
0.315       1           0.945272    0.910969    0.883422    0.85741     0.8351      0.812574    0.794526    0.772176    0.755165    0.737539    0.719914    0.702731    0.687032    0.672845    0.65744     0.642527    
0.32        1           0.946811    0.913633    0.885321    0.858776    0.836277    0.815927    0.795827    0.775392    0.755961    0.739802    0.723513    0.705334    0.691245    0.675944    0.66083     0.647436    
0.325       1           0.947709    0.914997    0.885953    0.862196    0.838979    0.816696    0.795347    0.777653    0.761011    0.742211    0.726334    0.709601    0.697195    0.680783    0.668047    0.653291    
0.33        1           0.947916    0.915348    0.888799    0.862601    0.841314    0.820004    0.798674    0.781535    0.764231    0.747525    0.731058    0.71471     0.699947    0.685346    0.672608    0.657995    
0.335       1           0.948601    0.918424    0.888868    0.866055    0.842631    0.820198    0.803438    0.783871    0.766698    0.751285    0.732818    0.718685    0.702862    0.688303    0.674445    0.661408    
0.34        1           0.948069    0.919281    0.890198    0.866896    0.844408    0.823933    0.806253    0.786204    0.7686      0.75251     0.736537    0.719948    0.707993    0.693444    0.678846    0.665846    
0.345       1           0.949526    0.918712    0.894836    0.868088    0.848111    0.825806    0.808861    0.790942    0.772416    0.757689    0.740257    0.725455    0.71047     0.696613    0.682246    0.670656    
0.35        1           0.95007     0.919834    0.893781    0.86943     0.847995    0.828418    0.810525    0.792115    0.775604    0.758264    0.743889    0.729354    0.711625    0.6989      0.687698    0.67368     
0.355       1           0.952138    0.921681    0.896099    0.873416    0.851303    0.829888    0.812516    0.795059    0.777595    0.763147    0.746083    0.732091    0.719016    0.704964    0.691963    0.675487    
0.36        1           0.952267    0.922367    0.897149    0.873796    0.852427    0.834253    0.814932    0.79799     0.779795    0.764785    0.749477    0.735259    0.721381    0.708481    0.695359    0.68096     
0.365       1           0.953043    0.923711    0.89799     0.874668    0.856196    0.834345    0.81859     0.798892    0.783839    0.766808    0.752436    0.737246    0.725407    0.71188     0.696969    0.68607     
0.37        1           0.953682    0.924152    0.899851    0.877198    0.856656    0.838515    0.819691    0.80212     0.786312    0.769601    0.755517    0.74305     0.729581    0.713455    0.699648    0.688698    
0.375       1           0.954237    0.925324    0.900161    0.878939    0.859319    0.838626    0.821172    0.802872    0.787574    0.772934    0.75823     0.744464    0.729181    0.717194    0.705415    0.694335    
0.38        1           0.954399    0.925497    0.90099     0.879839    0.860823    0.840059    0.822413    0.808551    0.789739    0.775601    0.760955    0.747048    0.733757    0.721517    0.707729    0.694378    
0.385       1           0.955868    0.925821    0.903103    0.880011    0.860883    0.843085    0.822822    0.809023    0.790333    0.778165    0.762004    0.752187    0.736552    0.72388     0.710297    0.699702    
0.39        1           0.954556    0.928116    0.903804    0.882794    0.863805    0.843113    0.827751    0.810654    0.795323    0.780215    0.766719    0.753214    0.736368    0.727569    0.714997    0.700089    
0.395       1           0.956111    0.929111    0.904385    0.882522    0.863991    0.84624     0.830213    0.812437    0.795859    0.781641    0.769483    0.754424    0.741266    0.727712    0.716352    0.703778    
0.4         1           0.956561    0.92928     0.906195    0.885104    0.866428    0.847952    0.83113     0.814575    0.799859    0.786595    0.771406    0.758232    0.744352    0.731808    0.721363    0.709088    
0.405       1           0.957032    0.929577    0.906586    0.886443    0.866967    0.850321    0.833355    0.818251    0.801219    0.78709     0.774243    0.761377    0.747359    0.735011    0.724043    0.711768    
0.41        1           0.95804     0.930236    0.907167    0.886629    0.868287    0.851041    0.834594    0.818049    0.80462     0.791513    0.775621    0.762406    0.750189    0.73941     0.72509     0.713841    
0.415       1           0.95801     0.931492    0.908798    0.887789    0.86968     0.851723    0.836002    0.820262    0.806696    0.792791    0.777994    0.765952    0.752       0.74286     0.72865     0.716763    
0.42        1           0.958319    0.931502    0.909995    0.889722    0.870588    0.853637    0.837195    0.823035    0.808644    0.794209    0.782249    0.767356    0.757059    0.743999    0.732422    0.720983    
0.425       1           0.958031    0.933283    0.909976    0.891273    0.872402    0.856458    0.840489    0.824096    0.809317    0.795627    0.782913    0.770364    0.755991    0.745261    0.734724    0.722749    
0.43        1           0.959292    0.93188     0.911592    0.891925    0.875535    0.856656    0.841675    0.824999    0.809937    0.797749    0.783772    0.771663    0.760841    0.749126    0.738611    0.726379    
0.435       1           0.95978     0.933386    0.910672    0.892114    0.874083    0.857041    0.842536    0.828175    0.812389    0.800634    0.785673    0.77252     0.762179    0.752276    0.736821    0.72776     
0.44        1           0.958996    0.933672    0.910875    0.894057    0.875985    0.860184    0.844776    0.827446    0.813944    0.800873    0.787299    0.77538     0.764583    0.751999    0.741766    0.72881     
0.445       1           0.959606    0.934327    0.913185    0.894891    0.878195    0.858959    0.844483    0.831072    0.81633     0.803363    0.791455    0.778088    0.765833    0.756449    0.744252    0.733111    
0.45        1           0.960215    0.935602    0.914391    0.896345    0.876208    0.861966    0.847605    0.833935    0.819007    0.804368    0.794222    0.780577    0.77005     0.756723    0.745827    0.735868    
0.455       1           0.961109    0.936474    0.915485    0.895736    0.880163    0.863708    0.847089    0.833517    0.821001    0.807463    0.794121    0.779811    0.771108    0.759796    0.748374    0.739978    
0.46        1           0.960875    0.936892    0.915484    0.895713    0.879702    0.864707    0.847974    0.834377    0.820549    0.809078    0.796382    0.783811    0.77171     0.760667    0.74959     0.739754    
0.465       1           0.961496    0.936139    0.916481    0.898218    0.880252    0.865308    0.850726    0.836516    0.824516    0.809269    0.797396    0.786968    0.773861    0.762098    0.751378    0.740928    
0.47        1           0.962118    0.937247    0.917328    0.898924    0.881689    0.867204    0.852013    0.83836     0.824433    0.811432    0.798789    0.788501    0.777333    0.765284    0.754922    0.743813    
0.475       1           0.961083    0.938325    0.917769    0.90025     0.882912    0.86807     0.85158     0.838326    0.825423    0.811234    0.801809    0.787868    0.77766     0.76558     0.756173    0.745253    
0.48        1           0.961965    0.93781     0.918911    0.900233    0.883108    0.868483    0.854233    0.840388    0.826337    0.81508     0.803086    0.790373    0.77865     0.767813    0.757832    0.747522    
0.485       1           0.962267    0.939998    0.918307    0.900383    0.883633    0.869817    0.85469     0.840397    0.827318    0.815684    0.802442    0.791671    0.781803    0.770436    0.760649    0.749168    
0.49        1           0.962869    0.939191    0.918667    0.902074    0.884481    0.869462    0.856019    0.842116    0.828839    0.819951    0.804877    0.791493    0.783151    0.771547    0.761038    0.754126    
0.495       1           0.96256     0.939639    0.920929    0.902572    0.885729    0.870034    0.858205    0.843164    0.830504    0.818798    0.80761     0.794748    0.784596    0.773778    0.764344    0.752544    
0.5         1           0.963946    0.940941    0.921087    0.904138    0.886222    0.873239    0.857962    0.843189    0.83167     0.820774    0.807195    0.795851    0.78654     0.775904    0.765276    0.756016    
0.525       1           0.963213    0.940399    0.919856    0.90399     0.887619    0.872854    0.859046    0.845057    0.832894    0.819738    0.808983    0.797548    0.787123    0.777064    0.766528    0.757139    
0.55        1           0.963624    0.943578    0.922005    0.904794    0.890688    0.876525    0.861764    0.848783    0.837652    0.82564     0.81579     0.803751    0.794018    0.783144    0.773065    0.763053    
0.575       1           0.964834    0.943217    0.924484    0.909454    0.890493    0.878268    0.866958    0.853661    0.839828    0.830644    0.817798    0.80743     0.798461    0.788821    0.780214    0.770974    
0.6         1           0.965681    0.943934    0.924542    0.909515    0.893362    0.881513    0.867133    0.856116    0.844707    0.832792    0.822263    0.812701    0.802131    0.792266    0.7824      0.773924    
0.625       1           0.965847    0.94375     0.926667    0.910802    0.893783    0.883689    0.870617    0.857434    0.846693    0.835983    0.825858    0.813176    0.803871    0.794932    0.784977    0.776101    
0.65        1           0.964604    0.94442     0.927139    0.909961    0.896047    0.883669    0.868872    0.855806    0.846796    0.835067    0.825002    0.816484    0.805113    0.798263    0.789623    0.7782      
0.675       1           0.965126    0.943761    0.92549     0.908545    0.897099    0.88324     0.871038    0.858429    0.847911    0.83513     0.828061    0.815142    0.806002    0.798795    0.788874    0.779122    
0.7         1           0.964188    0.943522    0.925654    0.910461    0.896014    0.884595    0.869823    0.856507    0.847881    0.835431    0.824907    0.814112    0.80584     0.79619     0.788308    0.783297    
0.725       1           0.964334    0.943421    0.924462    0.909568    0.894734    0.882615    0.869725    0.858519    0.845922    0.836062    0.826677    0.81492     0.807061    0.795286    0.78972     0.781157    
0.75        1           0.964495    0.941997    0.925777    0.909623    0.895717    0.88199     0.86875     0.857925    0.845351    0.834718    0.827692    0.814359    0.809048    0.798651    0.78955     0.782091    
0.775       1           0.963831    0.942426    0.92504     0.909357    0.894137    0.883016    0.868737    0.857593    0.846843    0.836937    0.82758     0.816693    0.807446    0.797354    0.790942    0.781446    
0.8         1           0.963742    0.941539    0.925372    0.906887    0.894342    0.881495    0.869245    0.856711    0.847136    0.835949    0.826629    0.818494    0.807126    0.800034    0.790468    0.780789    
0.825       1           0.964166    0.942971    0.92457     0.90953     0.895574    0.882382    0.869586    0.8574      0.848225    0.837692    0.825776    0.816974    0.809591    0.798965    0.788818    0.783929    
0.85        1           0.96376     0.943335    0.925947    0.908491    0.894373    0.881388    0.869913    0.860233    0.848026    0.837862    0.829157    0.816224    0.808022    0.798879    0.791262    0.785396    
0.875       1           0.963859    0.942782    0.925774    0.910581    0.896645    0.882751    0.869789    0.857936    0.847982    0.836302    0.829727    0.819741    0.811302    0.802237    0.793682    0.785783    
0.9         1           0.964269    0.942426    0.926509    0.910164    0.894521    0.88259     0.868901    0.859624    0.847589    0.838044    0.829544    0.820579    0.810535    0.802217    0.795345    0.787373    
0.925       1           0.9637      0.941934    0.924122    0.909315    0.896107    0.881703    0.8724      0.860004    0.849198    0.840111    0.829961    0.820512    0.811149    0.802898    0.793565    0.786986    
0.95        1           0.963721    0.942896    0.924479    0.910854    0.895319    0.883055    0.870719    0.859762    0.848361    0.839114    0.829881    0.821116    0.813237    0.802477    0.794842    0.784843    
0.975       1           0.964611    0.942431    0.924694    0.90892     0.895777    0.883554    0.870511    0.860719    0.849126    0.83945     0.830944    0.822426    0.814062    0.80422     0.797211    0.788939    
1           1           0.964493    0.942143    0.925492    0.910772    0.894347    0.885178    0.871139    0.858782    0.849937    0.841131    0.830933    0.821522    0.814162    0.805229    0.796906    0.790647    
