# Proton-Neutron Scattering
# Angle vs. Cross-section (millibarns)
# 450 MeV

  0.000  0.6365E+01     
  9.000  0.5448E+01     
 18.000  0.4751E+01     
 27.000  0.4428E+01     
 36.000  0.4042E+01     
 45.000  0.3502E+01     
 54.000  0.2877E+01     
 63.000  0.2287E+01     
 72.000  0.1821E+01     
 81.000  0.1504E+01     
 90.000  0.1322E+01     
 99.000  0.1252E+01     
108.000  0.1292E+01     
117.000  0.1473E+01     
126.000  0.1855E+01     
135.000  0.2480E+01     
144.000  0.3316E+01     
153.000  0.4217E+01     
162.000  0.5241E+01     
171.000  0.7772E+01     
180.000  0.1088E+02