# Proton-Neutron Scattering
# Angle vs. Cross-section (millibarns)
# 950 MeV

  0.000  0.1486E+02
  9.000  0.1303E+02   
 18.000  0.1062E+02  
 27.000  0.7851E+01     
 36.000  0.5242E+01    
 45.000  0.3211E+01     
 54.000  0.1866E+01     
 63.000  0.1073E+01     
 72.000  0.6386E+00     
 81.000  0.4286E+00     
 90.000  0.3658E+00     
 99.000  0.3970E+00     
108.000  0.4765E+00     
117.000  0.5743E+00     
126.000  0.7007E+00     
135.000  0.9265E+00     
144.000  0.1373E+01     
153.000  0.2157E+01     
162.000  0.3185E+01     
171.000  0.4878E+01     
180.000  0.8735E+01