# PI+D -> 2P
# Cos(ang) vs. Cross-section (millibarns)
# 375 MeV

     0.000  0.2218E+00
     9.000  0.2258E+00
    18.000  0.2334E+00
    27.000  0.2351E+00
    36.000  0.2242E+00
    45.000  0.2005E+00
    54.000  0.1699E+00
    63.000  0.1389E+00
    72.000  0.1127E+00
    81.000  0.9496E-01
    90.000  0.8865E-01
    99.000  0.9496E-01
   108.000  0.1127E+00
   117.000  0.1389E+00
   126.000  0.1698E+00
   135.000  0.2005E+00
   144.000  0.2242E+00
   153.000  0.2351E+00
   162.000  0.2334E+00
   171.000  0.2258E+00
   180.000  0.2218E+00

