# PI+D -> 2P
# Cos(ang) vs. Cross-section (millibarns)
# 450 MeV

    0.000  0.1010E+00
     9.000  0.1069E+00
    18.000  0.1196E+00
    27.000  0.1288E+00
    36.000  0.1272E+00
    45.000  0.1154E+00
    54.000  0.9912E-01
    63.000  0.8315E-01
    72.000  0.6965E-01
    81.000  0.6003E-01
    90.000  0.5642E-01
    99.000  0.6002E-01
   108.000  0.6965E-01
   117.000  0.8315E-01
   126.000  0.9911E-01
   135.000  0.1154E+00
   144.000  0.1272E+00
   153.000  0.1288E+00
   162.000  0.1196E+00
   171.000  0.1069E+00
   180.000  0.1010E+00

