# PI+D -> 2P
# Cos(ang) vs. Cross-section (millibarns)
# 75 MeV

     0.000  0.2785E+01
     9.000  0.2732E+01
    18.000  0.2579E+01 
    27.000  0.2339E+01
    36.000  0.2035E+01 
    45.000  0.1697E+01
    54.000  0.1356E+01 
    63.000  0.1047E+01
    72.000  0.8006E+00
    81.000  0.6419E+00
    90.000  0.5872E+00
    99.000  0.6419E+00
   108.000  0.8006E+00
   117.000  0.1047E+01
   126.000  0.1356E+01
   135.000  0.1697E+01
   144.000  0.2035E+01
   153.000  0.2339E+01
   162.000  0.2579E+01
   171.000  0.2732E+01
   180.000  0.2785E+01
