# PI+D -> 2P
# Cos(ang) vs. Cross-section (millibarns)
# 250 MeV

     0.000  0.8795E+00
     9.000  0.8856E+00
    18.000  0.8955E+00
    27.000  0.8895E+00
    36.000  0.8490E+00
    45.000  0.7673E+00
    54.000  0.6531E+00
    63.000  0.5271E+00
    72.000  0.4142E+00
    81.000  0.3364E+00
    90.000  0.3087E+00
    99.000  0.3363E+00
   108.000  0.4142E+00
   117.000  0.5271E+00
   126.000  0.6531E+00
   135.000  0.7673E+00
   144.000  0.8490E+00
   153.000  0.8895E+00
   162.000  0.8955E+00
   171.000  0.8856E+00
   180.000  0.8795E+00

