# PI+D -> 2P
# Cos(ang) vs. Cross-section (millibarns)
# 475 MeV

     0.000  0.7611E-01
     9.000  0.8249E-01
    18.000  0.9649E-01
    27.000  0.1073E+00
    36.000  0.1073E+00
    45.000  0.9762E-01
    54.000  0.8390E-01
    63.000  0.7079E-01
    72.000  0.5966E-01
    81.000  0.5144E-01
    90.000  0.4827E-01
    99.000  0.5144E-01
   108.000  0.5966E-01
   117.000  0.7079E-01
   126.000  0.8390E-01
   135.000  0.9761E-01
   144.000  0.1073E+00
   153.000  0.1073E+00
   162.000  0.9649E-01
   171.000  0.8249E-01
   180.000  0.7611E-01

