# PI+D -> 2P
# Cos(ang) vs. Cross-section (millibarns)
# 425 MeV

     0.000  0.1325E+00
     9.000  0.1377E+00
    18.000  0.1488E+00
    27.000  0.1559E+00
    36.000  0.1519E+00
    45.000  0.1372E+00
    54.000  0.1174E+00
    63.000  0.9769E-01
    72.000  0.8112E-01
    81.000  0.6962E-01
    90.000  0.6541E-01
    99.000  0.6962E-01
   108.000  0.8112E-01
   117.000  0.9769E-01
   126.000  0.1173E+00
   135.000  0.1372E+00
   144.000  0.1519E+00
   153.000  0.1559E+00
   162.000  0.1488E+00
   171.000  0.1377E+00
   180.000  0.1325E+00

