# PI+D -> 2P
# Cos(ang) vs. Cross-section (millibarns)
# 275 MeV

     0.000  0.6321E+00
     9.000  0.6370E+00
    18.000  0.6451E+00
    27.000  0.6415E+00
    36.000  0.6121E+00
    45.000  0.5525E+00
    54.000  0.4700E+00
    63.000  0.3796E+00
    72.000  0.2990E+00
    81.000  0.2436E+00
    90.000  0.2239E+00
    99.000  0.2436E+00
   108.000  0.2990E+00
   117.000  0.3796E+00
   126.000  0.4700E+00
   135.000  0.5525E+00
   144.000  0.6121E+00
   153.000  0.6415E+00
   162.000  0.6451E+00
   171.000  0.6370E+00
   180.000  0.6321E+00

