# PI Charge Exchange
# Cos(ang) vs. Cross-section (millibarns)
# 1220 MeV

180.000  0.8838E+00
154.158  0.3719E+00
143.130  0.2538E+00
134.427  0.2723E+00
126.870  0.2942E+00
120.000  0.2729E+00
113.578  0.2129E+00
107.457  0.1413E+00
101.537  0.8737E-01
 95.739  0.6979E-01
 90.000  0.9015E-01
 84.261  0.1340E+00
 78.463  0.1777E+00
 72.543  0.1995E+00
 66.422  0.1915E+00
 60.000  0.1686E+00
 53.130  0.1688E+00
 45.573  0.2392E+00
 36.870  0.3950E+00
 25.842  0.5135E+00
  0.000  0.4817E-01
