# PI Charge Exchange
# Cos(ang) vs. Cross-section (millibarns)
# 190 MeV

180.000  0.6878E+01
154.158  0.5905E+01
143.130  0.5040E+01
134.427  0.4281E+01
126.870  0.3629E+01
120.000  0.3082E+01
113.578  0.2639E+01
107.457  0.2302E+01
101.537  0.2068E+01
 95.739  0.1939E+01
 90.000  0.1913E+01
 84.261  0.1991E+01
 78.463  0.2173E+01
 72.543  0.2458E+01
 66.422  0.2847E+01
 60.000  0.3341E+01
 53.130  0.3939E+01
 45.573  0.4642E+01
 36.870  0.5450E+01
 25.842  0.6364E+01
  0.000  0.7400E+01
