# PI Charge Exchange
# Cos(ang) vs. Cross-section (millibarns)
# 1420 MeV

180.000  0.4223E+00
154.158  0.2195E+00
143.130  0.1889E+00
134.427  0.2005E+00
126.870  0.2008E+00
120.000  0.1803E+00
113.578  0.1496E+00
107.457  0.1251E+00
101.537  0.1189E+00
 95.739  0.1335E+00
 90.000  0.1595E+00
 84.261  0.1791E+00
 78.463  0.1752E+00
 72.543  0.1417E+00
 66.422  0.9019E-01
 60.000  0.4947E-01
 53.130  0.5343E-01
 45.573  0.1266E+00
 36.870  0.2755E+00
 25.842  0.4654E+00
  0.000  0.4323E+00
