# PI Charge Exchange
# Cos(ang) vs. Cross-section (millibarns)
# 120 MeV

180.000  0.5833E+01
154.158  0.5098E+01
143.130  0.4430E+01
134.427  0.3828E+01
126.870  0.3289E+01
120.000  0.2813E+01
113.578  0.2396E+01
107.457  0.2038E+01
101.537  0.1736E+01
 95.739  0.1489E+01
 90.000  0.1295E+01
 84.261  0.1152E+01
 78.463  0.1059E+01
 72.543  0.1014E+01
 66.422  0.1015E+01
 60.000  0.1060E+01
 53.130  0.1148E+01
 45.573  0.1276E+01
 36.870  0.1443E+01
 25.842  0.1646E+01
  0.000  0.1890E+01
