# PI Charge Exchange
# Cos(ang) vs. Cross-section (millibarns)
# 1100 MeV

180.000  0.8215E+00
154.158  0.3417E+00
143.130  0.2430E+00
134.427  0.2657E+00
126.870  0.2817E+00
120.000  0.2508E+00
113.578  0.1820E+00
107.457  0.1051E+00
101.537  0.5075E-01
 95.739  0.3864E-01
 90.000  0.7132E-01
 84.261  0.1348E+00
 78.463  0.2038E+00
 72.543  0.2513E+00
 66.422  0.2598E+00
 60.000  0.2312E+00
 53.130  0.1930E+00
 45.573  0.1925E+00
 36.870  0.2701E+00
 25.842  0.3818E+00
  0.000  0.1929E+00
