# PI Charge Exchange
# Cos(ang) vs. Cross-section (millibarns)
# 130 MeV

180.000  0.6735E+01
154.158  0.5868E+01
143.130  0.5085E+01
134.427  0.4382E+01
126.870  0.3757E+01
120.000  0.3208E+01
113.578  0.2732E+01
107.457  0.2329E+01
101.537  0.1995E+01
 95.739  0.1729E+01
 90.000  0.1529E+01
 84.261  0.1393E+01
 78.463  0.1319E+01
 72.543  0.1304E+01
 66.422  0.1347E+01
 60.000  0.1445E+01
 53.130  0.1596E+01
 45.573  0.1798E+01
 36.870  0.2049E+01
 25.842  0.2345E+01
  0.000  0.2694E+01
