# PI Charge Exchange
# Cos(ang) vs. Cross-section (millibarns)
# 1180 MeV

180.000  0.8914E+00
154.158  0.3609E+00
143.130  0.2409E+00
134.427  0.2631E+00
126.870  0.2880E+00
120.000  0.2669E+00
113.578  0.2043E+00
107.457  0.1287E+00
101.537  0.7111E-01
 95.739  0.5192E-01
 90.000  0.7418E-01
 84.261  0.1242E+00
 78.463  0.1780E+00
 72.543  0.2114E+00
 66.422  0.2127E+00
 60.000  0.1917E+00
 53.130  0.1829E+00
 45.573  0.2338E+00
 36.870  0.3663E+00
 25.842  0.4738E+00
  0.000  0.4884E-01
