# PI Charge Exchange
# Cos(ang) vs. Cross-section (millibarns)
# 180 MeV

180.000  0.7665E+01
154.158  0.6597E+01
143.130  0.5644E+01
134.427  0.4807E+01
126.870  0.4083E+01
120.000  0.3471E+01
113.578  0.2970E+01
107.457  0.2579E+01
101.537  0.2297E+01
 95.739  0.2123E+01
 90.000  0.2056E+01
 84.261  0.2095E+01
 78.463  0.2240E+01
 72.543  0.2489E+01
 66.422  0.2843E+01
 60.000  0.3299E+01
 53.130  0.3857E+01
 45.573  0.4517E+01
 36.870  0.5278E+01
 25.842  0.6138E+01
  0.000  0.7115E+01
