# PI Charge Exchange
# Cos(ang) vs. Cross-section (millibarns)
# 1340 MeV

180.000  0.6302E+00
154.158  0.3100E+00
143.130  0.2435E+00
134.427  0.2531E+00
126.870  0.2570E+00
120.000  0.2330E+00
113.578  0.1895E+00
107.457  0.1466E+00
101.537  0.1225E+00
 95.739  0.1247E+00
 90.000  0.1474E+00
 84.261  0.1735E+00
 78.463  0.1831E+00
 72.543  0.1647E+00
 66.422  0.1243E+00
 60.000  0.8797E-01
 53.130  0.9507E-01
 45.573  0.1811E+00
 36.870  0.3515E+00
 25.842  0.5173E+00
  0.000  0.2612E+00
