# PI Charge Exchange
# Cos(ang) vs. Cross-section (millibarns)
# 1020 MeV

180.000  0.7603E+00
154.158  0.4390E+00
143.130  0.3804E+00
134.427  0.3776E+00
126.870  0.3456E+00
120.000  0.2714E+00
113.578  0.1767E+00
107.457  0.9407E-01
101.537  0.5073E-01
 95.739  0.6007E-01
 90.000  0.1180E+00
 84.261  0.2045E+00
 78.463  0.2894E+00
 72.543  0.3415E+00
 66.422  0.3396E+00
 60.000  0.2836E+00
 53.130  0.2015E+00
 45.573  0.1501E+00
 36.870  0.2017E+00
 25.842  0.3978E+00
  0.000  0.6223E+00
