# PI Charge Exchange
# Cos(ang) vs. Cross-section (millibarns)
# 110 MeV

180.000  0.4942E+01
154.158  0.4333E+01
143.130  0.3778E+01
134.427  0.3275E+01
126.870  0.2822E+01
120.000  0.2418E+01
113.578  0.2062E+01
107.457  0.1751E+01
101.537  0.1485E+01
 95.739  0.1262E+01
 90.000  0.1081E+01
 84.261  0.9400E+00
 78.463  0.8383E+00
 72.543  0.7743E+00
 66.422  0.7464E+00
 60.000  0.7532E+00
 53.130  0.7932E+00
 45.573  0.8650E+00
 36.870  0.9668E+00
 25.842  0.1097E+01
  0.000  0.1260E+01
