# PI Charge Exchange
# Cos(ang) vs. Cross-section (millibarns)
# 100 MeV

180.000  0.4131E+01
154.158  0.3635E+01
143.130  0.3181E+01
134.427  0.2767E+01
126.870  0.2393E+01
120.000  0.2056E+01
113.578  0.1756E+01
107.457  0.1491E+01
101.537  0.1261E+01
 95.739  0.1064E+01
 90.000  0.8997E+00
 84.261  0.7665E+00
 78.463  0.6636E+00
 72.543  0.5897E+00
 66.422  0.5438E+00
 60.000  0.5248E+00
 53.130  0.5316E+00
 45.573  0.5629E+00
 36.870  0.6176E+00
 25.842  0.6945E+00
  0.000  0.7968E+00
