# PI Charge Exchange
# Cos(ang) vs. Cross-section (millibarns)
# 150 MeV

180.000  0.8138E+01
154.158  0.7053E+01
143.130  0.6080E+01
134.427  0.5214E+01
126.870  0.4453E+01
120.000  0.3795E+01
113.578  0.3237E+01
107.457  0.2777E+01
101.537  0.2413E+01
 95.739  0.2142E+01
 90.000  0.1963E+01
 84.261  0.1873E+01
 78.463  0.1870E+01
 72.543  0.1952E+01
 66.422  0.2116E+01
 60.000  0.2360E+01
 53.130  0.2681E+01
 45.573  0.3077E+01
 36.870  0.3544E+01
 25.842  0.4080E+01
  0.000  0.4696E+01
