# PI Charge Exchange
# Cos(ang) vs. Cross-section (millibarns)
# 10 MeV

180.000  0.5375E+00
154.158  0.5179E+00
143.130  0.4986E+00
134.427  0.4797E+00
126.870  0.4611E+00
120.000  0.4429E+00
113.578  0.4250E+00
107.457  0.4074E+00
101.537  0.3902E+00
 95.739  0.3733E+00
 90.000  0.3568E+00
 84.261  0.3406E+00
 78.463  0.3248E+00
 72.543  0.3092E+00
 66.422  0.2940E+00
 60.000  0.2792E+00
 53.130  0.2646E+00
 45.573  0.2504E+00
 36.870  0.2365E+00
 25.842  0.2229E+00
  0.000  0.2096E+00
