# PI Charge Exchange
# Cos(ang) vs. Cross-section (millibarns)
# 20 MeV

180.000  0.6980E+00
154.158  0.6580E+00
143.130  0.6192E+00
134.427  0.5815E+00
126.870  0.5451E+00
120.000  0.5097E+00
113.578  0.4756E+00
107.457  0.4426E+00
101.537  0.4107E+00
 95.739  0.3799E+00
 90.000  0.3502E+00
 84.261  0.3216E+00
 78.463  0.2941E+00
 72.543  0.2676E+00
 66.422  0.2422E+00
 60.000  0.2179E+00
 53.130  0.1945E+00
 45.573  0.1722E+00
 36.870  0.1509E+00
 25.842  0.1306E+00
  0.000  0.1112E+00
