# PI Charge Exchange
# Cos(ang) vs. Cross-section (millibarns)
# 200 MeV

180.000  0.5985E+01
154.158  0.5126E+01
143.130  0.4364E+01
134.427  0.3697E+01
126.870  0.3126E+01
120.000  0.2651E+01
113.578  0.2272E+01
107.457  0.1990E+01
101.537  0.1804E+01
 95.739  0.1716E+01
 90.000  0.1726E+01
 84.261  0.1834E+01
 78.463  0.2041E+01
 72.543  0.2349E+01
 66.422  0.2758E+01
 60.000  0.3270E+01
 53.130  0.3886E+01
 45.573  0.4608E+01
 36.870  0.5438E+01
 25.842  0.6377E+01
  0.000  0.7444E+01
