# PI Charge Exchange
# Cos(ang) vs. Cross-section (millibarns)
# 240 MeV

180.000  0.2973E+01
154.158  0.2524E+01
143.130  0.2125E+01
134.427  0.1778E+01
126.870  0.1486E+01
120.000  0.1249E+01
113.578  0.1072E+01
107.457  0.9553E+00
101.537  0.9023E+00
 95.739  0.9155E+00
 90.000  0.9977E+00
 84.261  0.1152E+01
 78.463  0.1382E+01
 72.543  0.1692E+01
 66.422  0.2087E+01
 60.000  0.2570E+01
 53.130  0.3149E+01
 45.573  0.3828E+01
 36.870  0.4616E+01
 25.842  0.5520E+01
  0.000  0.6560E+01
