# PI Charge Exchange
# Cos(ang) vs. Cross-section (millibarns)
# 270 MeV

180.000  0.1687E+01
154.158  0.1429E+01
143.130  0.1197E+01
134.427  0.9936E+00
126.870  0.8229E+00
120.000  0.6881E+00
113.578  0.5921E+00
107.457  0.5384E+00
101.537  0.5301E+00
 95.739  0.5710E+00
 90.000  0.6651E+00
 84.261  0.8166E+00
 78.463  0.1031E+01
 72.543  0.1313E+01
 66.422  0.1669E+01
 60.000  0.2106E+01
 53.130  0.2633E+01
 45.573  0.3258E+01
 36.870  0.3991E+01
 25.842  0.4845E+01
  0.000  0.5839E+01
