# PI Charge Exchange
# Cos(ang) vs. Cross-section (millibarns)
# 250 MeV

180.000  0.2465E+01
154.158  0.2090E+01
143.130  0.1755E+01
134.427  0.1464E+01
126.870  0.1219E+01
120.000  0.1023E+01
113.578  0.8776E+00
107.457  0.7864E+00
101.537  0.7520E+00
 95.739  0.7773E+00
 90.000  0.8657E+00
 84.261  0.1021E+01
 78.463  0.1247E+01
 72.543  0.1548E+01
 66.422  0.1930E+01
 60.000  0.2398E+01
 53.130  0.2958E+01
 45.573  0.3619E+01
 36.870  0.4387E+01
 25.842  0.5273E+01
  0.000  0.6297E+01
