# PI Charge Exchange
# Cos(ang) vs. Cross-section (millibarns)
# 30 MeV

180.000  0.9069E+00
154.158  0.8410E+00
143.130  0.7777E+00
134.427  0.7170E+00
126.870  0.6589E+00
120.000  0.6032E+00
113.578  0.5501E+00
107.457  0.4994E+00
101.537  0.4511E+00
 95.739  0.4051E+00
 90.000  0.3615E+00
 84.261  0.3202E+00
 78.463  0.2812E+00
 72.543  0.2444E+00
 66.422  0.2098E+00
 60.000  0.1773E+00
 53.130  0.1469E+00
 45.573  0.1187E+00
 36.870  0.9249E-01
 25.842  0.6831E-01
  0.000  0.4614E-01
