# PI Charge Exchange
# Cos(ang) vs. Cross-section (millibarns)
# 300 MeV

180.000  0.9309E+00
154.158  0.7975E+00
143.130  0.6730E+00
134.427  0.5621E+00
126.870  0.4686E+00
120.000  0.3965E+00
113.578  0.3494E+00
107.457  0.3312E+00
101.537  0.3458E+00
 95.739  0.3976E+00
 90.000  0.4912E+00
 84.261  0.6320E+00
 78.463  0.8260E+00
 72.543  0.1080E+01
 66.422  0.1401E+01
 60.000  0.1799E+01
 53.130  0.2283E+01
 45.573  0.2864E+01
 36.870  0.3555E+01
 25.842  0.4373E+01
  0.000  0.5339E+01
