# PI Charge Exchange
# Cos(ang) vs. Cross-section (millibarns)
# 340 MeV

180.000  0.3525E+00
154.158  0.3315E+00
143.130  0.3050E+00
134.427  0.2778E+00
126.870  0.2543E+00
120.000  0.2383E+00
113.578  0.2340E+00
107.457  0.2455E+00
101.537  0.2769E+00
 95.739  0.3333E+00
 90.000  0.4199E+00
 84.261  0.5429E+00
 78.463  0.7095E+00
 72.543  0.9276E+00
 66.422  0.1207E+01
 60.000  0.1557E+01
 53.130  0.1991E+01
 45.573  0.2523E+01
 36.870  0.3170E+01
 25.842  0.3950E+01
  0.000  0.4889E+01
