# PI Charge Exchange
# Cos(ang) vs. Cross-section (millibarns)
# 420 MeV

180.000  0.5379E-02
154.158  0.3943E-01
143.130  0.7605E-01
134.427  0.1136E+00
126.870  0.1509E+00
120.000  0.1877E+00
113.578  0.2246E+00
107.457  0.2629E+00
101.537  0.3050E+00
 95.739  0.3546E+00
 90.000  0.4166E+00
 84.261  0.4974E+00
 78.463  0.6053E+00
 72.543  0.7501E+00
 66.422  0.9441E+00
 60.000  0.1201E+01
 53.130  0.1539E+01
 45.573  0.1976E+01
 36.870  0.2537E+01
 25.842  0.3249E+01
  0.000  0.4145E+01
