# PI Charge Exchange
# Cos(ang) vs. Cross-section (millibarns)
# 460 MeV

180.000  0.9952E-01
154.158  0.7422E-01
143.130  0.7441E-01
134.427  0.9191E-01
126.870  0.1202E+00
120.000  0.1544E+00
113.578  0.1915E+00
107.457  0.2302E+00
101.537  0.2706E+00
 95.739  0.3148E+00
 90.000  0.3668E+00
 84.261  0.4327E+00
 78.463  0.5208E+00
 72.543  0.6421E+00
 66.422  0.8101E+00
 60.000  0.1041E+01
 53.130  0.1354E+01
 45.573  0.1773E+01
 36.870  0.2325E+01
 25.842  0.3041E+01
  0.000  0.3960E+01
