# PI Charge Exchange
# Cos(ang) vs. Cross-section (millibarns)
# 540 MeV

180.000  0.5243E+00
154.158  0.3262E+00
143.130  0.1951E+00
134.427  0.1190E+00
126.870  0.8537E-01
120.000  0.8298E-01
113.578  0.1025E+00
107.457  0.1366E+00
101.537  0.1804E+00
 95.739  0.2314E+00
 90.000  0.2901E+00
 84.261  0.3606E+00
 78.463  0.4503E+00
 72.543  0.5706E+00
 66.422  0.7370E+00
 60.000  0.9695E+00
 53.130  0.1293E+01
 45.573  0.1738E+01
 36.870  0.2340E+01
 25.842  0.3141E+01
  0.000  0.4185E+01
