# PI Charge Exchange
# Cos(ang) vs. Cross-section (millibarns)
# 500 MeV

180.000  0.2837E+00
154.158  0.1699E+00
143.130  0.1087E+00
134.427  0.8617E-01
126.870  0.9024E-01
120.000  0.1116E+00
113.578  0.1432E+00
107.457  0.1804E+00
101.537  0.2209E+00
 95.739  0.2647E+00
 90.000  0.3146E+00
 84.261  0.3759E+00
 78.463  0.4572E+00
 72.543  0.5700E+00
 66.422  0.7293E+00
 60.000  0.9536E+00
 53.130  0.1265E+01
 45.573  0.1691E+01
 36.870  0.2263E+01
 25.842  0.3017E+01
  0.000  0.3994E+01
