# PI Charge Exchange
# Cos(ang) vs. Cross-section (millibarns)
# 660 MeV

180.000  0.2033E+00
154.158  0.6213E+00
143.130  0.7050E+00
134.427  0.6251E+00
126.870  0.4836E+00
120.000  0.3405E+00
113.578  0.2290E+00
107.457  0.1630E+00
101.537  0.1435E+00
 95.739  0.1629E+00
 90.000  0.2086E+00
 84.261  0.2672E+00
 78.463  0.3272E+00
 72.543  0.3816E+00
 66.422  0.4298E+00
 60.000  0.4791E+00
 53.130  0.5464E+00
 45.573  0.6602E+00
 36.870  0.8624E+00
 25.842  0.1209E+01
  0.000  0.1764E+01
