# PI Charge Exchange
# Cos(ang) vs. Cross-section (millibarns)
# 60 MeV

180.000  0.1837E+01
154.158  0.1652E+01
143.130  0.1478E+01
134.427  0.1315E+01
126.870  0.1164E+01
120.000  0.1023E+01
113.578  0.8933E+00
107.457  0.7735E+00
101.537  0.6636E+00
 95.739  0.5634E+00
 90.000  0.4728E+00
 84.261  0.3913E+00
 78.463  0.3188E+00
 72.543  0.2550E+00
 66.422  0.1998E+00
 60.000  0.1527E+00
 53.130  0.1136E+00
 45.573  0.8233E-01
 36.870  0.5850E-01
 25.842  0.4193E-01
  0.000  0.3324E-01
