# PI Charge Exchange
# Cos(ang) vs. Cross-section (millibarns)
# 780 MeV

180.000  0.7440E-01
154.158  0.1096E+01
143.130  0.1334E+01
134.427  0.1183E+01
126.870  0.8791E+00
120.000  0.5646E+00
113.578  0.3156E+00
107.457  0.1625E+00
101.537  0.1035E+00
 95.739  0.1159E+00
 90.000  0.1662E+00
 84.261  0.2197E+00
 78.463  0.2481E+00
 72.543  0.2361E+00
 66.422  0.1862E+00
 60.000  0.1227E+00
 53.130  0.9554E-01
 45.573  0.1846E+00
 36.870  0.5010E+00
 25.842  0.1180E+01
  0.000  0.2345E+01
