# PI Charge Exchange
# Cos(ang) vs. Cross-section (millibarns)
# 70 MeV

180.000  0.2276E+01
154.158  0.2033E+01
143.130  0.1806E+01
134.427  0.1596E+01
126.870  0.1401E+01
120.000  0.1222E+01
113.578  0.1058E+01
107.457  0.9079E+00
101.537  0.7724E+00
 95.739  0.6506E+00
 90.000  0.5422E+00
 84.261  0.4469E+00
 78.463  0.3641E+00
 72.543  0.2935E+00
 66.422  0.2347E+00
 60.000  0.1874E+00
 53.130  0.1512E+00
 45.573  0.1256E+00
 36.870  0.1102E+00
 25.842  0.1048E+00
  0.000  0.1102E+00
