# PI Charge Exchange
# Cos(ang) vs. Cross-section (millibarns)
# 860 MeV

180.000  0.3234E+00
154.158  0.1392E+01
143.130  0.1609E+01
134.427  0.1382E+01
126.870  0.9797E+00
120.000  0.5739E+00
113.578  0.2631E+00
107.457  0.8844E-01
101.537  0.4789E-01
 95.739  0.1094E+00
 90.000  0.2240E+00
 84.261  0.3388E+00
 78.463  0.4083E+00
 72.543  0.4056E+00
 66.422  0.3315E+00
 60.000  0.2228E+00
 53.130  0.1597E+00
 45.573  0.2703E+00
 36.870  0.7293E+00
 25.842  0.1740E+01
  0.000  0.3470E+01
