# PI Charge Exchange
# Cos(ang) vs. Cross-section (millibarns)
# 90 MeV

180.000  0.3414E+01
154.158  0.3017E+01
143.130  0.2652E+01
134.427  0.2317E+01
126.870  0.2011E+01
120.000  0.1734E+01
113.578  0.1485E+01
107.457  0.1263E+01
101.537  0.1068E+01
 95.739  0.8972E+00
 90.000  0.7514E+00
 84.261  0.6293E+00
 78.463  0.5302E+00
 72.543  0.4532E+00
 66.422  0.3976E+00
 60.000  0.3625E+00
 53.130  0.3472E+00
 45.573  0.3507E+00
 36.870  0.3722E+00
 25.842  0.4109E+00
  0.000  0.4690E+00
