# Proton-Proton Scattering
# Angle vs. Cross-section (millibarns)
# 200 MeV

  0.000  0.5539E+01    
  9.000  0.4338E+01
 18.000  0.3556E+01    
 27.000  0.3702E+01    
 36.000  0.3751E+01     
 45.000  0.3778E+01  
 54.000  0.3795E+01    
 63.000  0.3795E+01
 72.000  0.3779E+01    
 81.000  0.3761E+01  
 90.000  0.3753E+01     
 99.000  0.3761E+01    
108.000  0.3779E+01     
117.000  0.3795E+01     
126.000  0.3795E+01     
135.000  0.3778E+01    
144.000  0.3751E+01     
153.000  0.3702E+01     
162.000  0.3556E+01     
171.000  0.4337E+01     
180.000  0.5539E+01 