# Proton-Proton Scattering
# Angle vs. Cross-section (millibarns)
# 350 MeV

  0.000  0.5675E+01   
  9.000  0.4463E+01     
 18.000  0.3969E+01     
 27.000  0.3931E+01     
 36.000  0.3920E+01    
 45.000  0.3920E+01     
 54.000  0.3899E+01     
 63.000  0.3845E+01     
 72.000  0.3774E+01     
 81.000  0.3718E+01     
 90.000  0.3698E+01     
 99.000  0.3718E+01     
108.000  0.3774E+01     
117.000  0.3845E+01     
126.000  0.3899E+01     
135.000  0.3920E+01     
144.000  0.3920E+01     
153.000  0.3931E+01     
162.000  0.3969E+01     
171.000  0.4463E+01     
180.000  0.5675E+01