# PI Charge Exchange
# Cos(ang) vs. Cross-section (millibarns)
# 1260 MeV

180.000  0.8313E+00
154.158  0.3687E+00
143.130  0.2622E+00
134.427  0.2766E+00
126.870  0.2925E+00
120.000  0.2698E+00
113.578  0.2138E+00
107.457  0.1497E+00
101.537  0.1036E+00
 95.739  0.9095E-01
 90.000  0.1111E+00
 84.261  0.1486E+00
 78.463  0.1806E+00
 72.543  0.1885E+00
 66.422  0.1691E+00
 60.000  0.1419E+00
 53.130  0.1474E+00
 45.573  0.2303E+00
 36.870  0.4009E+00
 25.842  0.5348E+00
  0.000  0.9185E-01
