# PI Charge Exchange
# Cos(ang) vs. Cross-section (millibarns)
# 1060 MeV

180.000  0.7837E+00
154.158  0.3650E+00
143.130  0.2842E+00
134.427  0.2996E+00
126.870  0.2994E+00
120.000  0.2537E+00
113.578  0.1765E+00
107.457  0.9833E-01
101.537  0.4883E-01
 95.739  0.4528E-01
 90.000  0.8801E-01
 84.261  0.1610E+00
 78.463  0.2374E+00
 72.543  0.2882E+00
 66.422  0.2939E+00
 60.000  0.2543E+00
 53.130  0.1955E+00
 45.573  0.1676E+00
 36.870  0.2243E+00
 25.842  0.3620E+00
  0.000  0.3539E+00
