# PI Charge Exchange
# Cos(ang) vs. Cross-section (millibarns)
# 1380 MeV

180.000  0.5200E+00
154.158  0.2651E+00
143.130  0.2184E+00
134.427  0.2283E+00
126.870  0.2293E+00
120.000  0.2065E+00
113.578  0.1698E+00
107.457  0.1371E+00
101.537  0.1230E+00
 95.739  0.1321E+00
 90.000  0.1565E+00
 84.261  0.1786E+00
 78.463  0.1802E+00
 72.543  0.1526E+00
 66.422  0.1054E+00
 60.000  0.6618E-01
 53.130  0.7188E-01
 45.573  0.1523E+00
 36.870  0.3129E+00
 25.842  0.4919E+00
  0.000  0.3525E+00
