# PI Charge Exchange
# Cos(ang) vs. Cross-section (millibarns)
# 160 MeV

180.000  0.8379E+01
154.158  0.7245E+01
143.130  0.6229E+01
134.427  0.5330E+01
126.870  0.4544E+01
120.000  0.3869E+01
113.578  0.3304E+01
107.457  0.2845E+01
101.537  0.2492E+01
 95.739  0.2242E+01
 90.000  0.2092E+01
 84.261  0.2042E+01
 78.463  0.2088E+01
 72.543  0.2230E+01
 66.422  0.2465E+01
 60.000  0.2790E+01
 53.130  0.3204E+01
 45.573  0.3703E+01
 36.870  0.4286E+01
 25.842  0.4950E+01
  0.000  0.5707E+01
