# PI Charge Exchange
# Cos(ang) vs. Cross-section (millibarns)
# 1300 MeV

180.000  0.7405E+00
154.158  0.3470E+00
143.130  0.2592E+00
134.427  0.2703E+00
126.870  0.2796E+00
120.000  0.2556E+00
113.578  0.2054E+00
107.457  0.1515E+00
101.537  0.1160E+00
 95.739  0.1105E+00
 90.000  0.1317E+00
 84.261  0.1630E+00
 78.463  0.1832E+00
 72.543  0.1770E+00
 66.422  0.1461E+00
 60.000  0.1140E+00
 53.130  0.1214E+00
 45.573  0.2091E+00
 36.870  0.3840E+00
 25.842  0.5344E+00
  0.000  0.1688E+00
