# PI Charge Exchange
# Cos(ang) vs. Cross-section (millibarns)
# 260 MeV

180.000  0.2041E+01
154.158  0.1729E+01
143.130  0.1449E+01
134.427  0.1206E+01
126.870  0.1001E+01
120.000  0.8377E+00
113.578  0.7195E+00
107.457  0.6489E+00
101.537  0.6291E+00
 95.739  0.6634E+00
 90.000  0.7555E+00
 84.261  0.9095E+00
 78.463  0.1130E+01
 72.543  0.1422E+01
 66.422  0.1790E+01
 60.000  0.2243E+01
 53.130  0.2786E+01
 45.573  0.3428E+01
 36.870  0.4178E+01
 25.842  0.5047E+01
  0.000  0.6055E+01
