# PI Charge Exchange
# Cos(ang) vs. Cross-section (millibarns)
# 230 MeV

180.000  0.3577E+01
154.158  0.3043E+01
143.130  0.2569E+01
134.427  0.2157E+01
126.870  0.1808E+01
120.000  0.1524E+01
113.578  0.1308E+01
107.457  0.1160E+01
101.537  0.1083E+01
 95.739  0.1080E+01
 90.000  0.1153E+01
 84.261  0.1303E+01
 78.463  0.1536E+01
 72.543  0.1853E+01
 66.422  0.2258E+01
 60.000  0.2756E+01
 53.130  0.3351E+01
 45.573  0.4049E+01
 36.870  0.4856E+01
 25.842  0.5778E+01
  0.000  0.6834E+01
