# PI Charge Exchange
# Cos(ang) vs. Cross-section (millibarns)
# 290 MeV

180.000  0.1142E+01
154.158  0.9721E+00
143.130  0.8160E+00
134.427  0.6781E+00
126.870  0.5622E+00
120.000  0.4720E+00
113.578  0.4109E+00
107.457  0.3828E+00
101.537  0.3912E+00
 95.739  0.4404E+00
 90.000  0.5349E+00
 84.261  0.6797E+00
 78.463  0.8804E+00
 72.543  0.1143E+01
 66.422  0.1476E+01
 60.000  0.1886E+01
 53.130  0.2383E+01
 45.573  0.2978E+01
 36.870  0.3682E+01
 25.842  0.4510E+01
  0.000  0.5484E+01
