# PI Charge Exchange
# Cos(ang) vs. Cross-section (millibarns)
# 740 MeV

180.000  0.4115E-01
154.158  0.8720E+00
143.130  0.1080E+01
134.427  0.9763E+00
126.870  0.7459E+00
120.000  0.4997E+00
113.578  0.2983E+00
107.457  0.1675E+00
101.537  0.1086E+00
 95.739  0.1065E+00
 90.000  0.1377E+00
 84.261  0.1771E+00
 78.463  0.2036E+00
 72.543  0.2047E+00
 66.422  0.1803E+00
 60.000  0.1454E+00
 53.130  0.1326E+00
 45.573  0.1957E+00
 36.870  0.4117E+00
 25.842  0.8779E+00
  0.000  0.1691E+01
