# PI Charge Exchange
# Cos(ang) vs. Cross-section (millibarns)
# 700 MeV

180.000  0.7059E-01
154.158  0.7153E+00
143.130  0.8795E+00
134.427  0.8014E+00
126.870  0.6241E+00
120.000  0.4328E+00
113.578  0.2750E+00
107.457  0.1716E+00
101.537  0.1251E+00
 95.739  0.1254E+00
 90.000  0.1557E+00
 84.261  0.1975E+00
 78.463  0.2346E+00
 72.543  0.2570E+00
 66.422  0.2632E+00
 60.000  0.2621E+00
 53.130  0.2755E+00
 45.573  0.3405E+00
 36.870  0.5117E+00
 25.842  0.8606E+00
  0.000  0.1465E+01
