# PI Charge Exchange
# Cos(ang) vs. Cross-section (millibarns)
# 820 MeV

180.000  0.1525E+00
154.158  0.1322E+01
143.130  0.1577E+01
134.427  0.1372E+01
126.870  0.9909E+00
120.000  0.6056E+00
113.578  0.3085E+00
107.457  0.1361E+00
101.537  0.8393E-01
 95.739  0.1210E+00
 90.000  0.2030E+00
 84.261  0.2839E+00
 78.463  0.3265E+00
 72.543  0.3110E+00
 66.422  0.2420E+00
 60.000  0.1543E+00
 53.130  0.1184E+00
 45.573  0.2452E+00
 36.870  0.6856E+00
 25.842  0.1618E+01
  0.000  0.3196E+01
