# PI Charge Exchange
# Cos(ang) vs. Cross-section (millibarns)
# 900 MeV

180.000  0.5648E+00
154.158  0.1190E+01
143.130  0.1308E+01
134.427  0.1125E+01
126.870  0.8076E+00
120.000  0.4786E+00
113.578  0.2192E+00
107.457  0.7123E-01
101.537  0.4153E-01
 95.739  0.1093E+00
 90.000  0.2347E+00
 84.261  0.3688E+00
 78.463  0.4643E+00
 72.543  0.4874E+00
 66.422  0.4286E+00
 60.000  0.3131E+00
 53.130  0.2098E+00
 45.573  0.2357E+00
 36.870  0.5546E+00
 25.842  0.1357E+01
  0.000  0.2795E+01
