# PI Charge Exchange
# Cos(ang) vs. Cross-section (millibarns)
# 940 MeV

180.000  0.7034E+00
154.158  0.8572E+00
143.130  0.8844E+00
134.427  0.7816E+00
126.870  0.5931E+00
120.000  0.3793E+00
113.578  0.1954E+00
107.457  0.8007E-01
101.537  0.5026E-01
 95.739  0.1008E+00
 90.000  0.2074E+00
 84.261  0.3324E+00
 78.463  0.4339E+00
 72.543  0.4762E+00
 66.422  0.4414E+00
 60.000  0.3407E+00
 53.130  0.2234E+00
 45.573  0.1813E+00
 36.870  0.3448E+00
 25.842  0.8602E+00
  0.000  0.1815E+01
