# K+N
# Angle vs. Cross-section (millibarns)
# 1200 MeV

  0.000  0.3388E+01
  5.000  0.3327E+01
 10.000  0.3152E+01
 15.000  0.2882E+01
 20.000  0.2548E+01
 25.000  0.2181E+01
 30.000  0.1811E+01
 35.000  0.1463E+01
 40.000  0.1153E+01
 45.000  0.8926E+00
 50.000  0.6852E+00
 55.000  0.5294E+00
 60.000  0.4191E+00
 65.000  0.3450E+00
 70.000  0.2966E+00
 75.000  0.2636E+00
 80.000  0.2379E+00
 85.000  0.2140E+00
 90.000  0.1897E+00
 95.000  0.1648E+00
100.000  0.1409E+00
105.000  0.1200E+00
110.000  0.1040E+00
115.000  0.9408E-01
120.000  0.9006E-01
125.000  0.9080E-01
130.000  0.9455E-01
135.000  0.9966E-01
140.000  0.1051E+00
145.000  0.1105E+00
150.000  0.1162E+00
155.000  0.1222E+00
160.000  0.1284E+00
165.000  0.1343E+00
170.000  0.1390E+00
175.000  0.1421E+00
180.000  0.1432E+00
