# K+N
# Angle vs. Cross-section (millibarns)
# 1400 MeV

  0.000  0.4577E+01
  5.000  0.4478E+01
 10.000  0.4197E+01
 15.000  0.3769E+01
 20.000  0.3245E+01
 25.000  0.2681E+01
 30.000  0.2126E+01
 35.000  0.1621E+01
 40.000  0.1192E+01
 45.000  0.8519E+00
 50.000  0.6027E+00
 55.000  0.4369E+00
 60.000  0.3395E+00
 65.000  0.2911E+00
 70.000  0.2719E+00
 75.000  0.2650E+00
 80.000  0.2592E+00
 85.000  0.2491E+00
 90.000  0.2340E+00
 95.000  0.2157E+00
100.000  0.1969E+00
105.000  0.1799E+00
110.000  0.1664E+00
115.000  0.1574E+00
120.000  0.1525E+00
125.000  0.1506E+00
130.000  0.1499E+00
135.000  0.1487E+00
140.000  0.1465E+00
145.000  0.1440E+00
150.000  0.1429E+00
155.000  0.1450E+00
160.000  0.1508E+00
165.000  0.1592E+00
170.000  0.1681E+00
175.000  0.1748E+00
180.000  0.1773E+00
