# K+N
# Angle vs. Cross-section (millibarns)
# 500 MeV

  0.000  0.1138E+01
  5.000  0.1135E+01
 10.000  0.1125E+01
 15.000  0.1110E+01
 20.000  0.1088E+01
 25.000  0.1061E+01
 30.000  0.1029E+01
 35.000  0.9916E+00
 40.000  0.9506E+00
 45.000  0.9068E+00
 50.000  0.8610E+00
 55.000  0.8145E+00
 60.000  0.7687E+00
 65.000  0.7250E+00
 70.000  0.6853E+00
 75.000  0.6512E+00
 80.000  0.6237E+00
 85.000  0.6032E+00
 90.000  0.5895E+00
 95.000  0.5814E+00
100.000  0.5775E+00
105.000  0.5764E+00
110.000  0.5767E+00
115.000  0.5776E+00
120.000  0.5787E+00
125.000  0.5795E+00
130.000  0.5797E+00
135.000  0.5784E+00
140.000  0.5745E+00
145.000  0.5664E+00
150.000  0.5530E+00
155.000  0.5343E+00
160.000  0.5114E+00
165.000  0.4872E+00
170.000  0.4657E+00
175.000  0.4508E+00
180.000  0.4455E+00
