# K+N
# Angle vs. Cross-section (millibarns)
# 900 MeV

  0.000  0.2687E+01
  5.000  0.2657E+01
 10.000  0.2570E+01
 15.000  0.2434E+01
 20.000  0.2260E+01
 25.000  0.2061E+01
 30.000  0.1849E+01
 35.000  0.1633E+01
 40.000  0.1423E+01
 45.000  0.1224E+01
 50.000  0.1041E+01
 55.000  0.8764E+00
 60.000  0.7328E+00
 65.000  0.6103E+00
 70.000  0.5083E+00
 75.000  0.4247E+00
 80.000  0.3567E+00
 85.000  0.3007E+00
 90.000  0.2536E+00
 95.000  0.2130E+00
100.000  0.1779E+00
105.000  0.1486E+00
110.000  0.1258E+00
115.000  0.1104E+00
120.000  0.1029E+00
125.000  0.1030E+00
130.000  0.1097E+00
135.000  0.1216E+00
140.000  0.1372E+00
145.000  0.1546E+00
150.000  0.1718E+00
155.000  0.1867E+00
160.000  0.1982E+00
165.000  0.2057E+00
170.000  0.2097E+00
175.000  0.2113E+00
180.000  0.2117E+00
