 # D13_1520 FF
     0.00000    -2.98118     4.20821    -3.13426     0.00000     0.00000     0.00000    -2.15421   -99.52577
     0.00500    -2.95972     4.15025    -3.06179     0.00000     0.00000     0.00000    -2.13283   -78.04676
     0.01000    -2.93826     4.09316    -2.99105     0.00000     0.00000     0.00000    -2.11176   -63.97268
     0.01500    -2.91681     4.03695    -2.92200     0.00000     0.00000     0.00000    -2.09101   -54.04071
     0.02000    -2.89538     3.98160    -2.85460     0.00000     0.00000     0.00000    -2.07056   -46.65939
     0.02500    -2.87398     3.92709    -2.78880     0.00000     0.00000     0.00000    -2.05041   -40.95993
     0.03000    -2.85262     3.87343    -2.72457     0.00000     0.00000     0.00000    -2.03055   -36.42784
     0.03500    -2.83130     3.82058    -2.66186     0.00000     0.00000     0.00000    -2.01098   -32.73901
     0.04000    -2.81003     3.76855    -2.60063     0.00000     0.00000     0.00000    -1.99169   -29.67914
     0.04500    -2.78882     3.71732    -2.54085     0.00000     0.00000     0.00000    -1.97267   -27.10084
     0.05000    -2.76768     3.66688    -2.48248     0.00000     0.00000     0.00000    -1.95393   -24.89942
     0.05500    -2.74661     3.61722    -2.42548     0.00000     0.00000     0.00000    -1.93546   -22.99847
     0.06000    -2.72562     3.56831    -2.36982     0.00000     0.00000     0.00000    -1.91724   -21.34092
     0.06500    -2.70471     3.52016    -2.31546     0.00000     0.00000     0.00000    -1.89928   -19.88327
     0.07000    -2.68389     3.47275    -2.26237     0.00000     0.00000     0.00000    -1.88157   -18.59180
     0.07500    -2.66316     3.42607    -2.21052     0.00000     0.00000     0.00000    -1.86411   -17.43997
     0.08000    -2.64252     3.38010    -2.15987     0.00000     0.00000     0.00000    -1.84689   -16.40658
     0.08500    -2.62199     3.33484    -2.11040     0.00000     0.00000     0.00000    -1.82991   -15.47452
     0.09000    -2.60156     3.29027    -2.06207     0.00000     0.00000     0.00000    -1.81316   -14.62982
     0.09500    -2.58123     3.24638    -2.01486     0.00000     0.00000     0.00000    -1.79663   -13.86095
     0.10000    -2.56102     3.20316    -1.96873     0.00000     0.00000     0.00000    -1.78034   -13.15833
     0.10500    -2.54091     3.16059    -1.92367     0.00000     0.00000     0.00000    -1.76426   -12.51392
     0.11000    -2.52092     3.11868    -1.87963     0.00000     0.00000     0.00000    -1.74841   -11.92092
     0.11500    -2.50105     3.07740    -1.83661     0.00000     0.00000     0.00000    -1.73276   -11.37356
     0.12000    -2.48129     3.03674    -1.79456     0.00000     0.00000     0.00000    -1.71732   -10.86689
     0.12500    -2.46166     2.99671    -1.75348     0.00000     0.00000     0.00000    -1.70209   -10.39665
     0.13000    -2.44215     2.95727    -1.71332     0.00000     0.00000     0.00000    -1.68706    -9.95915
     0.13500    -2.42276     2.91843    -1.67408     0.00000     0.00000     0.00000    -1.67223    -9.55118
     0.14000    -2.40350     2.88018    -1.63572     0.00000     0.00000     0.00000    -1.65759    -9.16994
     0.14500    -2.38436     2.84250    -1.59823     0.00000     0.00000     0.00000    -1.64315    -8.81297
     0.15000    -2.36535     2.80538    -1.56159     0.00000     0.00000     0.00000    -1.62889    -8.47809
     0.15500    -2.34647     2.76882    -1.52576     0.00000     0.00000     0.00000    -1.61482    -8.16339
     0.16000    -2.32772     2.73281    -1.49074     0.00000     0.00000     0.00000    -1.60093    -7.86716
     0.16500    -2.30910     2.69733    -1.45651     0.00000     0.00000     0.00000    -1.58722    -7.58788
     0.17000    -2.29061     2.66238    -1.42303     0.00000     0.00000     0.00000    -1.57368    -7.32418
     0.17500    -2.27225     2.62795    -1.39030     0.00000     0.00000     0.00000    -1.56032    -7.07486
     0.18000    -2.25403     2.59403    -1.35830     0.00000     0.00000     0.00000    -1.54712    -6.83881
     0.18500    -2.23593     2.56061    -1.32701     0.00000     0.00000     0.00000    -1.53409    -6.61505
     0.19000    -2.21797     2.52768    -1.29642     0.00000     0.00000     0.00000    -1.52123    -6.40268
     0.19500    -2.20015     2.49524    -1.26650     0.00000     0.00000     0.00000    -1.50852    -6.20090
     0.20000    -2.18245     2.46327    -1.23724     0.00000     0.00000     0.00000    -1.49598    -6.00897
     0.20500    -2.16489     2.43177    -1.20862     0.00000     0.00000     0.00000    -1.48359    -5.82621
     0.21000    -2.14746     2.40073    -1.18063     0.00000     0.00000     0.00000    -1.47135    -5.65202
     0.21500    -2.13016     2.37015    -1.15326     0.00000     0.00000     0.00000    -1.45927    -5.48585
     0.22000    -2.11300     2.34001    -1.12648     0.00000     0.00000     0.00000    -1.44733    -5.32717
     0.22500    -2.09597     2.31031    -1.10029     0.00000     0.00000     0.00000    -1.43554    -5.17551
     0.23000    -2.07907     2.28104    -1.07467     0.00000     0.00000     0.00000    -1.42389    -5.03046
     0.23500    -2.06231     2.25219    -1.04961     0.00000     0.00000     0.00000    -1.41239    -4.89160
     0.24000    -2.04567     2.22376    -1.02510     0.00000     0.00000     0.00000    -1.40102    -4.75857
     0.24500    -2.02917     2.19574    -1.00111     0.00000     0.00000     0.00000    -1.38979    -4.63104
     0.25000    -2.01280     2.16812    -0.97765     0.00000     0.00000     0.00000    -1.37869    -4.50869
     0.25500    -1.99656     2.14090    -0.95469     0.00000     0.00000     0.00000    -1.36773    -4.39123
     0.26000    -1.98045     2.11406    -0.93223     0.00000     0.00000     0.00000    -1.35690    -4.27839
     0.26500    -1.96447     2.08761    -0.91026     0.00000     0.00000     0.00000    -1.34619    -4.16991
     0.27000    -1.94862     2.06154    -0.88876     0.00000     0.00000     0.00000    -1.33561    -4.06558
     0.27500    -1.93290     2.03584    -0.86772     0.00000     0.00000     0.00000    -1.32516    -3.96516
     0.28000    -1.91731     2.01050    -0.84713     0.00000     0.00000     0.00000    -1.31483    -3.86847
     0.28500    -1.90184     1.98553    -0.82698     0.00000     0.00000     0.00000    -1.30461    -3.77530
     0.29000    -1.88650     1.96090    -0.80727     0.00000     0.00000     0.00000    -1.29452    -3.68548
     0.29500    -1.87129     1.93663    -0.78798     0.00000     0.00000     0.00000    -1.28454    -3.59885
     0.30000    -1.85621     1.91269    -0.76910     0.00000     0.00000     0.00000    -1.27468    -3.51525
     0.30500    -1.84124     1.88909    -0.75062     0.00000     0.00000     0.00000    -1.26493    -3.43454
     0.31000    -1.82641     1.86582    -0.73254     0.00000     0.00000     0.00000    -1.25529    -3.35658
     0.31500    -1.81169     1.84288    -0.71484     0.00000     0.00000     0.00000    -1.24577    -3.28124
     0.32000    -1.79710     1.82026    -0.69751     0.00000     0.00000     0.00000    -1.23635    -3.20841
     0.32500    -1.78264     1.79795    -0.68056     0.00000     0.00000     0.00000    -1.22703    -3.13796
     0.33000    -1.76829     1.77596    -0.66397     0.00000     0.00000     0.00000    -1.21782    -3.06980
     0.33500    -1.75406     1.75427    -0.64772     0.00000     0.00000     0.00000    -1.20872    -3.00382
     0.34000    -1.73996     1.73288    -0.63182     0.00000     0.00000     0.00000    -1.19972    -2.93993
     0.34500    -1.72597     1.71178    -0.61626     0.00000     0.00000     0.00000    -1.19081    -2.87803
     0.35000    -1.71210     1.69098    -0.60103     0.00000     0.00000     0.00000    -1.18201    -2.81805
     0.35500    -1.69835     1.67047    -0.58611     0.00000     0.00000     0.00000    -1.17330    -2.75989
     0.36000    -1.68472     1.65023    -0.57152     0.00000     0.00000     0.00000    -1.16469    -2.70350
     0.36500    -1.67120     1.63028    -0.55723     0.00000     0.00000     0.00000    -1.15617    -2.64879
     0.37000    -1.65780     1.61059    -0.54324     0.00000     0.00000     0.00000    -1.14775    -2.59570
     0.37500    -1.64451     1.59118    -0.52954     0.00000     0.00000     0.00000    -1.13942    -2.54416
     0.38000    -1.63134     1.57203    -0.51614     0.00000     0.00000     0.00000    -1.13118    -2.49411
     0.38500    -1.61827     1.55314    -0.50301     0.00000     0.00000     0.00000    -1.12302    -2.44549
     0.39000    -1.60532     1.53451    -0.49016     0.00000     0.00000     0.00000    -1.11496    -2.39825
     0.39500    -1.59248     1.51613    -0.47758     0.00000     0.00000     0.00000    -1.10698    -2.35233
     0.40000    -1.57975     1.49800    -0.46527     0.00000     0.00000     0.00000    -1.09909    -2.30769
     0.40500    -1.56713     1.48012    -0.45321     0.00000     0.00000     0.00000    -1.09128    -2.26428
     0.41000    -1.55462     1.46247    -0.44141     0.00000     0.00000     0.00000    -1.08355    -2.22205
     0.41500    -1.54222     1.44507    -0.42985     0.00000     0.00000     0.00000    -1.07591    -2.18096
     0.42000    -1.52992     1.42790    -0.41853     0.00000     0.00000     0.00000    -1.06834    -2.14096
     0.42500    -1.51773     1.41096    -0.40745     0.00000     0.00000     0.00000    -1.06086    -2.10203
     0.43000    -1.50565     1.39424    -0.39661     0.00000     0.00000     0.00000    -1.05345    -2.06411
     0.43500    -1.49366     1.37775    -0.38599     0.00000     0.00000     0.00000    -1.04613    -2.02718
     0.44000    -1.48179     1.36148    -0.37559     0.00000     0.00000     0.00000    -1.03887    -1.99120
     0.44500    -1.47001     1.34543    -0.36541     0.00000     0.00000     0.00000    -1.03170    -1.95614
     0.45000    -1.45834     1.32959    -0.35544     0.00000     0.00000     0.00000    -1.02459    -1.92196
     0.45500    -1.44676     1.31396    -0.34568     0.00000     0.00000     0.00000    -1.01756    -1.88864
     0.46000    -1.43529     1.29854    -0.33612     0.00000     0.00000     0.00000    -1.01061    -1.85615
     0.46500    -1.42392     1.28332    -0.32677     0.00000     0.00000     0.00000    -1.00372    -1.82446
     0.47000    -1.41264     1.26830    -0.31760     0.00000     0.00000     0.00000    -0.99690    -1.79354
     0.47500    -1.40146     1.25348    -0.30863     0.00000     0.00000     0.00000    -0.99016    -1.76337
     0.48000    -1.39038     1.23886    -0.29985     0.00000     0.00000     0.00000    -0.98348    -1.73393
     0.48500    -1.37940     1.22443    -0.29125     0.00000     0.00000     0.00000    -0.97687    -1.70519
     0.49000    -1.36851     1.21018    -0.28283     0.00000     0.00000     0.00000    -0.97032    -1.67713
     0.49500    -1.35772     1.19613    -0.27459     0.00000     0.00000     0.00000    -0.96384    -1.64972
     0.50000    -1.34701     1.18225    -0.26652     0.00000     0.00000     0.00000    -0.95743    -1.62296
     0.50500    -1.33640     1.16856    -0.25861     0.00000     0.00000     0.00000    -0.95108    -1.59681
     0.51000    -1.32589     1.15505    -0.25088     0.00000     0.00000     0.00000    -0.94479    -1.57126
     0.51500    -1.31546     1.14171    -0.24330     0.00000     0.00000     0.00000    -0.93856    -1.54629
     0.52000    -1.30513     1.12855    -0.23588     0.00000     0.00000     0.00000    -0.93240    -1.52189
     0.52500    -1.29488     1.11556    -0.22862     0.00000     0.00000     0.00000    -0.92629    -1.49803
     0.53000    -1.28472     1.10273    -0.22151     0.00000     0.00000     0.00000    -0.92025    -1.47470
     0.53500    -1.27466     1.09007    -0.21454     0.00000     0.00000     0.00000    -0.91426    -1.45189
     0.54000    -1.26467     1.07758    -0.20773     0.00000     0.00000     0.00000    -0.90834    -1.42957
     0.54500    -1.25478     1.06524    -0.20106     0.00000     0.00000     0.00000    -0.90247    -1.40774
     0.55000    -1.24497     1.05307    -0.19452     0.00000     0.00000     0.00000    -0.89665    -1.38639
     0.55500    -1.23524     1.04105    -0.18812     0.00000     0.00000     0.00000    -0.89090    -1.36549
     0.56000    -1.22560     1.02918    -0.18186     0.00000     0.00000     0.00000    -0.88519    -1.34503
     0.56500    -1.21605     1.01747    -0.17573     0.00000     0.00000     0.00000    -0.87955    -1.32501
     0.57000    -1.20657     1.00591    -0.16973     0.00000     0.00000     0.00000    -0.87395    -1.30541
     0.57500    -1.19718     0.99449    -0.16385     0.00000     0.00000     0.00000    -0.86841    -1.28622
     0.58000    -1.18787     0.98322    -0.15810     0.00000     0.00000     0.00000    -0.86293    -1.26742
     0.58500    -1.17864     0.97209    -0.15247     0.00000     0.00000     0.00000    -0.85749    -1.24901
     0.59000    -1.16949     0.96111    -0.14696     0.00000     0.00000     0.00000    -0.85211    -1.23098
     0.59500    -1.16042     0.95026    -0.14156     0.00000     0.00000     0.00000    -0.84677    -1.21331
     0.60000    -1.15142     0.93955    -0.13628     0.00000     0.00000     0.00000    -0.84149    -1.19600
     0.60500    -1.14251     0.92898    -0.13111     0.00000     0.00000     0.00000    -0.83625    -1.17904
     0.61000    -1.13367     0.91854    -0.12605     0.00000     0.00000     0.00000    -0.83107    -1.16241
     0.61500    -1.12490     0.90823    -0.12110     0.00000     0.00000     0.00000    -0.82593    -1.14612
     0.62000    -1.11622     0.89805    -0.11625     0.00000     0.00000     0.00000    -0.82084    -1.13014
     0.62500    -1.10760     0.88800    -0.11150     0.00000     0.00000     0.00000    -0.81580    -1.11448
     0.63000    -1.09907     0.87807    -0.10686     0.00000     0.00000     0.00000    -0.81080    -1.09912
     0.63500    -1.09060     0.86827    -0.10231     0.00000     0.00000     0.00000    -0.80585    -1.08405
     0.64000    -1.08221     0.85859    -0.09787     0.00000     0.00000     0.00000    -0.80094    -1.06928
     0.64500    -1.07389     0.84904    -0.09351     0.00000     0.00000     0.00000    -0.79608    -1.05479
     0.65000    -1.06564     0.83960    -0.08925     0.00000     0.00000     0.00000    -0.79126    -1.04057
     0.65500    -1.05746     0.83028    -0.08508     0.00000     0.00000     0.00000    -0.78649    -1.02662
     0.66000    -1.04936     0.82107    -0.08100     0.00000     0.00000     0.00000    -0.78176    -1.01293
     0.66500    -1.04132     0.81198    -0.07701     0.00000     0.00000     0.00000    -0.77707    -0.99950
     0.67000    -1.03335     0.80301    -0.07310     0.00000     0.00000     0.00000    -0.77242    -0.98631
     0.67500    -1.02545     0.79414    -0.06928     0.00000     0.00000     0.00000    -0.76782    -0.97337
     0.68000    -1.01761     0.78538    -0.06554     0.00000     0.00000     0.00000    -0.76325    -0.96066
     0.68500    -1.00985     0.77673    -0.06189     0.00000     0.00000     0.00000    -0.75873    -0.94819
     0.69000    -1.00215     0.76819    -0.05831     0.00000     0.00000     0.00000    -0.75425    -0.93594
     0.69500    -0.99452     0.75976    -0.05481     0.00000     0.00000     0.00000    -0.74981    -0.92391
     0.70000    -0.98695     0.75142    -0.05138     0.00000     0.00000     0.00000    -0.74540    -0.91210
     0.70500    -0.97944     0.74319    -0.04803     0.00000     0.00000     0.00000    -0.74104    -0.90049
     0.71000    -0.97200     0.73506    -0.04475     0.00000     0.00000     0.00000    -0.73671    -0.88909
     0.71500    -0.96463     0.72703    -0.04155     0.00000     0.00000     0.00000    -0.73242    -0.87790
     0.72000    -0.95731     0.71910    -0.03841     0.00000     0.00000     0.00000    -0.72817    -0.86690
     0.72500    -0.95006     0.71126    -0.03535     0.00000     0.00000     0.00000    -0.72395    -0.85609
     0.73000    -0.94287     0.70352    -0.03235     0.00000     0.00000     0.00000    -0.71977    -0.84546
     0.73500    -0.93574     0.69588    -0.02942     0.00000     0.00000     0.00000    -0.71563    -0.83502
     0.74000    -0.92867     0.68833    -0.02655     0.00000     0.00000     0.00000    -0.71152    -0.82476
     0.74500    -0.92166     0.68086    -0.02375     0.00000     0.00000     0.00000    -0.70745    -0.81468
     0.75000    -0.91472     0.67349    -0.02101     0.00000     0.00000     0.00000    -0.70342    -0.80476
     0.75500    -0.90782     0.66621    -0.01833     0.00000     0.00000     0.00000    -0.69941    -0.79501
     0.76000    -0.90099     0.65902    -0.01571     0.00000     0.00000     0.00000    -0.69544    -0.78543
     0.76500    -0.89422     0.65191    -0.01315     0.00000     0.00000     0.00000    -0.69151    -0.77600
     0.77000    -0.88750     0.64489    -0.01065     0.00000     0.00000     0.00000    -0.68761    -0.76674
     0.77500    -0.88084     0.63796    -0.00821     0.00000     0.00000     0.00000    -0.68374    -0.75762
     0.78000    -0.87424     0.63110    -0.00582     0.00000     0.00000     0.00000    -0.67990    -0.74866
     0.78500    -0.86769     0.62433    -0.00348     0.00000     0.00000     0.00000    -0.67610    -0.73984
     0.79000    -0.86120     0.61764    -0.00120     0.00000     0.00000     0.00000    -0.67233    -0.73117
     0.79500    -0.85476     0.61103     0.00103     0.00000     0.00000     0.00000    -0.66859    -0.72263
     0.80000    -0.84837     0.60450     0.00321     0.00000     0.00000     0.00000    -0.66488    -0.71424
     0.80500    -0.84204     0.59805     0.00534     0.00000     0.00000     0.00000    -0.66120    -0.70597
     0.81000    -0.83576     0.59167     0.00742     0.00000     0.00000     0.00000    -0.65755    -0.69785
     0.81500    -0.82954     0.58537     0.00945     0.00000     0.00000     0.00000    -0.65394    -0.68984
     0.82000    -0.82337     0.57915     0.01143     0.00000     0.00000     0.00000    -0.65035    -0.68197
     0.82500    -0.81724     0.57300     0.01337     0.00000     0.00000     0.00000    -0.64679    -0.67422
     0.83000    -0.81117     0.56692     0.01526     0.00000     0.00000     0.00000    -0.64326    -0.66659
     0.83500    -0.80516     0.56091     0.01710     0.00000     0.00000     0.00000    -0.63976    -0.65908
     0.84000    -0.79919     0.55498     0.01891     0.00000     0.00000     0.00000    -0.63629    -0.65169
     0.84500    -0.79327     0.54911     0.02067     0.00000     0.00000     0.00000    -0.63284    -0.64441
     0.85000    -0.78740     0.54332     0.02238     0.00000     0.00000     0.00000    -0.62943    -0.63725
     0.85500    -0.78158     0.53759     0.02406     0.00000     0.00000     0.00000    -0.62604    -0.63019
     0.86000    -0.77580     0.53193     0.02569     0.00000     0.00000     0.00000    -0.62268    -0.62324
     0.86500    -0.77008     0.52634     0.02729     0.00000     0.00000     0.00000    -0.61934    -0.61640
     0.87000    -0.76440     0.52081     0.02885     0.00000     0.00000     0.00000    -0.61603    -0.60966
     0.87500    -0.75877     0.51535     0.03036     0.00000     0.00000     0.00000    -0.61275    -0.60302
     0.88000    -0.75319     0.50995     0.03185     0.00000     0.00000     0.00000    -0.60950    -0.59648
     0.88500    -0.74765     0.50461     0.03329     0.00000     0.00000     0.00000    -0.60627    -0.59004
     0.89000    -0.74216     0.49934     0.03470     0.00000     0.00000     0.00000    -0.60307    -0.58369
     0.89500    -0.73671     0.49413     0.03607     0.00000     0.00000     0.00000    -0.59989    -0.57744
     0.90000    -0.73131     0.48898     0.03741     0.00000     0.00000     0.00000    -0.59673    -0.57128
     0.90500    -0.72595     0.48388     0.03871     0.00000     0.00000     0.00000    -0.59361    -0.56521
     0.91000    -0.72064     0.47885     0.03998     0.00000     0.00000     0.00000    -0.59050    -0.55923
     0.91500    -0.71537     0.47388     0.04122     0.00000     0.00000     0.00000    -0.58742    -0.55334
     0.92000    -0.71015     0.46896     0.04243     0.00000     0.00000     0.00000    -0.58437    -0.54753
     0.92500    -0.70497     0.46410     0.04360     0.00000     0.00000     0.00000    -0.58134    -0.54180
     0.93000    -0.69983     0.45930     0.04475     0.00000     0.00000     0.00000    -0.57833    -0.53616
     0.93500    -0.69473     0.45455     0.04586     0.00000     0.00000     0.00000    -0.57534    -0.53060
     0.94000    -0.68967     0.44986     0.04694     0.00000     0.00000     0.00000    -0.57238    -0.52511
     0.94500    -0.68466     0.44522     0.04800     0.00000     0.00000     0.00000    -0.56944    -0.51971
     0.95000    -0.67968     0.44063     0.04903     0.00000     0.00000     0.00000    -0.56652    -0.51438
     0.95500    -0.67475     0.43610     0.05003     0.00000     0.00000     0.00000    -0.56363    -0.50912
     0.96000    -0.66986     0.43162     0.05100     0.00000     0.00000     0.00000    -0.56076    -0.50394
     0.96500    -0.66500     0.42719     0.05194     0.00000     0.00000     0.00000    -0.55791    -0.49883
     0.97000    -0.66019     0.42281     0.05286     0.00000     0.00000     0.00000    -0.55508    -0.49379
     0.97500    -0.65542     0.41848     0.05375     0.00000     0.00000     0.00000    -0.55227    -0.48883
     0.98000    -0.65068     0.41420     0.05462     0.00000     0.00000     0.00000    -0.54949    -0.48393
     0.98500    -0.64598     0.40997     0.05546     0.00000     0.00000     0.00000    -0.54672    -0.47909
     0.99000    -0.64133     0.40579     0.05628     0.00000     0.00000     0.00000    -0.54398    -0.47433
     0.99500    -0.63670     0.40165     0.05708     0.00000     0.00000     0.00000    -0.54126    -0.46962
     1.00000    -0.63212     0.39756     0.05785     0.00000     0.00000     0.00000    -0.53855    -0.46499
     1.00500    -0.62757     0.39352     0.05860     0.00000     0.00000     0.00000    -0.53587    -0.46041
     1.01000    -0.62306     0.38952     0.05932     0.00000     0.00000     0.00000    -0.53321    -0.45590
     1.01500    -0.61859     0.38557     0.06003     0.00000     0.00000     0.00000    -0.53056    -0.45144
     1.02000    -0.61415     0.38167     0.06071     0.00000     0.00000     0.00000    -0.52794    -0.44705
     1.02500    -0.60975     0.37780     0.06137     0.00000     0.00000     0.00000    -0.52534    -0.44272
     1.03000    -0.60539     0.37399     0.06201     0.00000     0.00000     0.00000    -0.52275    -0.43844
     1.03500    -0.60105     0.37021     0.06263     0.00000     0.00000     0.00000    -0.52019    -0.43422
     1.04000    -0.59676     0.36648     0.06323     0.00000     0.00000     0.00000    -0.51764    -0.43005
     1.04500    -0.59250     0.36278     0.06381     0.00000     0.00000     0.00000    -0.51511    -0.42594
     1.05000    -0.58827     0.35913     0.06438     0.00000     0.00000     0.00000    -0.51260    -0.42188
     1.05500    -0.58407     0.35553     0.06492     0.00000     0.00000     0.00000    -0.51011    -0.41788
     1.06000    -0.57991     0.35196     0.06544     0.00000     0.00000     0.00000    -0.50764    -0.41392
     1.06500    -0.57579     0.34843     0.06595     0.00000     0.00000     0.00000    -0.50518    -0.41002
     1.07000    -0.57169     0.34494     0.06644     0.00000     0.00000     0.00000    -0.50274    -0.40617
     1.07500    -0.56763     0.34149     0.06691     0.00000     0.00000     0.00000    -0.50032    -0.40237
     1.08000    -0.56360     0.33808     0.06737     0.00000     0.00000     0.00000    -0.49792    -0.39861
     1.08500    -0.55960     0.33470     0.06780     0.00000     0.00000     0.00000    -0.49554    -0.39491
     1.09000    -0.55564     0.33136     0.06823     0.00000     0.00000     0.00000    -0.49317    -0.39125
     1.09500    -0.55170     0.32806     0.06863     0.00000     0.00000     0.00000    -0.49082    -0.38764
     1.10000    -0.54780     0.32480     0.06902     0.00000     0.00000     0.00000    -0.48848    -0.38407
     1.10500    -0.54393     0.32157     0.06940     0.00000     0.00000     0.00000    -0.48617    -0.38055
     1.11000    -0.54009     0.31838     0.06976     0.00000     0.00000     0.00000    -0.48386    -0.37707
     1.11500    -0.53628     0.31523     0.07010     0.00000     0.00000     0.00000    -0.48158    -0.37363
     1.12000    -0.53250     0.31211     0.07044     0.00000     0.00000     0.00000    -0.47931    -0.37024
     1.12500    -0.52875     0.30902     0.07075     0.00000     0.00000     0.00000    -0.47706    -0.36689
     1.13000    -0.52503     0.30597     0.07106     0.00000     0.00000     0.00000    -0.47482    -0.36358
     1.13500    -0.52133     0.30295     0.07135     0.00000     0.00000     0.00000    -0.47260    -0.36031
     1.14000    -0.51767     0.29996     0.07162     0.00000     0.00000     0.00000    -0.47039    -0.35708
     1.14500    -0.51404     0.29701     0.07189     0.00000     0.00000     0.00000    -0.46820    -0.35389
     1.15000    -0.51043     0.29409     0.07214     0.00000     0.00000     0.00000    -0.46603    -0.35074
     1.15500    -0.50685     0.29120     0.07238     0.00000     0.00000     0.00000    -0.46387    -0.34763
     1.16000    -0.50330     0.28834     0.07260     0.00000     0.00000     0.00000    -0.46172    -0.34455
     1.16500    -0.49978     0.28551     0.07282     0.00000     0.00000     0.00000    -0.45959    -0.34152
     1.17000    -0.49629     0.28272     0.07302     0.00000     0.00000     0.00000    -0.45748    -0.33851
     1.17500    -0.49282     0.27995     0.07321     0.00000     0.00000     0.00000    -0.45538    -0.33555
     1.18000    -0.48938     0.27722     0.07339     0.00000     0.00000     0.00000    -0.45329    -0.33262
     1.18500    -0.48597     0.27451     0.07356     0.00000     0.00000     0.00000    -0.45122    -0.32972
     1.19000    -0.48258     0.27183     0.07372     0.00000     0.00000     0.00000    -0.44916    -0.32686
     1.19500    -0.47922     0.26919     0.07386     0.00000     0.00000     0.00000    -0.44711    -0.32403
     1.20000    -0.47589     0.26657     0.07400     0.00000     0.00000     0.00000    -0.44508    -0.32124
     1.20500    -0.47258     0.26398     0.07413     0.00000     0.00000     0.00000    -0.44307    -0.31848
     1.21000    -0.46930     0.26142     0.07425     0.00000     0.00000     0.00000    -0.44107    -0.31575
     1.21500    -0.46604     0.25888     0.07435     0.00000     0.00000     0.00000    -0.43908    -0.31305
     1.22000    -0.46281     0.25637     0.07445     0.00000     0.00000     0.00000    -0.43710    -0.31039
     1.22500    -0.45960     0.25389     0.07454     0.00000     0.00000     0.00000    -0.43514    -0.30775
     1.23000    -0.45642     0.25144     0.07462     0.00000     0.00000     0.00000    -0.43319    -0.30514
     1.23500    -0.45326     0.24901     0.07469     0.00000     0.00000     0.00000    -0.43125    -0.30257
     1.24000    -0.45013     0.24661     0.07475     0.00000     0.00000     0.00000    -0.42933    -0.30002
     1.24500    -0.44702     0.24424     0.07481     0.00000     0.00000     0.00000    -0.42742    -0.29751
     1.25000    -0.44394     0.24189     0.07485     0.00000     0.00000     0.00000    -0.42552    -0.29502
     1.25500    -0.44087     0.23956     0.07489     0.00000     0.00000     0.00000    -0.42364    -0.29256
     1.26000    -0.43784     0.23726     0.07492     0.00000     0.00000     0.00000    -0.42177    -0.29013
     1.26500    -0.43482     0.23499     0.07494     0.00000     0.00000     0.00000    -0.41991    -0.28772
     1.27000    -0.43183     0.23273     0.07495     0.00000     0.00000     0.00000    -0.41806    -0.28535
     1.27500    -0.42886     0.23051     0.07496     0.00000     0.00000     0.00000    -0.41622    -0.28300
     1.28000    -0.42592     0.22830     0.07496     0.00000     0.00000     0.00000    -0.41440    -0.28067
     1.28500    -0.42299     0.22612     0.07495     0.00000     0.00000     0.00000    -0.41259    -0.27837
     1.29000    -0.42009     0.22397     0.07494     0.00000     0.00000     0.00000    -0.41079    -0.27610
     1.29500    -0.41721     0.22183     0.07492     0.00000     0.00000     0.00000    -0.40900    -0.27385
     1.30000    -0.41436     0.21972     0.07489     0.00000     0.00000     0.00000    -0.40722    -0.27163
     1.30500    -0.41152     0.21763     0.07485     0.00000     0.00000     0.00000    -0.40546    -0.26943
     1.31000    -0.40871     0.21556     0.07481     0.00000     0.00000     0.00000    -0.40370    -0.26726
     1.31500    -0.40591     0.21352     0.07476     0.00000     0.00000     0.00000    -0.40196    -0.26511
     1.32000    -0.40314     0.21149     0.07471     0.00000     0.00000     0.00000    -0.40023    -0.26298
     1.32500    -0.40039     0.20949     0.07465     0.00000     0.00000     0.00000    -0.39851    -0.26088
     1.33000    -0.39766     0.20751     0.07458     0.00000     0.00000     0.00000    -0.39680    -0.25879
     1.33500    -0.39495     0.20555     0.07451     0.00000     0.00000     0.00000    -0.39511    -0.25674
     1.34000    -0.39226     0.20361     0.07444     0.00000     0.00000     0.00000    -0.39342    -0.25470
     1.34500    -0.38960     0.20169     0.07436     0.00000     0.00000     0.00000    -0.39174    -0.25269
     1.35000    -0.38695     0.19979     0.07427     0.00000     0.00000     0.00000    -0.39008    -0.25069
     1.35500    -0.38432     0.19791     0.07418     0.00000     0.00000     0.00000    -0.38842    -0.24872
     1.36000    -0.38171     0.19605     0.07408     0.00000     0.00000     0.00000    -0.38678    -0.24677
     1.36500    -0.37912     0.19420     0.07398     0.00000     0.00000     0.00000    -0.38515    -0.24484
     1.37000    -0.37655     0.19238     0.07387     0.00000     0.00000     0.00000    -0.38352    -0.24293
     1.37500    -0.37400     0.19058     0.07376     0.00000     0.00000     0.00000    -0.38191    -0.24104
     1.38000    -0.37147     0.18879     0.07364     0.00000     0.00000     0.00000    -0.38031    -0.23917
     1.38500    -0.36896     0.18703     0.07352     0.00000     0.00000     0.00000    -0.37871    -0.23732
     1.39000    -0.36647     0.18528     0.07340     0.00000     0.00000     0.00000    -0.37713    -0.23549
     1.39500    -0.36399     0.18355     0.07327     0.00000     0.00000     0.00000    -0.37556    -0.23368
     1.40000    -0.36154     0.18184     0.07313     0.00000     0.00000     0.00000    -0.37399    -0.23189
     1.40500    -0.35910     0.18015     0.07299     0.00000     0.00000     0.00000    -0.37244    -0.23011
     1.41000    -0.35668     0.17847     0.07285     0.00000     0.00000     0.00000    -0.37090    -0.22836
     1.41500    -0.35428     0.17681     0.07271     0.00000     0.00000     0.00000    -0.36936    -0.22662
     1.42000    -0.35189     0.17517     0.07256     0.00000     0.00000     0.00000    -0.36784    -0.22490
     1.42500    -0.34953     0.17354     0.07241     0.00000     0.00000     0.00000    -0.36632    -0.22320
     1.43000    -0.34718     0.17194     0.07225     0.00000     0.00000     0.00000    -0.36482    -0.22151
     1.43500    -0.34485     0.17034     0.07209     0.00000     0.00000     0.00000    -0.36332    -0.21985
     1.44000    -0.34254     0.16877     0.07193     0.00000     0.00000     0.00000    -0.36183    -0.21820
     1.44500    -0.34024     0.16721     0.07176     0.00000     0.00000     0.00000    -0.36035    -0.21656
     1.45000    -0.33796     0.16567     0.07159     0.00000     0.00000     0.00000    -0.35889    -0.21494
     1.45500    -0.33570     0.16414     0.07142     0.00000     0.00000     0.00000    -0.35743    -0.21334
     1.46000    -0.33345     0.16263     0.07124     0.00000     0.00000     0.00000    -0.35597    -0.21176
     1.46500    -0.33122     0.16113     0.07106     0.00000     0.00000     0.00000    -0.35453    -0.21019
     1.47000    -0.32901     0.15965     0.07088     0.00000     0.00000     0.00000    -0.35310    -0.20864
     1.47500    -0.32681     0.15818     0.07070     0.00000     0.00000     0.00000    -0.35167    -0.20710
     1.48000    -0.32463     0.15673     0.07051     0.00000     0.00000     0.00000    -0.35026    -0.20558
     1.48500    -0.32246     0.15530     0.07032     0.00000     0.00000     0.00000    -0.34885    -0.20407
     1.49000    -0.32031     0.15387     0.07013     0.00000     0.00000     0.00000    -0.34745    -0.20258
     1.49500    -0.31818     0.15247     0.06993     0.00000     0.00000     0.00000    -0.34606    -0.20110
     1.50000    -0.31606     0.15107     0.06974     0.00000     0.00000     0.00000    -0.34467    -0.19964
     1.50500    -0.31396     0.14969     0.06954     0.00000     0.00000     0.00000    -0.34330    -0.19819
     1.51000    -0.31188     0.14833     0.06934     0.00000     0.00000     0.00000    -0.34193    -0.19676
     1.51500    -0.30980     0.14698     0.06913     0.00000     0.00000     0.00000    -0.34057    -0.19533
     1.52000    -0.30775     0.14564     0.06893     0.00000     0.00000     0.00000    -0.33922    -0.19393
     1.52500    -0.30571     0.14431     0.06872     0.00000     0.00000     0.00000    -0.33788    -0.19254
     1.53000    -0.30368     0.14300     0.06851     0.00000     0.00000     0.00000    -0.33655    -0.19116
     1.53500    -0.30167     0.14170     0.06830     0.00000     0.00000     0.00000    -0.33522    -0.18979
     1.54000    -0.29967     0.14042     0.06808     0.00000     0.00000     0.00000    -0.33390    -0.18844
     1.54500    -0.29769     0.13915     0.06787     0.00000     0.00000     0.00000    -0.33259    -0.18710
     1.55000    -0.29572     0.13789     0.06765     0.00000     0.00000     0.00000    -0.33129    -0.18577
     1.55500    -0.29376     0.13664     0.06743     0.00000     0.00000     0.00000    -0.32999    -0.18446
     1.56000    -0.29182     0.13541     0.06721     0.00000     0.00000     0.00000    -0.32871    -0.18316
     1.56500    -0.28990     0.13419     0.06699     0.00000     0.00000     0.00000    -0.32743    -0.18187
     1.57000    -0.28799     0.13298     0.06676     0.00000     0.00000     0.00000    -0.32615    -0.18059
     1.57500    -0.28609     0.13178     0.06654     0.00000     0.00000     0.00000    -0.32489    -0.17932
     1.58000    -0.28420     0.13059     0.06631     0.00000     0.00000     0.00000    -0.32363    -0.17807
     1.58500    -0.28233     0.12942     0.06608     0.00000     0.00000     0.00000    -0.32238    -0.17683
     1.59000    -0.28048     0.12826     0.06585     0.00000     0.00000     0.00000    -0.32114    -0.17560
     1.59500    -0.27863     0.12711     0.06562     0.00000     0.00000     0.00000    -0.31990    -0.17438
     1.60000    -0.27680     0.12597     0.06539     0.00000     0.00000     0.00000    -0.31867    -0.17318
     1.60500    -0.27498     0.12484     0.06516     0.00000     0.00000     0.00000    -0.31745    -0.17198
     1.61000    -0.27318     0.12372     0.06492     0.00000     0.00000     0.00000    -0.31623    -0.17080
     1.61500    -0.27139     0.12262     0.06469     0.00000     0.00000     0.00000    -0.31502    -0.16962
     1.62000    -0.26961     0.12152     0.06445     0.00000     0.00000     0.00000    -0.31382    -0.16846
     1.62500    -0.26784     0.12044     0.06421     0.00000     0.00000     0.00000    -0.31263    -0.16731
     1.63000    -0.26609     0.11936     0.06398     0.00000     0.00000     0.00000    -0.31144    -0.16617
     1.63500    -0.26435     0.11830     0.06374     0.00000     0.00000     0.00000    -0.31026    -0.16504
     1.64000    -0.26262     0.11725     0.06350     0.00000     0.00000     0.00000    -0.30909    -0.16392
     1.64500    -0.26090     0.11621     0.06326     0.00000     0.00000     0.00000    -0.30792    -0.16281
     1.65000    -0.25920     0.11517     0.06301     0.00000     0.00000     0.00000    -0.30676    -0.16171
     1.65500    -0.25751     0.11415     0.06277     0.00000     0.00000     0.00000    -0.30560    -0.16062
     1.66000    -0.25583     0.11314     0.06253     0.00000     0.00000     0.00000    -0.30446    -0.15954
     1.66500    -0.25416     0.11214     0.06228     0.00000     0.00000     0.00000    -0.30331    -0.15847
     1.67000    -0.25250     0.11115     0.06204     0.00000     0.00000     0.00000    -0.30218    -0.15741
     1.67500    -0.25086     0.11016     0.06180     0.00000     0.00000     0.00000    -0.30105    -0.15636
     1.68000    -0.24922     0.10919     0.06155     0.00000     0.00000     0.00000    -0.29993    -0.15532
     1.68500    -0.24760     0.10823     0.06130     0.00000     0.00000     0.00000    -0.29881    -0.15429
     1.69000    -0.24599     0.10727     0.06106     0.00000     0.00000     0.00000    -0.29770    -0.15326
     1.69500    -0.24440     0.10633     0.06081     0.00000     0.00000     0.00000    -0.29660    -0.15225
     1.70000    -0.24281     0.10539     0.06056     0.00000     0.00000     0.00000    -0.29550    -0.15124
     1.70500    -0.24123     0.10447     0.06031     0.00000     0.00000     0.00000    -0.29441    -0.15025
     1.71000    -0.23967     0.10355     0.06007     0.00000     0.00000     0.00000    -0.29333    -0.14926
     1.71500    -0.23811     0.10264     0.05982     0.00000     0.00000     0.00000    -0.29225    -0.14828
     1.72000    -0.23657     0.10174     0.05957     0.00000     0.00000     0.00000    -0.29117    -0.14731
     1.72500    -0.23504     0.10085     0.05932     0.00000     0.00000     0.00000    -0.29010    -0.14635
     1.73000    -0.23352     0.09997     0.05907     0.00000     0.00000     0.00000    -0.28904    -0.14540
     1.73500    -0.23201     0.09909     0.05882     0.00000     0.00000     0.00000    -0.28799    -0.14446
     1.74000    -0.23051     0.09823     0.05857     0.00000     0.00000     0.00000    -0.28694    -0.14352
     1.74500    -0.22902     0.09737     0.05832     0.00000     0.00000     0.00000    -0.28589    -0.14259
     1.75000    -0.22754     0.09652     0.05807     0.00000     0.00000     0.00000    -0.28485    -0.14167
     1.75500    -0.22607     0.09568     0.05782     0.00000     0.00000     0.00000    -0.28382    -0.14076
     1.76000    -0.22461     0.09485     0.05757     0.00000     0.00000     0.00000    -0.28279    -0.13986
     1.76500    -0.22316     0.09402     0.05732     0.00000     0.00000     0.00000    -0.28177    -0.13896
     1.77000    -0.22173     0.09321     0.05707     0.00000     0.00000     0.00000    -0.28076    -0.13807
     1.77500    -0.22030     0.09240     0.05682     0.00000     0.00000     0.00000    -0.27974    -0.13719
     1.78000    -0.21888     0.09160     0.05657     0.00000     0.00000     0.00000    -0.27874    -0.13632
     1.78500    -0.21747     0.09080     0.05632     0.00000     0.00000     0.00000    -0.27774    -0.13546
     1.79000    -0.21607     0.09002     0.05607     0.00000     0.00000     0.00000    -0.27674    -0.13460
     1.79500    -0.21468     0.08924     0.05582     0.00000     0.00000     0.00000    -0.27576    -0.13375
     1.80000    -0.21331     0.08847     0.05557     0.00000     0.00000     0.00000    -0.27477    -0.13290
     1.80500    -0.21194     0.08770     0.05532     0.00000     0.00000     0.00000    -0.27379    -0.13207
     1.81000    -0.21058     0.08695     0.05507     0.00000     0.00000     0.00000    -0.27282    -0.13124
     1.81500    -0.20923     0.08620     0.05482     0.00000     0.00000     0.00000    -0.27185    -0.13041
     1.82000    -0.20788     0.08546     0.05457     0.00000     0.00000     0.00000    -0.27089    -0.12960
     1.82500    -0.20655     0.08472     0.05432     0.00000     0.00000     0.00000    -0.26993    -0.12879
     1.83000    -0.20523     0.08399     0.05407     0.00000     0.00000     0.00000    -0.26898    -0.12799
     1.83500    -0.20392     0.08327     0.05382     0.00000     0.00000     0.00000    -0.26803    -0.12719
     1.84000    -0.20261     0.08256     0.05357     0.00000     0.00000     0.00000    -0.26709    -0.12641
     1.84500    -0.20132     0.08185     0.05332     0.00000     0.00000     0.00000    -0.26615    -0.12562
     1.85000    -0.20003     0.08115     0.05308     0.00000     0.00000     0.00000    -0.26522    -0.12485
     1.85500    -0.19875     0.08045     0.05283     0.00000     0.00000     0.00000    -0.26429    -0.12408
     1.86000    -0.19748     0.07977     0.05258     0.00000     0.00000     0.00000    -0.26336    -0.12332
     1.86500    -0.19622     0.07908     0.05233     0.00000     0.00000     0.00000    -0.26245    -0.12256
     1.87000    -0.19497     0.07841     0.05209     0.00000     0.00000     0.00000    -0.26153    -0.12181
     1.87500    -0.19373     0.07774     0.05184     0.00000     0.00000     0.00000    -0.26062    -0.12107
     1.88000    -0.19249     0.07708     0.05160     0.00000     0.00000     0.00000    -0.25972    -0.12033
     1.88500    -0.19127     0.07642     0.05135     0.00000     0.00000     0.00000    -0.25882    -0.11960
     1.89000    -0.19005     0.07577     0.05111     0.00000     0.00000     0.00000    -0.25792    -0.11887
     1.89500    -0.18884     0.07513     0.05086     0.00000     0.00000     0.00000    -0.25703    -0.11815
     1.90000    -0.18764     0.07449     0.05062     0.00000     0.00000     0.00000    -0.25615    -0.11744
     1.90500    -0.18645     0.07386     0.05037     0.00000     0.00000     0.00000    -0.25527    -0.11673
     1.91000    -0.18526     0.07323     0.05013     0.00000     0.00000     0.00000    -0.25439    -0.11603
     1.91500    -0.18409     0.07261     0.04989     0.00000     0.00000     0.00000    -0.25352    -0.11533
     1.92000    -0.18292     0.07199     0.04964     0.00000     0.00000     0.00000    -0.25265    -0.11464
     1.92500    -0.18176     0.07139     0.04940     0.00000     0.00000     0.00000    -0.25179    -0.11396
     1.93000    -0.18060     0.07078     0.04916     0.00000     0.00000     0.00000    -0.25093    -0.11328
     1.93500    -0.17946     0.07018     0.04892     0.00000     0.00000     0.00000    -0.25008    -0.11260
     1.94000    -0.17832     0.06959     0.04868     0.00000     0.00000     0.00000    -0.24923    -0.11193
     1.94500    -0.17719     0.06901     0.04844     0.00000     0.00000     0.00000    -0.24838    -0.11127
     1.95000    -0.17607     0.06842     0.04820     0.00000     0.00000     0.00000    -0.24754    -0.11061
     1.95500    -0.17496     0.06785     0.04796     0.00000     0.00000     0.00000    -0.24670    -0.10996
     1.96000    -0.17385     0.06728     0.04773     0.00000     0.00000     0.00000    -0.24587    -0.10931
     1.96500    -0.17275     0.06671     0.04749     0.00000     0.00000     0.00000    -0.24504    -0.10867
     1.97000    -0.17166     0.06615     0.04725     0.00000     0.00000     0.00000    -0.24422    -0.10803
     1.97500    -0.17058     0.06560     0.04702     0.00000     0.00000     0.00000    -0.24340    -0.10740
     1.98000    -0.16950     0.06505     0.04678     0.00000     0.00000     0.00000    -0.24258    -0.10677
     1.98500    -0.16843     0.06450     0.04655     0.00000     0.00000     0.00000    -0.24177    -0.10614
     1.99000    -0.16737     0.06396     0.04631     0.00000     0.00000     0.00000    -0.24096    -0.10553
     1.99500    -0.16631     0.06343     0.04608     0.00000     0.00000     0.00000    -0.24016    -0.10491
     2.00000    -0.16526     0.06290     0.04584     0.00000     0.00000     0.00000    -0.23936    -0.10431
     2.00500    -0.16422     0.06237     0.04561     0.00000     0.00000     0.00000    -0.23856    -0.10370
     2.01000    -0.16319     0.06185     0.04538     0.00000     0.00000     0.00000    -0.23777    -0.10310
     2.01500    -0.16216     0.06134     0.04515     0.00000     0.00000     0.00000    -0.23698    -0.10251
     2.02000    -0.16114     0.06083     0.04492     0.00000     0.00000     0.00000    -0.23620    -0.10192
     2.02500    -0.16013     0.06032     0.04469     0.00000     0.00000     0.00000    -0.23542    -0.10133
     2.03000    -0.15912     0.05982     0.04446     0.00000     0.00000     0.00000    -0.23464    -0.10075
     2.03500    -0.15812     0.05932     0.04423     0.00000     0.00000     0.00000    -0.23387    -0.10018
     2.04000    -0.15713     0.05883     0.04401     0.00000     0.00000     0.00000    -0.23310    -0.09960
     2.04500    -0.15614     0.05834     0.04378     0.00000     0.00000     0.00000    -0.23233    -0.09904
     2.05000    -0.15516     0.05786     0.04355     0.00000     0.00000     0.00000    -0.23157    -0.09847
     2.05500    -0.15419     0.05738     0.04333     0.00000     0.00000     0.00000    -0.23082    -0.09792
     2.06000    -0.15322     0.05690     0.04310     0.00000     0.00000     0.00000    -0.23006    -0.09736
     2.06500    -0.15226     0.05643     0.04288     0.00000     0.00000     0.00000    -0.22931    -0.09681
     2.07000    -0.15131     0.05597     0.04266     0.00000     0.00000     0.00000    -0.22857    -0.09627
     2.07500    -0.15036     0.05550     0.04243     0.00000     0.00000     0.00000    -0.22782    -0.09572
     2.08000    -0.14942     0.05505     0.04221     0.00000     0.00000     0.00000    -0.22708    -0.09519
     2.08500    -0.14849     0.05459     0.04199     0.00000     0.00000     0.00000    -0.22635    -0.09465
     2.09000    -0.14756     0.05414     0.04177     0.00000     0.00000     0.00000    -0.22562    -0.09412
     2.09500    -0.14663     0.05370     0.04155     0.00000     0.00000     0.00000    -0.22489    -0.09360
     2.10000    -0.14572     0.05326     0.04133     0.00000     0.00000     0.00000    -0.22416    -0.09307
     2.10500    -0.14481     0.05282     0.04112     0.00000     0.00000     0.00000    -0.22344    -0.09256
     2.11000    -0.14390     0.05239     0.04090     0.00000     0.00000     0.00000    -0.22272    -0.09204
     2.11500    -0.14301     0.05196     0.04068     0.00000     0.00000     0.00000    -0.22201    -0.09153
     2.12000    -0.14211     0.05153     0.04047     0.00000     0.00000     0.00000    -0.22130    -0.09103
     2.12500    -0.14123     0.05111     0.04025     0.00000     0.00000     0.00000    -0.22059    -0.09052
     2.13000    -0.14035     0.05069     0.04004     0.00000     0.00000     0.00000    -0.21989    -0.09002
     2.13500    -0.13947     0.05027     0.03983     0.00000     0.00000     0.00000    -0.21919    -0.08953
     2.14000    -0.13860     0.04986     0.03961     0.00000     0.00000     0.00000    -0.21849    -0.08904
     2.14500    -0.13774     0.04946     0.03940     0.00000     0.00000     0.00000    -0.21779    -0.08855
     2.15000    -0.13688     0.04905     0.03919     0.00000     0.00000     0.00000    -0.21710    -0.08807
     2.15500    -0.13603     0.04865     0.03898     0.00000     0.00000     0.00000    -0.21642    -0.08758
     2.16000    -0.13518     0.04826     0.03877     0.00000     0.00000     0.00000    -0.21573    -0.08711
     2.16500    -0.13434     0.04786     0.03856     0.00000     0.00000     0.00000    -0.21505    -0.08663
     2.17000    -0.13351     0.04747     0.03836     0.00000     0.00000     0.00000    -0.21437    -0.08616
     2.17500    -0.13268     0.04709     0.03815     0.00000     0.00000     0.00000    -0.21370    -0.08570
     2.18000    -0.13186     0.04670     0.03794     0.00000     0.00000     0.00000    -0.21303    -0.08523
     2.18500    -0.13104     0.04633     0.03774     0.00000     0.00000     0.00000    -0.21236    -0.08477
     2.19000    -0.13022     0.04595     0.03754     0.00000     0.00000     0.00000    -0.21169    -0.08432
     2.19500    -0.12942     0.04558     0.03733     0.00000     0.00000     0.00000    -0.21103    -0.08386
     2.20000    -0.12861     0.04521     0.03713     0.00000     0.00000     0.00000    -0.21037    -0.08341
     2.20500    -0.12782     0.04484     0.03693     0.00000     0.00000     0.00000    -0.20972    -0.08296
     2.21000    -0.12702     0.04448     0.03673     0.00000     0.00000     0.00000    -0.20906    -0.08252
     2.21500    -0.12624     0.04412     0.03653     0.00000     0.00000     0.00000    -0.20841    -0.08208
     2.22000    -0.12546     0.04376     0.03633     0.00000     0.00000     0.00000    -0.20777    -0.08164
     2.22500    -0.12468     0.04341     0.03613     0.00000     0.00000     0.00000    -0.20712    -0.08121
     2.23000    -0.12391     0.04306     0.03593     0.00000     0.00000     0.00000    -0.20648    -0.08078
     2.23500    -0.12314     0.04271     0.03574     0.00000     0.00000     0.00000    -0.20584    -0.08035
     2.24000    -0.12238     0.04237     0.03554     0.00000     0.00000     0.00000    -0.20521    -0.07992
     2.24500    -0.12162     0.04203     0.03534     0.00000     0.00000     0.00000    -0.20458    -0.07950
     2.25000    -0.12087     0.04169     0.03515     0.00000     0.00000     0.00000    -0.20395    -0.07908
     2.25500    -0.12012     0.04136     0.03496     0.00000     0.00000     0.00000    -0.20332    -0.07867
     2.26000    -0.11938     0.04102     0.03476     0.00000     0.00000     0.00000    -0.20270    -0.07825
     2.26500    -0.11865     0.04069     0.03457     0.00000     0.00000     0.00000    -0.20208    -0.07784
     2.27000    -0.11791     0.04037     0.03438     0.00000     0.00000     0.00000    -0.20146    -0.07744
     2.27500    -0.11719     0.04004     0.03419     0.00000     0.00000     0.00000    -0.20085    -0.07703
     2.28000    -0.11646     0.03972     0.03400     0.00000     0.00000     0.00000    -0.20024    -0.07663
     2.28500    -0.11575     0.03941     0.03381     0.00000     0.00000     0.00000    -0.19963    -0.07623
     2.29000    -0.11503     0.03909     0.03363     0.00000     0.00000     0.00000    -0.19902    -0.07584
     2.29500    -0.11432     0.03878     0.03344     0.00000     0.00000     0.00000    -0.19842    -0.07544
     2.30000    -0.11362     0.03847     0.03325     0.00000     0.00000     0.00000    -0.19782    -0.07505
     2.30500    -0.11292     0.03816     0.03307     0.00000     0.00000     0.00000    -0.19722    -0.07466
     2.31000    -0.11223     0.03786     0.03288     0.00000     0.00000     0.00000    -0.19662    -0.07428
     2.31500    -0.11154     0.03756     0.03270     0.00000     0.00000     0.00000    -0.19603    -0.07390
     2.32000    -0.11085     0.03726     0.03252     0.00000     0.00000     0.00000    -0.19544    -0.07352
     2.32500    -0.11017     0.03696     0.03234     0.00000     0.00000     0.00000    -0.19485    -0.07314
     2.33000    -0.10949     0.03667     0.03215     0.00000     0.00000     0.00000    -0.19427    -0.07276
     2.33500    -0.10882     0.03638     0.03197     0.00000     0.00000     0.00000    -0.19369    -0.07239
     2.34000    -0.10815     0.03609     0.03180     0.00000     0.00000     0.00000    -0.19311    -0.07202
     2.34500    -0.10749     0.03580     0.03162     0.00000     0.00000     0.00000    -0.19253    -0.07165
     2.35000    -0.10683     0.03552     0.03144     0.00000     0.00000     0.00000    -0.19195    -0.07129
     2.35500    -0.10617     0.03524     0.03126     0.00000     0.00000     0.00000    -0.19138    -0.07093
     2.36000    -0.10552     0.03496     0.03109     0.00000     0.00000     0.00000    -0.19081    -0.07057
     2.36500    -0.10487     0.03468     0.03091     0.00000     0.00000     0.00000    -0.19025    -0.07021
     2.37000    -0.10423     0.03441     0.03074     0.00000     0.00000     0.00000    -0.18968    -0.06986
     2.37500    -0.10359     0.03413     0.03056     0.00000     0.00000     0.00000    -0.18912    -0.06950
     2.38000    -0.10296     0.03386     0.03039     0.00000     0.00000     0.00000    -0.18856    -0.06915
     2.38500    -0.10233     0.03360     0.03022     0.00000     0.00000     0.00000    -0.18801    -0.06881
     2.39000    -0.10170     0.03333     0.03005     0.00000     0.00000     0.00000    -0.18745    -0.06846
     2.39500    -0.10108     0.03307     0.02988     0.00000     0.00000     0.00000    -0.18690    -0.06812
     2.40000    -0.10046     0.03281     0.02971     0.00000     0.00000     0.00000    -0.18635    -0.06778
     2.40500    -0.09984     0.03255     0.02954     0.00000     0.00000     0.00000    -0.18580    -0.06744
     2.41000    -0.09923     0.03229     0.02937     0.00000     0.00000     0.00000    -0.18526    -0.06710
     2.41500    -0.09863     0.03204     0.02920     0.00000     0.00000     0.00000    -0.18472    -0.06677
     2.42000    -0.09802     0.03179     0.02904     0.00000     0.00000     0.00000    -0.18418    -0.06644
     2.42500    -0.09742     0.03154     0.02887     0.00000     0.00000     0.00000    -0.18364    -0.06611
     2.43000    -0.09683     0.03129     0.02871     0.00000     0.00000     0.00000    -0.18310    -0.06578
     2.43500    -0.09624     0.03105     0.02854     0.00000     0.00000     0.00000    -0.18257    -0.06546
     2.44000    -0.09565     0.03080     0.02838     0.00000     0.00000     0.00000    -0.18204    -0.06513
     2.44500    -0.09507     0.03056     0.02822     0.00000     0.00000     0.00000    -0.18151    -0.06481
     2.45000    -0.09449     0.03032     0.02806     0.00000     0.00000     0.00000    -0.18099    -0.06450
     2.45500    -0.09391     0.03009     0.02790     0.00000     0.00000     0.00000    -0.18046    -0.06418
     2.46000    -0.09334     0.02985     0.02774     0.00000     0.00000     0.00000    -0.17994    -0.06386
     2.46500    -0.09277     0.02962     0.02758     0.00000     0.00000     0.00000    -0.17942    -0.06355
     2.47000    -0.09220     0.02939     0.02742     0.00000     0.00000     0.00000    -0.17891    -0.06324
     2.47500    -0.09164     0.02916     0.02726     0.00000     0.00000     0.00000    -0.17839    -0.06293
     2.48000    -0.09108     0.02893     0.02711     0.00000     0.00000     0.00000    -0.17788    -0.06263
     2.48500    -0.09053     0.02871     0.02695     0.00000     0.00000     0.00000    -0.17737    -0.06232
     2.49000    -0.08998     0.02848     0.02679     0.00000     0.00000     0.00000    -0.17686    -0.06202
     2.49500    -0.08943     0.02826     0.02664     0.00000     0.00000     0.00000    -0.17636    -0.06172
     2.50000    -0.08889     0.02804     0.02649     0.00000     0.00000     0.00000    -0.17585    -0.06142
     2.50500    -0.08835     0.02782     0.02633     0.00000     0.00000     0.00000    -0.17535    -0.06113
     2.51000    -0.08781     0.02761     0.02618     0.00000     0.00000     0.00000    -0.17485    -0.06083
     2.51500    -0.08728     0.02739     0.02603     0.00000     0.00000     0.00000    -0.17436    -0.06054
     2.52000    -0.08675     0.02718     0.02588     0.00000     0.00000     0.00000    -0.17386    -0.06025
     2.52500    -0.08622     0.02697     0.02573     0.00000     0.00000     0.00000    -0.17337    -0.05996
     2.53000    -0.08570     0.02676     0.02558     0.00000     0.00000     0.00000    -0.17288    -0.05967
     2.53500    -0.08518     0.02655     0.02543     0.00000     0.00000     0.00000    -0.17239    -0.05939
     2.54000    -0.08466     0.02635     0.02529     0.00000     0.00000     0.00000    -0.17190    -0.05910
     2.54500    -0.08414     0.02615     0.02514     0.00000     0.00000     0.00000    -0.17142    -0.05882
     2.55000    -0.08363     0.02594     0.02499     0.00000     0.00000     0.00000    -0.17094    -0.05854
     2.55500    -0.08313     0.02574     0.02485     0.00000     0.00000     0.00000    -0.17045    -0.05826
     2.56000    -0.08262     0.02554     0.02470     0.00000     0.00000     0.00000    -0.16998    -0.05799
     2.56500    -0.08212     0.02535     0.02456     0.00000     0.00000     0.00000    -0.16950    -0.05771
     2.57000    -0.08162     0.02515     0.02442     0.00000     0.00000     0.00000    -0.16903    -0.05744
     2.57500    -0.08113     0.02496     0.02427     0.00000     0.00000     0.00000    -0.16855    -0.05717
     2.58000    -0.08064     0.02477     0.02413     0.00000     0.00000     0.00000    -0.16808    -0.05690
     2.58500    -0.08015     0.02458     0.02399     0.00000     0.00000     0.00000    -0.16761    -0.05663
     2.59000    -0.07966     0.02439     0.02385     0.00000     0.00000     0.00000    -0.16715    -0.05637
     2.59500    -0.07918     0.02420     0.02371     0.00000     0.00000     0.00000    -0.16668    -0.05610
     2.60000    -0.07870     0.02401     0.02357     0.00000     0.00000     0.00000    -0.16622    -0.05584
     2.60500    -0.07823     0.02383     0.02344     0.00000     0.00000     0.00000    -0.16576    -0.05558
     2.61000    -0.07775     0.02365     0.02330     0.00000     0.00000     0.00000    -0.16530    -0.05532
     2.61500    -0.07728     0.02347     0.02316     0.00000     0.00000     0.00000    -0.16484    -0.05506
     2.62000    -0.07682     0.02329     0.02303     0.00000     0.00000     0.00000    -0.16439    -0.05481
     2.62500    -0.07635     0.02311     0.02289     0.00000     0.00000     0.00000    -0.16394    -0.05455
     2.63000    -0.07589     0.02293     0.02276     0.00000     0.00000     0.00000    -0.16348    -0.05430
     2.63500    -0.07543     0.02276     0.02263     0.00000     0.00000     0.00000    -0.16303    -0.05405
     2.64000    -0.07498     0.02258     0.02249     0.00000     0.00000     0.00000    -0.16259    -0.05380
     2.64500    -0.07453     0.02241     0.02236     0.00000     0.00000     0.00000    -0.16214    -0.05355
     2.65000    -0.07408     0.02224     0.02223     0.00000     0.00000     0.00000    -0.16170    -0.05330
     2.65500    -0.07363     0.02207     0.02210     0.00000     0.00000     0.00000    -0.16126    -0.05306
     2.66000    -0.07318     0.02190     0.02197     0.00000     0.00000     0.00000    -0.16081    -0.05281
     2.66500    -0.07274     0.02174     0.02184     0.00000     0.00000     0.00000    -0.16038    -0.05257
     2.67000    -0.07230     0.02157     0.02171     0.00000     0.00000     0.00000    -0.15994    -0.05233
     2.67500    -0.07187     0.02141     0.02158     0.00000     0.00000     0.00000    -0.15950    -0.05209
     2.68000    -0.07144     0.02124     0.02146     0.00000     0.00000     0.00000    -0.15907    -0.05185
     2.68500    -0.07101     0.02108     0.02133     0.00000     0.00000     0.00000    -0.15864    -0.05162
     2.69000    -0.07058     0.02092     0.02120     0.00000     0.00000     0.00000    -0.15821    -0.05138
     2.69500    -0.07015     0.02076     0.02108     0.00000     0.00000     0.00000    -0.15778    -0.05115
     2.70000    -0.06973     0.02061     0.02095     0.00000     0.00000     0.00000    -0.15736    -0.05092
     2.70500    -0.06931     0.02045     0.02083     0.00000     0.00000     0.00000    -0.15693    -0.05069
     2.71000    -0.06889     0.02029     0.02071     0.00000     0.00000     0.00000    -0.15651    -0.05046
     2.71500    -0.06848     0.02014     0.02058     0.00000     0.00000     0.00000    -0.15609    -0.05023
     2.72000    -0.06807     0.01999     0.02046     0.00000     0.00000     0.00000    -0.15567    -0.05000
     2.72500    -0.06766     0.01984     0.02034     0.00000     0.00000     0.00000    -0.15525    -0.04978
     2.73000    -0.06725     0.01969     0.02022     0.00000     0.00000     0.00000    -0.15484    -0.04956
     2.73500    -0.06685     0.01954     0.02010     0.00000     0.00000     0.00000    -0.15442    -0.04933
     2.74000    -0.06645     0.01939     0.01998     0.00000     0.00000     0.00000    -0.15401    -0.04911
     2.74500    -0.06605     0.01924     0.01986     0.00000     0.00000     0.00000    -0.15360    -0.04889
     2.75000    -0.06565     0.01910     0.01975     0.00000     0.00000     0.00000    -0.15319    -0.04867
     2.75500    -0.06525     0.01896     0.01963     0.00000     0.00000     0.00000    -0.15278    -0.04846
     2.76000    -0.06486     0.01881     0.01951     0.00000     0.00000     0.00000    -0.15237    -0.04824
     2.76500    -0.06447     0.01867     0.01940     0.00000     0.00000     0.00000    -0.15197    -0.04803
     2.77000    -0.06409     0.01853     0.01928     0.00000     0.00000     0.00000    -0.15157    -0.04781
     2.77500    -0.06370     0.01839     0.01917     0.00000     0.00000     0.00000    -0.15117    -0.04760
     2.78000    -0.06332     0.01825     0.01905     0.00000     0.00000     0.00000    -0.15077    -0.04739
     2.78500    -0.06294     0.01812     0.01894     0.00000     0.00000     0.00000    -0.15037    -0.04718
     2.79000    -0.06256     0.01798     0.01883     0.00000     0.00000     0.00000    -0.14997    -0.04697
     2.79500    -0.06219     0.01784     0.01871     0.00000     0.00000     0.00000    -0.14958    -0.04677
     2.80000    -0.06182     0.01771     0.01860     0.00000     0.00000     0.00000    -0.14918    -0.04656
     2.80500    -0.06144     0.01758     0.01849     0.00000     0.00000     0.00000    -0.14879    -0.04636
     2.81000    -0.06108     0.01745     0.01838     0.00000     0.00000     0.00000    -0.14840    -0.04615
     2.81500    -0.06071     0.01732     0.01827     0.00000     0.00000     0.00000    -0.14801    -0.04595
     2.82000    -0.06035     0.01719     0.01816     0.00000     0.00000     0.00000    -0.14763    -0.04575
     2.82500    -0.05999     0.01706     0.01805     0.00000     0.00000     0.00000    -0.14724    -0.04555
     2.83000    -0.05963     0.01693     0.01795     0.00000     0.00000     0.00000    -0.14686    -0.04535
     2.83500    -0.05927     0.01680     0.01784     0.00000     0.00000     0.00000    -0.14647    -0.04515
     2.84000    -0.05892     0.01668     0.01773     0.00000     0.00000     0.00000    -0.14609    -0.04496
     2.84500    -0.05856     0.01655     0.01763     0.00000     0.00000     0.00000    -0.14571    -0.04476
     2.85000    -0.05821     0.01643     0.01752     0.00000     0.00000     0.00000    -0.14533    -0.04457
     2.85500    -0.05786     0.01631     0.01742     0.00000     0.00000     0.00000    -0.14496    -0.04438
     2.86000    -0.05752     0.01619     0.01731     0.00000     0.00000     0.00000    -0.14458    -0.04418
     2.86500    -0.05717     0.01607     0.01721     0.00000     0.00000     0.00000    -0.14421    -0.04399
     2.87000    -0.05683     0.01595     0.01711     0.00000     0.00000     0.00000    -0.14384    -0.04380
     2.87500    -0.05649     0.01583     0.01700     0.00000     0.00000     0.00000    -0.14346    -0.04362
     2.88000    -0.05616     0.01571     0.01690     0.00000     0.00000     0.00000    -0.14310    -0.04343
     2.88500    -0.05582     0.01559     0.01680     0.00000     0.00000     0.00000    -0.14273    -0.04324
     2.89000    -0.05549     0.01548     0.01670     0.00000     0.00000     0.00000    -0.14236    -0.04306
     2.89500    -0.05516     0.01536     0.01660     0.00000     0.00000     0.00000    -0.14200    -0.04287
     2.90000    -0.05483     0.01525     0.01650     0.00000     0.00000     0.00000    -0.14163    -0.04269
     2.90500    -0.05450     0.01514     0.01640     0.00000     0.00000     0.00000    -0.14127    -0.04251
     2.91000    -0.05417     0.01502     0.01630     0.00000     0.00000     0.00000    -0.14091    -0.04233
     2.91500    -0.05385     0.01491     0.01620     0.00000     0.00000     0.00000    -0.14055    -0.04215
     2.92000    -0.05353     0.01480     0.01611     0.00000     0.00000     0.00000    -0.14019    -0.04197
     2.92500    -0.05321     0.01469     0.01601     0.00000     0.00000     0.00000    -0.13983    -0.04179
     2.93000    -0.05289     0.01458     0.01591     0.00000     0.00000     0.00000    -0.13948    -0.04161
     2.93500    -0.05258     0.01448     0.01582     0.00000     0.00000     0.00000    -0.13912    -0.04144
     2.94000    -0.05227     0.01437     0.01572     0.00000     0.00000     0.00000    -0.13877    -0.04126
     2.94500    -0.05195     0.01426     0.01563     0.00000     0.00000     0.00000    -0.13842    -0.04109
     2.95000    -0.05164     0.01416     0.01553     0.00000     0.00000     0.00000    -0.13807    -0.04092
     2.95500    -0.05134     0.01405     0.01544     0.00000     0.00000     0.00000    -0.13772    -0.04074
     2.96000    -0.05103     0.01395     0.01535     0.00000     0.00000     0.00000    -0.13737    -0.04057
     2.96500    -0.05073     0.01385     0.01525     0.00000     0.00000     0.00000    -0.13703    -0.04040
     2.97000    -0.05043     0.01375     0.01516     0.00000     0.00000     0.00000    -0.13668    -0.04023
     2.97500    -0.05013     0.01364     0.01507     0.00000     0.00000     0.00000    -0.13634    -0.04006
     2.98000    -0.04983     0.01354     0.01498     0.00000     0.00000     0.00000    -0.13599    -0.03990
     2.98500    -0.04953     0.01344     0.01489     0.00000     0.00000     0.00000    -0.13565    -0.03973
     2.99000    -0.04924     0.01335     0.01480     0.00000     0.00000     0.00000    -0.13531    -0.03957
     2.99500    -0.04894     0.01325     0.01471     0.00000     0.00000     0.00000    -0.13498    -0.03940
     3.00000    -0.04865     0.01315     0.01462     0.00000     0.00000     0.00000    -0.13464    -0.03924
     3.00500    -0.04836     0.01305     0.01453     0.00000     0.00000     0.00000    -0.13430    -0.03908
     3.01000    -0.04808     0.01296     0.01445     0.00000     0.00000     0.00000    -0.13397    -0.03891
     3.01500    -0.04779     0.01286     0.01436     0.00000     0.00000     0.00000    -0.13363    -0.03875
     3.02000    -0.04751     0.01277     0.01427     0.00000     0.00000     0.00000    -0.13330    -0.03859
     3.02500    -0.04722     0.01267     0.01418     0.00000     0.00000     0.00000    -0.13297    -0.03843
     3.03000    -0.04694     0.01258     0.01410     0.00000     0.00000     0.00000    -0.13264    -0.03828
     3.03500    -0.04666     0.01249     0.01401     0.00000     0.00000     0.00000    -0.13231    -0.03812
     3.04000    -0.04639     0.01240     0.01393     0.00000     0.00000     0.00000    -0.13199    -0.03796
     3.04500    -0.04611     0.01231     0.01384     0.00000     0.00000     0.00000    -0.13166    -0.03781
     3.05000    -0.04584     0.01222     0.01376     0.00000     0.00000     0.00000    -0.13133    -0.03765
     3.05500    -0.04557     0.01213     0.01368     0.00000     0.00000     0.00000    -0.13101    -0.03750
     3.06000    -0.04530     0.01204     0.01359     0.00000     0.00000     0.00000    -0.13069    -0.03734
     3.06500    -0.04503     0.01195     0.01351     0.00000     0.00000     0.00000    -0.13037    -0.03719
     3.07000    -0.04476     0.01187     0.01343     0.00000     0.00000     0.00000    -0.13005    -0.03704
     3.07500    -0.04449     0.01178     0.01335     0.00000     0.00000     0.00000    -0.12973    -0.03689
     3.08000    -0.04423     0.01169     0.01327     0.00000     0.00000     0.00000    -0.12941    -0.03674
     3.08500    -0.04397     0.01161     0.01319     0.00000     0.00000     0.00000    -0.12909    -0.03659
     3.09000    -0.04371     0.01152     0.01311     0.00000     0.00000     0.00000    -0.12878    -0.03644
     3.09500    -0.04345     0.01144     0.01303     0.00000     0.00000     0.00000    -0.12846    -0.03630
     3.10000    -0.04319     0.01136     0.01295     0.00000     0.00000     0.00000    -0.12815    -0.03615
     3.10500    -0.04294     0.01127     0.01287     0.00000     0.00000     0.00000    -0.12784    -0.03600
     3.11000    -0.04268     0.01119     0.01279     0.00000     0.00000     0.00000    -0.12753    -0.03586
     3.11500    -0.04243     0.01111     0.01271     0.00000     0.00000     0.00000    -0.12722    -0.03571
     3.12000    -0.04218     0.01103     0.01264     0.00000     0.00000     0.00000    -0.12691    -0.03557
     3.12500    -0.04193     0.01095     0.01256     0.00000     0.00000     0.00000    -0.12660    -0.03543
     3.13000    -0.04168     0.01087     0.01248     0.00000     0.00000     0.00000    -0.12630    -0.03529
     3.13500    -0.04143     0.01079     0.01241     0.00000     0.00000     0.00000    -0.12599    -0.03515
     3.14000    -0.04119     0.01071     0.01233     0.00000     0.00000     0.00000    -0.12569    -0.03501
     3.14500    -0.04094     0.01064     0.01226     0.00000     0.00000     0.00000    -0.12538    -0.03487
     3.15000    -0.04070     0.01056     0.01218     0.00000     0.00000     0.00000    -0.12508    -0.03473
     3.15500    -0.04046     0.01048     0.01211     0.00000     0.00000     0.00000    -0.12478    -0.03459
     3.16000    -0.04022     0.01041     0.01204     0.00000     0.00000     0.00000    -0.12448    -0.03445
     3.16500    -0.03998     0.01033     0.01196     0.00000     0.00000     0.00000    -0.12418    -0.03432
     3.17000    -0.03975     0.01026     0.01189     0.00000     0.00000     0.00000    -0.12388    -0.03418
     3.17500    -0.03951     0.01018     0.01182     0.00000     0.00000     0.00000    -0.12359    -0.03404
     3.18000    -0.03928     0.01011     0.01175     0.00000     0.00000     0.00000    -0.12329    -0.03391
     3.18500    -0.03905     0.01004     0.01167     0.00000     0.00000     0.00000    -0.12300    -0.03378
     3.19000    -0.03882     0.00996     0.01160     0.00000     0.00000     0.00000    -0.12270    -0.03364
     3.19500    -0.03859     0.00989     0.01153     0.00000     0.00000     0.00000    -0.12241    -0.03351
     3.20000    -0.03836     0.00982     0.01146     0.00000     0.00000     0.00000    -0.12212    -0.03338
     3.20500    -0.03813     0.00975     0.01139     0.00000     0.00000     0.00000    -0.12183    -0.03325
     3.21000    -0.03791     0.00968     0.01132     0.00000     0.00000     0.00000    -0.12154    -0.03312
     3.21500    -0.03768     0.00961     0.01125     0.00000     0.00000     0.00000    -0.12125    -0.03299
     3.22000    -0.03746     0.00954     0.01118     0.00000     0.00000     0.00000    -0.12097    -0.03286
     3.22500    -0.03724     0.00947     0.01112     0.00000     0.00000     0.00000    -0.12068    -0.03273
     3.23000    -0.03702     0.00941     0.01105     0.00000     0.00000     0.00000    -0.12039    -0.03260
     3.23500    -0.03680     0.00934     0.01098     0.00000     0.00000     0.00000    -0.12011    -0.03248
     3.24000    -0.03659     0.00927     0.01091     0.00000     0.00000     0.00000    -0.11983    -0.03235
     3.24500    -0.03637     0.00920     0.01085     0.00000     0.00000     0.00000    -0.11955    -0.03222
     3.25000    -0.03616     0.00914     0.01078     0.00000     0.00000     0.00000    -0.11926    -0.03210
     3.25500    -0.03594     0.00907     0.01072     0.00000     0.00000     0.00000    -0.11898    -0.03197
     3.26000    -0.03573     0.00901     0.01065     0.00000     0.00000     0.00000    -0.11870    -0.03185
     3.26500    -0.03552     0.00894     0.01058     0.00000     0.00000     0.00000    -0.11843    -0.03173
     3.27000    -0.03531     0.00888     0.01052     0.00000     0.00000     0.00000    -0.11815    -0.03161
     3.27500    -0.03510     0.00882     0.01046     0.00000     0.00000     0.00000    -0.11787    -0.03148
     3.28000    -0.03490     0.00875     0.01039     0.00000     0.00000     0.00000    -0.11760    -0.03136
     3.28500    -0.03469     0.00869     0.01033     0.00000     0.00000     0.00000    -0.11732    -0.03124
     3.29000    -0.03449     0.00863     0.01027     0.00000     0.00000     0.00000    -0.11705    -0.03112
     3.29500    -0.03428     0.00857     0.01020     0.00000     0.00000     0.00000    -0.11678    -0.03100
     3.30000    -0.03408     0.00850     0.01014     0.00000     0.00000     0.00000    -0.11651    -0.03088
     3.30500    -0.03388     0.00844     0.01008     0.00000     0.00000     0.00000    -0.11624    -0.03077
     3.31000    -0.03368     0.00838     0.01002     0.00000     0.00000     0.00000    -0.11597    -0.03065
     3.31500    -0.03348     0.00832     0.00996     0.00000     0.00000     0.00000    -0.11570    -0.03053
     3.32000    -0.03329     0.00826     0.00989     0.00000     0.00000     0.00000    -0.11543    -0.03042
     3.32500    -0.03309     0.00821     0.00983     0.00000     0.00000     0.00000    -0.11516    -0.03030
     3.33000    -0.03289     0.00815     0.00977     0.00000     0.00000     0.00000    -0.11490    -0.03019
     3.33500    -0.03270     0.00809     0.00971     0.00000     0.00000     0.00000    -0.11463    -0.03007
     3.34000    -0.03251     0.00803     0.00965     0.00000     0.00000     0.00000    -0.11437    -0.02996
     3.34500    -0.03232     0.00797     0.00960     0.00000     0.00000     0.00000    -0.11411    -0.02984
     3.35000    -0.03213     0.00792     0.00954     0.00000     0.00000     0.00000    -0.11384    -0.02973
     3.35500    -0.03194     0.00786     0.00948     0.00000     0.00000     0.00000    -0.11358    -0.02962
     3.36000    -0.03175     0.00781     0.00942     0.00000     0.00000     0.00000    -0.11332    -0.02951
     3.36500    -0.03156     0.00775     0.00936     0.00000     0.00000     0.00000    -0.11306    -0.02940
     3.37000    -0.03138     0.00770     0.00930     0.00000     0.00000     0.00000    -0.11280    -0.02929
     3.37500    -0.03119     0.00764     0.00925     0.00000     0.00000     0.00000    -0.11255    -0.02918
     3.38000    -0.03101     0.00759     0.00919     0.00000     0.00000     0.00000    -0.11229    -0.02907
     3.38500    -0.03083     0.00753     0.00913     0.00000     0.00000     0.00000    -0.11203    -0.02896
     3.39000    -0.03065     0.00748     0.00908     0.00000     0.00000     0.00000    -0.11178    -0.02885
     3.39500    -0.03047     0.00743     0.00902     0.00000     0.00000     0.00000    -0.11152    -0.02874
     3.40000    -0.03029     0.00737     0.00897     0.00000     0.00000     0.00000    -0.11127    -0.02863
     3.40500    -0.03011     0.00732     0.00891     0.00000     0.00000     0.00000    -0.11102    -0.02853
     3.41000    -0.02993     0.00727     0.00886     0.00000     0.00000     0.00000    -0.11077    -0.02842
     3.41500    -0.02976     0.00722     0.00880     0.00000     0.00000     0.00000    -0.11052    -0.02832
     3.42000    -0.02958     0.00717     0.00875     0.00000     0.00000     0.00000    -0.11027    -0.02821
     3.42500    -0.02941     0.00712     0.00870     0.00000     0.00000     0.00000    -0.11002    -0.02811
     3.43000    -0.02924     0.00707     0.00864     0.00000     0.00000     0.00000    -0.10977    -0.02800
     3.43500    -0.02907     0.00702     0.00859     0.00000     0.00000     0.00000    -0.10952    -0.02790
     3.44000    -0.02890     0.00697     0.00854     0.00000     0.00000     0.00000    -0.10928    -0.02780
     3.44500    -0.02873     0.00692     0.00848     0.00000     0.00000     0.00000    -0.10903    -0.02769
     3.45000    -0.02856     0.00687     0.00843     0.00000     0.00000     0.00000    -0.10878    -0.02759
     3.45500    -0.02839     0.00682     0.00838     0.00000     0.00000     0.00000    -0.10854    -0.02749
     3.46000    -0.02822     0.00677     0.00833     0.00000     0.00000     0.00000    -0.10830    -0.02739
     3.46500    -0.02806     0.00673     0.00828     0.00000     0.00000     0.00000    -0.10806    -0.02729
     3.47000    -0.02789     0.00668     0.00823     0.00000     0.00000     0.00000    -0.10781    -0.02719
     3.47500    -0.02773     0.00663     0.00818     0.00000     0.00000     0.00000    -0.10757    -0.02709
     3.48000    -0.02757     0.00658     0.00813     0.00000     0.00000     0.00000    -0.10733    -0.02699
     3.48500    -0.02741     0.00654     0.00808     0.00000     0.00000     0.00000    -0.10709    -0.02689
     3.49000    -0.02725     0.00649     0.00803     0.00000     0.00000     0.00000    -0.10686    -0.02679
     3.49500    -0.02709     0.00645     0.00798     0.00000     0.00000     0.00000    -0.10662    -0.02669
     3.50000    -0.02693     0.00640     0.00793     0.00000     0.00000     0.00000    -0.10638    -0.02660
     3.50500    -0.02677     0.00636     0.00788     0.00000     0.00000     0.00000    -0.10614    -0.02650
     3.51000    -0.02661     0.00631     0.00783     0.00000     0.00000     0.00000    -0.10591    -0.02640
     3.51500    -0.02646     0.00627     0.00778     0.00000     0.00000     0.00000    -0.10568    -0.02631
     3.52000    -0.02630     0.00622     0.00774     0.00000     0.00000     0.00000    -0.10544    -0.02621
     3.52500    -0.02615     0.00618     0.00769     0.00000     0.00000     0.00000    -0.10521    -0.02612
     3.53000    -0.02600     0.00614     0.00764     0.00000     0.00000     0.00000    -0.10498    -0.02602
     3.53500    -0.02584     0.00609     0.00759     0.00000     0.00000     0.00000    -0.10475    -0.02593
     3.54000    -0.02569     0.00605     0.00755     0.00000     0.00000     0.00000    -0.10451    -0.02584
     3.54500    -0.02554     0.00601     0.00750     0.00000     0.00000     0.00000    -0.10428    -0.02574
     3.55000    -0.02539     0.00597     0.00745     0.00000     0.00000     0.00000    -0.10406    -0.02565
     3.55500    -0.02525     0.00592     0.00741     0.00000     0.00000     0.00000    -0.10383    -0.02556
     3.56000    -0.02510     0.00588     0.00736     0.00000     0.00000     0.00000    -0.10360    -0.02547
     3.56500    -0.02495     0.00584     0.00732     0.00000     0.00000     0.00000    -0.10337    -0.02538
     3.57000    -0.02480     0.00580     0.00727     0.00000     0.00000     0.00000    -0.10315    -0.02529
     3.57500    -0.02466     0.00576     0.00723     0.00000     0.00000     0.00000    -0.10292    -0.02520
     3.58000    -0.02452     0.00572     0.00718     0.00000     0.00000     0.00000    -0.10270    -0.02511
     3.58500    -0.02437     0.00568     0.00714     0.00000     0.00000     0.00000    -0.10247    -0.02502
     3.59000    -0.02423     0.00564     0.00710     0.00000     0.00000     0.00000    -0.10225    -0.02493
     3.59500    -0.02409     0.00560     0.00705     0.00000     0.00000     0.00000    -0.10203    -0.02484
     3.60000    -0.02395     0.00556     0.00701     0.00000     0.00000     0.00000    -0.10181    -0.02475
     3.60500    -0.02381     0.00552     0.00697     0.00000     0.00000     0.00000    -0.10158    -0.02466
     3.61000    -0.02367     0.00549     0.00692     0.00000     0.00000     0.00000    -0.10136    -0.02458
     3.61500    -0.02353     0.00545     0.00688     0.00000     0.00000     0.00000    -0.10115    -0.02449
     3.62000    -0.02339     0.00541     0.00684     0.00000     0.00000     0.00000    -0.10093    -0.02440
     3.62500    -0.02326     0.00537     0.00680     0.00000     0.00000     0.00000    -0.10071    -0.02432
     3.63000    -0.02312     0.00533     0.00675     0.00000     0.00000     0.00000    -0.10049    -0.02423
     3.63500    -0.02299     0.00530     0.00671     0.00000     0.00000     0.00000    -0.10027    -0.02414
     3.64000    -0.02285     0.00526     0.00667     0.00000     0.00000     0.00000    -0.10006    -0.02406
     3.64500    -0.02272     0.00522     0.00663     0.00000     0.00000     0.00000    -0.09984    -0.02398
     3.65000    -0.02259     0.00519     0.00659     0.00000     0.00000     0.00000    -0.09963    -0.02389
     3.65500    -0.02245     0.00515     0.00655     0.00000     0.00000     0.00000    -0.09941    -0.02381
     3.66000    -0.02232     0.00512     0.00651     0.00000     0.00000     0.00000    -0.09920    -0.02372
     3.66500    -0.02219     0.00508     0.00647     0.00000     0.00000     0.00000    -0.09899    -0.02364
     3.67000    -0.02206     0.00504     0.00643     0.00000     0.00000     0.00000    -0.09878    -0.02356
     3.67500    -0.02193     0.00501     0.00639     0.00000     0.00000     0.00000    -0.09857    -0.02348
     3.68000    -0.02181     0.00498     0.00635     0.00000     0.00000     0.00000    -0.09835    -0.02339
     3.68500    -0.02168     0.00494     0.00631     0.00000     0.00000     0.00000    -0.09815    -0.02331
     3.69000    -0.02155     0.00491     0.00627     0.00000     0.00000     0.00000    -0.09794    -0.02323
     3.69500    -0.02143     0.00487     0.00623     0.00000     0.00000     0.00000    -0.09773    -0.02315
     3.70000    -0.02130     0.00484     0.00619     0.00000     0.00000     0.00000    -0.09752    -0.02307
     3.70500    -0.02118     0.00481     0.00616     0.00000     0.00000     0.00000    -0.09731    -0.02299
     3.71000    -0.02106     0.00477     0.00612     0.00000     0.00000     0.00000    -0.09711    -0.02291
     3.71500    -0.02093     0.00474     0.00608     0.00000     0.00000     0.00000    -0.09690    -0.02283
     3.72000    -0.02081     0.00471     0.00604     0.00000     0.00000     0.00000    -0.09670    -0.02275
     3.72500    -0.02069     0.00467     0.00601     0.00000     0.00000     0.00000    -0.09649    -0.02268
     3.73000    -0.02057     0.00464     0.00597     0.00000     0.00000     0.00000    -0.09629    -0.02260
     3.73500    -0.02045     0.00461     0.00593     0.00000     0.00000     0.00000    -0.09608    -0.02252
     3.74000    -0.02033     0.00458     0.00590     0.00000     0.00000     0.00000    -0.09588    -0.02244
     3.74500    -0.02021     0.00455     0.00586     0.00000     0.00000     0.00000    -0.09568    -0.02236
     3.75000    -0.02009     0.00451     0.00582     0.00000     0.00000     0.00000    -0.09548    -0.02229
     3.75500    -0.01998     0.00448     0.00579     0.00000     0.00000     0.00000    -0.09528    -0.02221
     3.76000    -0.01986     0.00445     0.00575     0.00000     0.00000     0.00000    -0.09508    -0.02214
     3.76500    -0.01974     0.00442     0.00572     0.00000     0.00000     0.00000    -0.09488    -0.02206
     3.77000    -0.01963     0.00439     0.00568     0.00000     0.00000     0.00000    -0.09468    -0.02199
     3.77500    -0.01952     0.00436     0.00565     0.00000     0.00000     0.00000    -0.09448    -0.02191
     3.78000    -0.01940     0.00433     0.00561     0.00000     0.00000     0.00000    -0.09428    -0.02184
     3.78500    -0.01929     0.00430     0.00558     0.00000     0.00000     0.00000    -0.09409    -0.02176
     3.79000    -0.01918     0.00427     0.00554     0.00000     0.00000     0.00000    -0.09389    -0.02169
     3.79500    -0.01907     0.00424     0.00551     0.00000     0.00000     0.00000    -0.09369    -0.02161
     3.80000    -0.01895     0.00421     0.00547     0.00000     0.00000     0.00000    -0.09350    -0.02154
     3.80500    -0.01884     0.00418     0.00544     0.00000     0.00000     0.00000    -0.09330    -0.02147
     3.81000    -0.01873     0.00416     0.00541     0.00000     0.00000     0.00000    -0.09311    -0.02140
     3.81500    -0.01863     0.00413     0.00537     0.00000     0.00000     0.00000    -0.09292    -0.02132
     3.82000    -0.01852     0.00410     0.00534     0.00000     0.00000     0.00000    -0.09272    -0.02125
     3.82500    -0.01841     0.00407     0.00531     0.00000     0.00000     0.00000    -0.09253    -0.02118
     3.83000    -0.01830     0.00404     0.00527     0.00000     0.00000     0.00000    -0.09234    -0.02111
     3.83500    -0.01820     0.00402     0.00524     0.00000     0.00000     0.00000    -0.09215    -0.02104
     3.84000    -0.01809     0.00399     0.00521     0.00000     0.00000     0.00000    -0.09196    -0.02097
     3.84500    -0.01799     0.00396     0.00518     0.00000     0.00000     0.00000    -0.09177    -0.02090
     3.85000    -0.01788     0.00393     0.00514     0.00000     0.00000     0.00000    -0.09158    -0.02083
     3.85500    -0.01778     0.00391     0.00511     0.00000     0.00000     0.00000    -0.09139    -0.02076
     3.86000    -0.01767     0.00388     0.00508     0.00000     0.00000     0.00000    -0.09120    -0.02069
     3.86500    -0.01757     0.00385     0.00505     0.00000     0.00000     0.00000    -0.09102    -0.02062
     3.87000    -0.01747     0.00383     0.00502     0.00000     0.00000     0.00000    -0.09083    -0.02055
     3.87500    -0.01737     0.00380     0.00499     0.00000     0.00000     0.00000    -0.09064    -0.02048
     3.88000    -0.01727     0.00377     0.00496     0.00000     0.00000     0.00000    -0.09046    -0.02041
     3.88500    -0.01717     0.00375     0.00493     0.00000     0.00000     0.00000    -0.09027    -0.02034
     3.89000    -0.01707     0.00372     0.00490     0.00000     0.00000     0.00000    -0.09009    -0.02028
     3.89500    -0.01697     0.00370     0.00487     0.00000     0.00000     0.00000    -0.08990    -0.02021
     3.90000    -0.01687     0.00367     0.00484     0.00000     0.00000     0.00000    -0.08972    -0.02014
     3.90500    -0.01677     0.00365     0.00481     0.00000     0.00000     0.00000    -0.08954    -0.02008
     3.91000    -0.01667     0.00362     0.00478     0.00000     0.00000     0.00000    -0.08936    -0.02001
     3.91500    -0.01658     0.00360     0.00475     0.00000     0.00000     0.00000    -0.08917    -0.01994
     3.92000    -0.01648     0.00357     0.00472     0.00000     0.00000     0.00000    -0.08899    -0.01988
     3.92500    -0.01639     0.00355     0.00469     0.00000     0.00000     0.00000    -0.08881    -0.01981
     3.93000    -0.01629     0.00352     0.00466     0.00000     0.00000     0.00000    -0.08863    -0.01975
     3.93500    -0.01620     0.00350     0.00463     0.00000     0.00000     0.00000    -0.08845    -0.01968
     3.94000    -0.01610     0.00348     0.00460     0.00000     0.00000     0.00000    -0.08827    -0.01962
     3.94500    -0.01601     0.00345     0.00457     0.00000     0.00000     0.00000    -0.08810    -0.01955
     3.95000    -0.01592     0.00343     0.00455     0.00000     0.00000     0.00000    -0.08792    -0.01949
     3.95500    -0.01582     0.00341     0.00452     0.00000     0.00000     0.00000    -0.08774    -0.01943
     3.96000    -0.01573     0.00338     0.00449     0.00000     0.00000     0.00000    -0.08756    -0.01936
     3.96500    -0.01564     0.00336     0.00446     0.00000     0.00000     0.00000    -0.08739    -0.01930
     3.97000    -0.01555     0.00334     0.00443     0.00000     0.00000     0.00000    -0.08721    -0.01924
     3.97500    -0.01546     0.00331     0.00441     0.00000     0.00000     0.00000    -0.08704    -0.01917
     3.98000    -0.01537     0.00329     0.00438     0.00000     0.00000     0.00000    -0.08686    -0.01911
     3.98500    -0.01528     0.00327     0.00435     0.00000     0.00000     0.00000    -0.08669    -0.01905
     3.99000    -0.01519     0.00325     0.00433     0.00000     0.00000     0.00000    -0.08651    -0.01899
     3.99500    -0.01510     0.00323     0.00430     0.00000     0.00000     0.00000    -0.08634    -0.01893
     4.00000    -0.01502     0.00320     0.00427     0.00000     0.00000     0.00000    -0.08617    -0.01886
