 # D13_1520 FF
     0.00000    -0.28637     0.93570    -1.04387     0.00000     0.00000     0.00000    -1.07710     0.00000
     0.00500    -0.28714     0.92133    -1.01979     0.00000     0.00000     0.00000    -1.06641     0.00000
     0.01000    -0.28779     0.90726    -0.99639     0.00000     0.00000     0.00000    -1.05588     0.00000
     0.01500    -0.28832     0.89350    -0.97365     0.00000     0.00000     0.00000    -1.04550     0.00000
     0.02000    -0.28874     0.88003    -0.95155     0.00000     0.00000     0.00000    -1.03528     0.00000
     0.02500    -0.28905     0.86685    -0.93005     0.00000     0.00000     0.00000    -1.02520     0.00000
     0.03000    -0.28927     0.85394    -0.90914     0.00000     0.00000     0.00000    -1.01527     0.00000
     0.03500    -0.28939     0.84130    -0.88880     0.00000     0.00000     0.00000    -1.00549     0.00000
     0.04000    -0.28942     0.82893    -0.86900     0.00000     0.00000     0.00000    -0.99584     0.00000
     0.04500    -0.28937     0.81680    -0.84974     0.00000     0.00000     0.00000    -0.98634     0.00000
     0.05000    -0.28924     0.80492    -0.83098     0.00000     0.00000     0.00000    -0.97697     0.00000
     0.05500    -0.28903     0.79327    -0.81272     0.00000     0.00000     0.00000    -0.96773     0.00000
     0.06000    -0.28875     0.78186    -0.79494     0.00000     0.00000     0.00000    -0.95862     0.00000
     0.06500    -0.28840     0.77067    -0.77762     0.00000     0.00000     0.00000    -0.94964     0.00000
     0.07000    -0.28799     0.75969    -0.76074     0.00000     0.00000     0.00000    -0.94079     0.00000
     0.07500    -0.28751     0.74893    -0.74430     0.00000     0.00000     0.00000    -0.93205     0.00000
     0.08000    -0.28698     0.73838    -0.72827     0.00000     0.00000     0.00000    -0.92344     0.00000
     0.08500    -0.28639     0.72802    -0.71265     0.00000     0.00000     0.00000    -0.91495     0.00000
     0.09000    -0.28575     0.71787    -0.69742     0.00000     0.00000     0.00000    -0.90658     0.00000
     0.09500    -0.28507     0.70790    -0.68257     0.00000     0.00000     0.00000    -0.89832     0.00000
     0.10000    -0.28433     0.69811    -0.66809     0.00000     0.00000     0.00000    -0.89017     0.00000
     0.10500    -0.28355     0.68851    -0.65396     0.00000     0.00000     0.00000    -0.88213     0.00000
     0.11000    -0.28273     0.67908    -0.64018     0.00000     0.00000     0.00000    -0.87420     0.00000
     0.11500    -0.28187     0.66982    -0.62673     0.00000     0.00000     0.00000    -0.86638     0.00000
     0.12000    -0.28097     0.66073    -0.61361     0.00000     0.00000     0.00000    -0.85866     0.00000
     0.12500    -0.28004     0.65180    -0.60081     0.00000     0.00000     0.00000    -0.85105     0.00000
     0.13000    -0.27907     0.64303    -0.58831     0.00000     0.00000     0.00000    -0.84353     0.00000
     0.13500    -0.27807     0.63442    -0.57611     0.00000     0.00000     0.00000    -0.83612     0.00000
     0.14000    -0.27704     0.62595    -0.56419     0.00000     0.00000     0.00000    -0.82880     0.00000
     0.14500    -0.27599     0.61764    -0.55256     0.00000     0.00000     0.00000    -0.82157     0.00000
     0.15000    -0.27490     0.60946    -0.54120     0.00000     0.00000     0.00000    -0.81445     0.00000
     0.15500    -0.27379     0.60143    -0.53010     0.00000     0.00000     0.00000    -0.80741     0.00000
     0.16000    -0.27266     0.59353    -0.51926     0.00000     0.00000     0.00000    -0.80046     0.00000
     0.16500    -0.27151     0.58577    -0.50867     0.00000     0.00000     0.00000    -0.79361     0.00000
     0.17000    -0.27033     0.57814    -0.49832     0.00000     0.00000     0.00000    -0.78684     0.00000
     0.17500    -0.26914     0.57063    -0.48821     0.00000     0.00000     0.00000    -0.78016     0.00000
     0.18000    -0.26792     0.56325    -0.47832     0.00000     0.00000     0.00000    -0.77356     0.00000
     0.18500    -0.26669     0.55599    -0.46866     0.00000     0.00000     0.00000    -0.76705     0.00000
     0.19000    -0.26544     0.54885    -0.45922     0.00000     0.00000     0.00000    -0.76061     0.00000
     0.19500    -0.26418     0.54183    -0.44999     0.00000     0.00000     0.00000    -0.75426     0.00000
     0.20000    -0.26291     0.53492    -0.44096     0.00000     0.00000     0.00000    -0.74799     0.00000
     0.20500    -0.26162     0.52813    -0.43214     0.00000     0.00000     0.00000    -0.74180     0.00000
     0.21000    -0.26031     0.52144    -0.42351     0.00000     0.00000     0.00000    -0.73568     0.00000
     0.21500    -0.25900     0.51486    -0.41507     0.00000     0.00000     0.00000    -0.72963     0.00000
     0.22000    -0.25768     0.50838    -0.40681     0.00000     0.00000     0.00000    -0.72367     0.00000
     0.22500    -0.25634     0.50200    -0.39873     0.00000     0.00000     0.00000    -0.71777     0.00000
     0.23000    -0.25500     0.49573    -0.39083     0.00000     0.00000     0.00000    -0.71195     0.00000
     0.23500    -0.25365     0.48955    -0.38310     0.00000     0.00000     0.00000    -0.70619     0.00000
     0.24000    -0.25229     0.48347    -0.37554     0.00000     0.00000     0.00000    -0.70051     0.00000
     0.24500    -0.25093     0.47748    -0.36814     0.00000     0.00000     0.00000    -0.69490     0.00000
     0.25000    -0.24955     0.47159    -0.36090     0.00000     0.00000     0.00000    -0.68935     0.00000
     0.25500    -0.24818     0.46578    -0.35381     0.00000     0.00000     0.00000    -0.68387     0.00000
     0.26000    -0.24679     0.46007    -0.34687     0.00000     0.00000     0.00000    -0.67845     0.00000
     0.26500    -0.24541     0.45444    -0.34008     0.00000     0.00000     0.00000    -0.67310     0.00000
     0.27000    -0.24402     0.44889    -0.33343     0.00000     0.00000     0.00000    -0.66781     0.00000
     0.27500    -0.24262     0.44343    -0.32692     0.00000     0.00000     0.00000    -0.66258     0.00000
     0.28000    -0.24122     0.43805    -0.32055     0.00000     0.00000     0.00000    -0.65741     0.00000
     0.28500    -0.23982     0.43275    -0.31431     0.00000     0.00000     0.00000    -0.65231     0.00000
     0.29000    -0.23842     0.42752    -0.30820     0.00000     0.00000     0.00000    -0.64726     0.00000
     0.29500    -0.23702     0.42238    -0.30221     0.00000     0.00000     0.00000    -0.64227     0.00000
     0.30000    -0.23561     0.41731    -0.29635     0.00000     0.00000     0.00000    -0.63734     0.00000
     0.30500    -0.23421     0.41231    -0.29061     0.00000     0.00000     0.00000    -0.63247     0.00000
     0.31000    -0.23280     0.40739    -0.28499     0.00000     0.00000     0.00000    -0.62765     0.00000
     0.31500    -0.23140     0.40254    -0.27949     0.00000     0.00000     0.00000    -0.62288     0.00000
     0.32000    -0.22999     0.39776    -0.27409     0.00000     0.00000     0.00000    -0.61817     0.00000
     0.32500    -0.22859     0.39304    -0.26881     0.00000     0.00000     0.00000    -0.61352     0.00000
     0.33000    -0.22718     0.38840    -0.26363     0.00000     0.00000     0.00000    -0.60891     0.00000
     0.33500    -0.22578     0.38382    -0.25856     0.00000     0.00000     0.00000    -0.60436     0.00000
     0.34000    -0.22438     0.37930    -0.25359     0.00000     0.00000     0.00000    -0.59986     0.00000
     0.34500    -0.22298     0.37485    -0.24872     0.00000     0.00000     0.00000    -0.59541     0.00000
     0.35000    -0.22158     0.37046    -0.24394     0.00000     0.00000     0.00000    -0.59100     0.00000
     0.35500    -0.22019     0.36613    -0.23926     0.00000     0.00000     0.00000    -0.58665     0.00000
     0.36000    -0.21879     0.36187    -0.23468     0.00000     0.00000     0.00000    -0.58234     0.00000
     0.36500    -0.21740     0.35766    -0.23019     0.00000     0.00000     0.00000    -0.57809     0.00000
     0.37000    -0.21602     0.35351    -0.22578     0.00000     0.00000     0.00000    -0.57387     0.00000
     0.37500    -0.21463     0.34942    -0.22146     0.00000     0.00000     0.00000    -0.56971     0.00000
     0.38000    -0.21325     0.34538    -0.21723     0.00000     0.00000     0.00000    -0.56559     0.00000
     0.38500    -0.21188     0.34140    -0.21308     0.00000     0.00000     0.00000    -0.56151     0.00000
     0.39000    -0.21051     0.33748    -0.20902     0.00000     0.00000     0.00000    -0.55748     0.00000
     0.39500    -0.20914     0.33360    -0.20503     0.00000     0.00000     0.00000    -0.55349     0.00000
     0.40000    -0.20777     0.32978    -0.20112     0.00000     0.00000     0.00000    -0.54954     0.00000
     0.40500    -0.20641     0.32601    -0.19729     0.00000     0.00000     0.00000    -0.54564     0.00000
     0.41000    -0.20506     0.32230    -0.19353     0.00000     0.00000     0.00000    -0.54178     0.00000
     0.41500    -0.20371     0.31863    -0.18984     0.00000     0.00000     0.00000    -0.53795     0.00000
     0.42000    -0.20236     0.31501    -0.18623     0.00000     0.00000     0.00000    -0.53417     0.00000
     0.42500    -0.20102     0.31144    -0.18268     0.00000     0.00000     0.00000    -0.53043     0.00000
     0.43000    -0.19968     0.30792    -0.17920     0.00000     0.00000     0.00000    -0.52673     0.00000
     0.43500    -0.19835     0.30444    -0.17579     0.00000     0.00000     0.00000    -0.52306     0.00000
     0.44000    -0.19702     0.30101    -0.17245     0.00000     0.00000     0.00000    -0.51944     0.00000
     0.44500    -0.19570     0.29762    -0.16917     0.00000     0.00000     0.00000    -0.51585     0.00000
     0.45000    -0.19439     0.29428    -0.16595     0.00000     0.00000     0.00000    -0.51230     0.00000
     0.45500    -0.19308     0.29098    -0.16280     0.00000     0.00000     0.00000    -0.50878     0.00000
     0.46000    -0.19177     0.28773    -0.15970     0.00000     0.00000     0.00000    -0.50530     0.00000
     0.46500    -0.19048     0.28452    -0.15666     0.00000     0.00000     0.00000    -0.50186     0.00000
     0.47000    -0.18918     0.28135    -0.15368     0.00000     0.00000     0.00000    -0.49845     0.00000
     0.47500    -0.18790     0.27822    -0.15076     0.00000     0.00000     0.00000    -0.49508     0.00000
     0.48000    -0.18662     0.27513    -0.14789     0.00000     0.00000     0.00000    -0.49174     0.00000
     0.48500    -0.18534     0.27208    -0.14508     0.00000     0.00000     0.00000    -0.48843     0.00000
     0.49000    -0.18407     0.26907    -0.14232     0.00000     0.00000     0.00000    -0.48516     0.00000
     0.49500    -0.18281     0.26610    -0.13961     0.00000     0.00000     0.00000    -0.48192     0.00000
     0.50000    -0.18155     0.26316    -0.13695     0.00000     0.00000     0.00000    -0.47871     0.00000
     0.50500    -0.18030     0.26026    -0.13435     0.00000     0.00000     0.00000    -0.47554     0.00000
     0.51000    -0.17906     0.25740    -0.13179     0.00000     0.00000     0.00000    -0.47239     0.00000
     0.51500    -0.17782     0.25458    -0.12928     0.00000     0.00000     0.00000    -0.46928     0.00000
     0.52000    -0.17659     0.25179    -0.12681     0.00000     0.00000     0.00000    -0.46620     0.00000
     0.52500    -0.17537     0.24904    -0.12439     0.00000     0.00000     0.00000    -0.46315     0.00000
     0.53000    -0.17415     0.24632    -0.12202     0.00000     0.00000     0.00000    -0.46012     0.00000
     0.53500    -0.17293     0.24363    -0.11969     0.00000     0.00000     0.00000    -0.45713     0.00000
     0.54000    -0.17173     0.24098    -0.11740     0.00000     0.00000     0.00000    -0.45417     0.00000
     0.54500    -0.17053     0.23836    -0.11516     0.00000     0.00000     0.00000    -0.45123     0.00000
     0.55000    -0.16934     0.23578    -0.11296     0.00000     0.00000     0.00000    -0.44833     0.00000
     0.55500    -0.16815     0.23322    -0.11080     0.00000     0.00000     0.00000    -0.44545     0.00000
     0.56000    -0.16697     0.23070    -0.10867     0.00000     0.00000     0.00000    -0.44260     0.00000
     0.56500    -0.16580     0.22821    -0.10659     0.00000     0.00000     0.00000    -0.43977     0.00000
     0.57000    -0.16463     0.22575    -0.10455     0.00000     0.00000     0.00000    -0.43698     0.00000
     0.57500    -0.16348     0.22332    -0.10254     0.00000     0.00000     0.00000    -0.43421     0.00000
     0.58000    -0.16232     0.22092    -0.10057     0.00000     0.00000     0.00000    -0.43146     0.00000
     0.58500    -0.16118     0.21854    -0.09864     0.00000     0.00000     0.00000    -0.42875     0.00000
     0.59000    -0.16004     0.21620    -0.09674     0.00000     0.00000     0.00000    -0.42605     0.00000
     0.59500    -0.15891     0.21389    -0.09488     0.00000     0.00000     0.00000    -0.42339     0.00000
     0.60000    -0.15778     0.21160    -0.09305     0.00000     0.00000     0.00000    -0.42074     0.00000
     0.60500    -0.15666     0.20934    -0.09125     0.00000     0.00000     0.00000    -0.41813     0.00000
     0.61000    -0.15555     0.20711    -0.08949     0.00000     0.00000     0.00000    -0.41553     0.00000
     0.61500    -0.15444     0.20491    -0.08776     0.00000     0.00000     0.00000    -0.41296     0.00000
     0.62000    -0.15334     0.20273    -0.08606     0.00000     0.00000     0.00000    -0.41042     0.00000
     0.62500    -0.15225     0.20057    -0.08439     0.00000     0.00000     0.00000    -0.40790     0.00000
     0.63000    -0.15116     0.19845    -0.08275     0.00000     0.00000     0.00000    -0.40540     0.00000
     0.63500    -0.15009     0.19635    -0.08114     0.00000     0.00000     0.00000    -0.40292     0.00000
     0.64000    -0.14901     0.19427    -0.07956     0.00000     0.00000     0.00000    -0.40047     0.00000
     0.64500    -0.14795     0.19222    -0.07801     0.00000     0.00000     0.00000    -0.39804     0.00000
     0.65000    -0.14689     0.19019    -0.07649     0.00000     0.00000     0.00000    -0.39563     0.00000
     0.65500    -0.14584     0.18819    -0.07499     0.00000     0.00000     0.00000    -0.39324     0.00000
     0.66000    -0.14479     0.18621    -0.07352     0.00000     0.00000     0.00000    -0.39088     0.00000
     0.66500    -0.14375     0.18425    -0.07208     0.00000     0.00000     0.00000    -0.38853     0.00000
     0.67000    -0.14272     0.18232    -0.07067     0.00000     0.00000     0.00000    -0.38621     0.00000
     0.67500    -0.14169     0.18041    -0.06928     0.00000     0.00000     0.00000    -0.38391     0.00000
     0.68000    -0.14067     0.17852    -0.06791     0.00000     0.00000     0.00000    -0.38163     0.00000
     0.68500    -0.13966     0.17666    -0.06657     0.00000     0.00000     0.00000    -0.37937     0.00000
     0.69000    -0.13865     0.17481    -0.06525     0.00000     0.00000     0.00000    -0.37712     0.00000
     0.69500    -0.13765     0.17299    -0.06396     0.00000     0.00000     0.00000    -0.37490     0.00000
     0.70000    -0.13666     0.17119    -0.06269     0.00000     0.00000     0.00000    -0.37270     0.00000
     0.70500    -0.13567     0.16941    -0.06145     0.00000     0.00000     0.00000    -0.37052     0.00000
     0.71000    -0.13469     0.16765    -0.06022     0.00000     0.00000     0.00000    -0.36835     0.00000
     0.71500    -0.13372     0.16591    -0.05902     0.00000     0.00000     0.00000    -0.36621     0.00000
     0.72000    -0.13275     0.16419    -0.05784     0.00000     0.00000     0.00000    -0.36408     0.00000
     0.72500    -0.13179     0.16249    -0.05668     0.00000     0.00000     0.00000    -0.36198     0.00000
     0.73000    -0.13084     0.16081    -0.05554     0.00000     0.00000     0.00000    -0.35989     0.00000
     0.73500    -0.12989     0.15914    -0.05442     0.00000     0.00000     0.00000    -0.35782     0.00000
     0.74000    -0.12895     0.15750    -0.05332     0.00000     0.00000     0.00000    -0.35576     0.00000
     0.74500    -0.12801     0.15588    -0.05225     0.00000     0.00000     0.00000    -0.35373     0.00000
     0.75000    -0.12708     0.15427    -0.05119     0.00000     0.00000     0.00000    -0.35171     0.00000
     0.75500    -0.12616     0.15269    -0.05015     0.00000     0.00000     0.00000    -0.34971     0.00000
     0.76000    -0.12524     0.15112    -0.04912     0.00000     0.00000     0.00000    -0.34772     0.00000
     0.76500    -0.12433     0.14957    -0.04812     0.00000     0.00000     0.00000    -0.34576     0.00000
     0.77000    -0.12343     0.14803    -0.04714     0.00000     0.00000     0.00000    -0.34380     0.00000
     0.77500    -0.12253     0.14652    -0.04617     0.00000     0.00000     0.00000    -0.34187     0.00000
     0.78000    -0.12164     0.14502    -0.04522     0.00000     0.00000     0.00000    -0.33995     0.00000
     0.78500    -0.12075     0.14354    -0.04428     0.00000     0.00000     0.00000    -0.33805     0.00000
     0.79000    -0.11987     0.14207    -0.04337     0.00000     0.00000     0.00000    -0.33616     0.00000
     0.79500    -0.11899     0.14062    -0.04247     0.00000     0.00000     0.00000    -0.33429     0.00000
     0.80000    -0.11813     0.13919    -0.04158     0.00000     0.00000     0.00000    -0.33244     0.00000
     0.80500    -0.11726     0.13778    -0.04071     0.00000     0.00000     0.00000    -0.33060     0.00000
     0.81000    -0.11641     0.13638    -0.03986     0.00000     0.00000     0.00000    -0.32878     0.00000
     0.81500    -0.11556     0.13499    -0.03902     0.00000     0.00000     0.00000    -0.32697     0.00000
     0.82000    -0.11471     0.13362    -0.03820     0.00000     0.00000     0.00000    -0.32517     0.00000
     0.82500    -0.11388     0.13227    -0.03739     0.00000     0.00000     0.00000    -0.32339     0.00000
     0.83000    -0.11304     0.13093    -0.03660     0.00000     0.00000     0.00000    -0.32163     0.00000
     0.83500    -0.11222     0.12960    -0.03582     0.00000     0.00000     0.00000    -0.31988     0.00000
     0.84000    -0.11139     0.12829    -0.03505     0.00000     0.00000     0.00000    -0.31814     0.00000
     0.84500    -0.11058     0.12700    -0.03430     0.00000     0.00000     0.00000    -0.31642     0.00000
     0.85000    -0.10977     0.12572    -0.03356     0.00000     0.00000     0.00000    -0.31471     0.00000
     0.85500    -0.10897     0.12445    -0.03284     0.00000     0.00000     0.00000    -0.31302     0.00000
     0.86000    -0.10817     0.12320    -0.03212     0.00000     0.00000     0.00000    -0.31134     0.00000
     0.86500    -0.10737     0.12196    -0.03142     0.00000     0.00000     0.00000    -0.30967     0.00000
     0.87000    -0.10659     0.12073    -0.03074     0.00000     0.00000     0.00000    -0.30802     0.00000
     0.87500    -0.10581     0.11952    -0.03006     0.00000     0.00000     0.00000    -0.30638     0.00000
     0.88000    -0.10503     0.11832    -0.02940     0.00000     0.00000     0.00000    -0.30475     0.00000
     0.88500    -0.10426     0.11714    -0.02875     0.00000     0.00000     0.00000    -0.30313     0.00000
     0.89000    -0.10349     0.11597    -0.02811     0.00000     0.00000     0.00000    -0.30153     0.00000
     0.89500    -0.10274     0.11481    -0.02748     0.00000     0.00000     0.00000    -0.29994     0.00000
     0.90000    -0.10198     0.11366    -0.02686     0.00000     0.00000     0.00000    -0.29837     0.00000
     0.90500    -0.10123     0.11252    -0.02626     0.00000     0.00000     0.00000    -0.29680     0.00000
     0.91000    -0.10049     0.11140    -0.02566     0.00000     0.00000     0.00000    -0.29525     0.00000
     0.91500    -0.09975     0.11029    -0.02508     0.00000     0.00000     0.00000    -0.29371     0.00000
     0.92000    -0.09902     0.10919    -0.02450     0.00000     0.00000     0.00000    -0.29218     0.00000
     0.92500    -0.09829     0.10811    -0.02394     0.00000     0.00000     0.00000    -0.29067     0.00000
     0.93000    -0.09757     0.10703    -0.02339     0.00000     0.00000     0.00000    -0.28916     0.00000
     0.93500    -0.09685     0.10597    -0.02284     0.00000     0.00000     0.00000    -0.28767     0.00000
     0.94000    -0.09614     0.10492    -0.02231     0.00000     0.00000     0.00000    -0.28619     0.00000
     0.94500    -0.09543     0.10388    -0.02179     0.00000     0.00000     0.00000    -0.28472     0.00000
     0.95000    -0.09473     0.10285    -0.02127     0.00000     0.00000     0.00000    -0.28326     0.00000
     0.95500    -0.09403     0.10183    -0.02077     0.00000     0.00000     0.00000    -0.28182     0.00000
     0.96000    -0.09334     0.10082    -0.02027     0.00000     0.00000     0.00000    -0.28038     0.00000
     0.96500    -0.09265     0.09983    -0.01978     0.00000     0.00000     0.00000    -0.27895     0.00000
     0.97000    -0.09197     0.09884    -0.01931     0.00000     0.00000     0.00000    -0.27754     0.00000
     0.97500    -0.09129     0.09787    -0.01884     0.00000     0.00000     0.00000    -0.27614     0.00000
     0.98000    -0.09062     0.09690    -0.01838     0.00000     0.00000     0.00000    -0.27474     0.00000
     0.98500    -0.08995     0.09595    -0.01792     0.00000     0.00000     0.00000    -0.27336     0.00000
     0.99000    -0.08929     0.09500    -0.01748     0.00000     0.00000     0.00000    -0.27199     0.00000
     0.99500    -0.08863     0.09407    -0.01704     0.00000     0.00000     0.00000    -0.27063     0.00000
     1.00000    -0.08798     0.09315    -0.01661     0.00000     0.00000     0.00000    -0.26928     0.00000
     1.00500    -0.08733     0.09223    -0.01619     0.00000     0.00000     0.00000    -0.26793     0.00000
     1.01000    -0.08669     0.09133    -0.01578     0.00000     0.00000     0.00000    -0.26660     0.00000
     1.01500    -0.08605     0.09043    -0.01537     0.00000     0.00000     0.00000    -0.26528     0.00000
     1.02000    -0.08542     0.08955    -0.01497     0.00000     0.00000     0.00000    -0.26397     0.00000
     1.02500    -0.08479     0.08867    -0.01458     0.00000     0.00000     0.00000    -0.26267     0.00000
     1.03000    -0.08416     0.08780    -0.01420     0.00000     0.00000     0.00000    -0.26138     0.00000
     1.03500    -0.08354     0.08694    -0.01382     0.00000     0.00000     0.00000    -0.26009     0.00000
     1.04000    -0.08293     0.08610    -0.01345     0.00000     0.00000     0.00000    -0.25882     0.00000
     1.04500    -0.08232     0.08525    -0.01309     0.00000     0.00000     0.00000    -0.25756     0.00000
     1.05000    -0.08171     0.08442    -0.01273     0.00000     0.00000     0.00000    -0.25630     0.00000
     1.05500    -0.08111     0.08360    -0.01238     0.00000     0.00000     0.00000    -0.25506     0.00000
     1.06000    -0.08051     0.08279    -0.01204     0.00000     0.00000     0.00000    -0.25382     0.00000
     1.06500    -0.07992     0.08198    -0.01170     0.00000     0.00000     0.00000    -0.25259     0.00000
     1.07000    -0.07933     0.08118    -0.01137     0.00000     0.00000     0.00000    -0.25137     0.00000
     1.07500    -0.07874     0.08040    -0.01104     0.00000     0.00000     0.00000    -0.25016     0.00000
     1.08000    -0.07816     0.07962    -0.01072     0.00000     0.00000     0.00000    -0.24896     0.00000
     1.08500    -0.07759     0.07884    -0.01041     0.00000     0.00000     0.00000    -0.24777     0.00000
     1.09000    -0.07701     0.07808    -0.01010     0.00000     0.00000     0.00000    -0.24658     0.00000
     1.09500    -0.07645     0.07732    -0.00980     0.00000     0.00000     0.00000    -0.24541     0.00000
     1.10000    -0.07588     0.07657    -0.00951     0.00000     0.00000     0.00000    -0.24424     0.00000
     1.10500    -0.07532     0.07583    -0.00922     0.00000     0.00000     0.00000    -0.24308     0.00000
     1.11000    -0.07477     0.07510    -0.00893     0.00000     0.00000     0.00000    -0.24193     0.00000
     1.11500    -0.07422     0.07438    -0.00865     0.00000     0.00000     0.00000    -0.24079     0.00000
     1.12000    -0.07367     0.07366    -0.00838     0.00000     0.00000     0.00000    -0.23965     0.00000
     1.12500    -0.07312     0.07295    -0.00811     0.00000     0.00000     0.00000    -0.23853     0.00000
     1.13000    -0.07259     0.07224    -0.00784     0.00000     0.00000     0.00000    -0.23741     0.00000
     1.13500    -0.07205     0.07155    -0.00758     0.00000     0.00000     0.00000    -0.23630     0.00000
     1.14000    -0.07152     0.07086    -0.00733     0.00000     0.00000     0.00000    -0.23520     0.00000
     1.14500    -0.07099     0.07018    -0.00708     0.00000     0.00000     0.00000    -0.23410     0.00000
     1.15000    -0.07047     0.06950    -0.00683     0.00000     0.00000     0.00000    -0.23301     0.00000
     1.15500    -0.06995     0.06884    -0.00659     0.00000     0.00000     0.00000    -0.23193     0.00000
     1.16000    -0.06943     0.06817    -0.00636     0.00000     0.00000     0.00000    -0.23086     0.00000
     1.16500    -0.06892     0.06752    -0.00613     0.00000     0.00000     0.00000    -0.22980     0.00000
     1.17000    -0.06841     0.06687    -0.00590     0.00000     0.00000     0.00000    -0.22874     0.00000
     1.17500    -0.06791     0.06623    -0.00568     0.00000     0.00000     0.00000    -0.22769     0.00000
     1.18000    -0.06741     0.06560    -0.00546     0.00000     0.00000     0.00000    -0.22664     0.00000
     1.18500    -0.06691     0.06497    -0.00524     0.00000     0.00000     0.00000    -0.22561     0.00000
     1.19000    -0.06642     0.06435    -0.00503     0.00000     0.00000     0.00000    -0.22458     0.00000
     1.19500    -0.06593     0.06373    -0.00483     0.00000     0.00000     0.00000    -0.22356     0.00000
     1.20000    -0.06544     0.06312    -0.00463     0.00000     0.00000     0.00000    -0.22254     0.00000
     1.20500    -0.06496     0.06252    -0.00443     0.00000     0.00000     0.00000    -0.22153     0.00000
     1.21000    -0.06448     0.06193    -0.00423     0.00000     0.00000     0.00000    -0.22053     0.00000
     1.21500    -0.06401     0.06134    -0.00404     0.00000     0.00000     0.00000    -0.21954     0.00000
     1.22000    -0.06353     0.06075    -0.00386     0.00000     0.00000     0.00000    -0.21855     0.00000
     1.22500    -0.06307     0.06017    -0.00367     0.00000     0.00000     0.00000    -0.21757     0.00000
     1.23000    -0.06260     0.05960    -0.00349     0.00000     0.00000     0.00000    -0.21659     0.00000
     1.23500    -0.06214     0.05903    -0.00332     0.00000     0.00000     0.00000    -0.21563     0.00000
     1.24000    -0.06168     0.05847    -0.00314     0.00000     0.00000     0.00000    -0.21467     0.00000
     1.24500    -0.06123     0.05792    -0.00298     0.00000     0.00000     0.00000    -0.21371     0.00000
     1.25000    -0.06078     0.05737    -0.00281     0.00000     0.00000     0.00000    -0.21276     0.00000
     1.25500    -0.06033     0.05682    -0.00265     0.00000     0.00000     0.00000    -0.21182     0.00000
     1.26000    -0.05988     0.05628    -0.00249     0.00000     0.00000     0.00000    -0.21088     0.00000
     1.26500    -0.05944     0.05575    -0.00233     0.00000     0.00000     0.00000    -0.20995     0.00000
     1.27000    -0.05901     0.05522    -0.00218     0.00000     0.00000     0.00000    -0.20903     0.00000
     1.27500    -0.05857     0.05470    -0.00203     0.00000     0.00000     0.00000    -0.20811     0.00000
     1.28000    -0.05814     0.05418    -0.00188     0.00000     0.00000     0.00000    -0.20720     0.00000
     1.28500    -0.05771     0.05367    -0.00174     0.00000     0.00000     0.00000    -0.20629     0.00000
     1.29000    -0.05729     0.05316    -0.00160     0.00000     0.00000     0.00000    -0.20539     0.00000
     1.29500    -0.05687     0.05266    -0.00146     0.00000     0.00000     0.00000    -0.20450     0.00000
     1.30000    -0.05645     0.05216    -0.00132     0.00000     0.00000     0.00000    -0.20361     0.00000
     1.30500    -0.05603     0.05167    -0.00119     0.00000     0.00000     0.00000    -0.20273     0.00000
     1.31000    -0.05562     0.05119    -0.00106     0.00000     0.00000     0.00000    -0.20185     0.00000
     1.31500    -0.05521     0.05070    -0.00093     0.00000     0.00000     0.00000    -0.20098     0.00000
     1.32000    -0.05480     0.05023    -0.00081     0.00000     0.00000     0.00000    -0.20012     0.00000
     1.32500    -0.05440     0.04975    -0.00069     0.00000     0.00000     0.00000    -0.19926     0.00000
     1.33000    -0.05400     0.04928    -0.00057     0.00000     0.00000     0.00000    -0.19840     0.00000
     1.33500    -0.05360     0.04882    -0.00045     0.00000     0.00000     0.00000    -0.19755     0.00000
     1.34000    -0.05321     0.04836    -0.00034     0.00000     0.00000     0.00000    -0.19671     0.00000
     1.34500    -0.05282     0.04791    -0.00022     0.00000     0.00000     0.00000    -0.19587     0.00000
     1.35000    -0.05243     0.04746    -0.00011     0.00000     0.00000     0.00000    -0.19504     0.00000
     1.35500    -0.05204     0.04701    -0.00001     0.00000     0.00000     0.00000    -0.19421     0.00000
     1.36000    -0.05166     0.04657     0.00010     0.00000     0.00000     0.00000    -0.19339     0.00000
     1.36500    -0.05128     0.04614     0.00020     0.00000     0.00000     0.00000    -0.19257     0.00000
     1.37000    -0.05090     0.04570     0.00030     0.00000     0.00000     0.00000    -0.19176     0.00000
     1.37500    -0.05053     0.04528     0.00040     0.00000     0.00000     0.00000    -0.19095     0.00000
     1.38000    -0.05016     0.04485     0.00050     0.00000     0.00000     0.00000    -0.19015     0.00000
     1.38500    -0.04979     0.04443     0.00059     0.00000     0.00000     0.00000    -0.18936     0.00000
     1.39000    -0.04942     0.04402     0.00068     0.00000     0.00000     0.00000    -0.18857     0.00000
     1.39500    -0.04906     0.04361     0.00077     0.00000     0.00000     0.00000    -0.18778     0.00000
     1.40000    -0.04870     0.04320     0.00086     0.00000     0.00000     0.00000    -0.18700     0.00000
     1.40500    -0.04834     0.04280     0.00095     0.00000     0.00000     0.00000    -0.18622     0.00000
     1.41000    -0.04799     0.04240     0.00103     0.00000     0.00000     0.00000    -0.18545     0.00000
     1.41500    -0.04764     0.04200     0.00112     0.00000     0.00000     0.00000    -0.18468     0.00000
     1.42000    -0.04729     0.04161     0.00120     0.00000     0.00000     0.00000    -0.18392     0.00000
     1.42500    -0.04694     0.04122     0.00127     0.00000     0.00000     0.00000    -0.18316     0.00000
     1.43000    -0.04659     0.04084     0.00135     0.00000     0.00000     0.00000    -0.18241     0.00000
     1.43500    -0.04625     0.04046     0.00143     0.00000     0.00000     0.00000    -0.18166     0.00000
     1.44000    -0.04591     0.04008     0.00150     0.00000     0.00000     0.00000    -0.18092     0.00000
     1.44500    -0.04558     0.03971     0.00157     0.00000     0.00000     0.00000    -0.18018     0.00000
     1.45000    -0.04524     0.03934     0.00164     0.00000     0.00000     0.00000    -0.17944     0.00000
     1.45500    -0.04491     0.03898     0.00171     0.00000     0.00000     0.00000    -0.17871     0.00000
     1.46000    -0.04458     0.03862     0.00178     0.00000     0.00000     0.00000    -0.17799     0.00000
     1.46500    -0.04425     0.03826     0.00184     0.00000     0.00000     0.00000    -0.17727     0.00000
     1.47000    -0.04393     0.03790     0.00191     0.00000     0.00000     0.00000    -0.17655     0.00000
     1.47500    -0.04361     0.03755     0.00197     0.00000     0.00000     0.00000    -0.17584     0.00000
     1.48000    -0.04329     0.03720     0.00203     0.00000     0.00000     0.00000    -0.17513     0.00000
     1.48500    -0.04297     0.03686     0.00209     0.00000     0.00000     0.00000    -0.17442     0.00000
     1.49000    -0.04266     0.03652     0.00215     0.00000     0.00000     0.00000    -0.17372     0.00000
     1.49500    -0.04234     0.03618     0.00220     0.00000     0.00000     0.00000    -0.17303     0.00000
     1.50000    -0.04203     0.03585     0.00226     0.00000     0.00000     0.00000    -0.17234     0.00000
     1.50500    -0.04173     0.03552     0.00231     0.00000     0.00000     0.00000    -0.17165     0.00000
     1.51000    -0.04142     0.03519     0.00236     0.00000     0.00000     0.00000    -0.17097     0.00000
     1.51500    -0.04112     0.03486     0.00241     0.00000     0.00000     0.00000    -0.17029     0.00000
     1.52000    -0.04082     0.03454     0.00246     0.00000     0.00000     0.00000    -0.16961     0.00000
     1.52500    -0.04052     0.03422     0.00251     0.00000     0.00000     0.00000    -0.16894     0.00000
     1.53000    -0.04022     0.03391     0.00256     0.00000     0.00000     0.00000    -0.16827     0.00000
     1.53500    -0.03993     0.03360     0.00260     0.00000     0.00000     0.00000    -0.16761     0.00000
     1.54000    -0.03963     0.03329     0.00265     0.00000     0.00000     0.00000    -0.16695     0.00000
     1.54500    -0.03934     0.03298     0.00269     0.00000     0.00000     0.00000    -0.16630     0.00000
     1.55000    -0.03906     0.03268     0.00273     0.00000     0.00000     0.00000    -0.16564     0.00000
     1.55500    -0.03877     0.03238     0.00277     0.00000     0.00000     0.00000    -0.16500     0.00000
     1.56000    -0.03849     0.03208     0.00281     0.00000     0.00000     0.00000    -0.16435     0.00000
     1.56500    -0.03821     0.03178     0.00285     0.00000     0.00000     0.00000    -0.16371     0.00000
     1.57000    -0.03793     0.03149     0.00289     0.00000     0.00000     0.00000    -0.16308     0.00000
     1.57500    -0.03765     0.03120     0.00293     0.00000     0.00000     0.00000    -0.16244     0.00000
     1.58000    -0.03738     0.03092     0.00296     0.00000     0.00000     0.00000    -0.16181     0.00000
     1.58500    -0.03710     0.03063     0.00300     0.00000     0.00000     0.00000    -0.16119     0.00000
     1.59000    -0.03683     0.03035     0.00303     0.00000     0.00000     0.00000    -0.16057     0.00000
     1.59500    -0.03656     0.03007     0.00306     0.00000     0.00000     0.00000    -0.15995     0.00000
     1.60000    -0.03630     0.02980     0.00309     0.00000     0.00000     0.00000    -0.15934     0.00000
     1.60500    -0.03603     0.02953     0.00312     0.00000     0.00000     0.00000    -0.15872     0.00000
     1.61000    -0.03577     0.02926     0.00315     0.00000     0.00000     0.00000    -0.15812     0.00000
     1.61500    -0.03551     0.02899     0.00318     0.00000     0.00000     0.00000    -0.15751     0.00000
     1.62000    -0.03525     0.02872     0.00321     0.00000     0.00000     0.00000    -0.15691     0.00000
     1.62500    -0.03499     0.02846     0.00324     0.00000     0.00000     0.00000    -0.15631     0.00000
     1.63000    -0.03473     0.02820     0.00326     0.00000     0.00000     0.00000    -0.15572     0.00000
     1.63500    -0.03448     0.02794     0.00329     0.00000     0.00000     0.00000    -0.15513     0.00000
     1.64000    -0.03423     0.02769     0.00331     0.00000     0.00000     0.00000    -0.15454     0.00000
     1.64500    -0.03398     0.02744     0.00334     0.00000     0.00000     0.00000    -0.15396     0.00000
     1.65000    -0.03373     0.02719     0.00336     0.00000     0.00000     0.00000    -0.15338     0.00000
     1.65500    -0.03349     0.02694     0.00338     0.00000     0.00000     0.00000    -0.15280     0.00000
     1.66000    -0.03324     0.02669     0.00340     0.00000     0.00000     0.00000    -0.15223     0.00000
     1.66500    -0.03300     0.02645     0.00342     0.00000     0.00000     0.00000    -0.15166     0.00000
     1.67000    -0.03276     0.02621     0.00344     0.00000     0.00000     0.00000    -0.15109     0.00000
     1.67500    -0.03252     0.02597     0.00346     0.00000     0.00000     0.00000    -0.15053     0.00000
     1.68000    -0.03229     0.02573     0.00348     0.00000     0.00000     0.00000    -0.14996     0.00000
     1.68500    -0.03205     0.02550     0.00350     0.00000     0.00000     0.00000    -0.14941     0.00000
     1.69000    -0.03182     0.02527     0.00351     0.00000     0.00000     0.00000    -0.14885     0.00000
     1.69500    -0.03159     0.02504     0.00353     0.00000     0.00000     0.00000    -0.14830     0.00000
     1.70000    -0.03136     0.02481     0.00354     0.00000     0.00000     0.00000    -0.14775     0.00000
     1.70500    -0.03113     0.02459     0.00356     0.00000     0.00000     0.00000    -0.14721     0.00000
     1.71000    -0.03090     0.02436     0.00357     0.00000     0.00000     0.00000    -0.14666     0.00000
     1.71500    -0.03068     0.02414     0.00359     0.00000     0.00000     0.00000    -0.14612     0.00000
     1.72000    -0.03045     0.02392     0.00360     0.00000     0.00000     0.00000    -0.14559     0.00000
     1.72500    -0.03023     0.02371     0.00361     0.00000     0.00000     0.00000    -0.14505     0.00000
     1.73000    -0.03001     0.02349     0.00362     0.00000     0.00000     0.00000    -0.14452     0.00000
     1.73500    -0.02979     0.02328     0.00363     0.00000     0.00000     0.00000    -0.14399     0.00000
     1.74000    -0.02958     0.02307     0.00364     0.00000     0.00000     0.00000    -0.14347     0.00000
     1.74500    -0.02936     0.02286     0.00365     0.00000     0.00000     0.00000    -0.14295     0.00000
     1.75000    -0.02915     0.02265     0.00366     0.00000     0.00000     0.00000    -0.14243     0.00000
     1.75500    -0.02894     0.02245     0.00367     0.00000     0.00000     0.00000    -0.14191     0.00000
     1.76000    -0.02873     0.02225     0.00368     0.00000     0.00000     0.00000    -0.14140     0.00000
     1.76500    -0.02852     0.02204     0.00369     0.00000     0.00000     0.00000    -0.14089     0.00000
     1.77000    -0.02831     0.02185     0.00369     0.00000     0.00000     0.00000    -0.14038     0.00000
     1.77500    -0.02811     0.02165     0.00370     0.00000     0.00000     0.00000    -0.13987     0.00000
     1.78000    -0.02790     0.02145     0.00371     0.00000     0.00000     0.00000    -0.13937     0.00000
     1.78500    -0.02770     0.02126     0.00371     0.00000     0.00000     0.00000    -0.13887     0.00000
     1.79000    -0.02750     0.02107     0.00372     0.00000     0.00000     0.00000    -0.13837     0.00000
     1.79500    -0.02730     0.02088     0.00372     0.00000     0.00000     0.00000    -0.13788     0.00000
     1.80000    -0.02710     0.02069     0.00373     0.00000     0.00000     0.00000    -0.13739     0.00000
     1.80500    -0.02691     0.02050     0.00373     0.00000     0.00000     0.00000    -0.13690     0.00000
     1.81000    -0.02671     0.02032     0.00373     0.00000     0.00000     0.00000    -0.13641     0.00000
     1.81500    -0.02652     0.02014     0.00374     0.00000     0.00000     0.00000    -0.13593     0.00000
     1.82000    -0.02633     0.01995     0.00374     0.00000     0.00000     0.00000    -0.13544     0.00000
     1.82500    -0.02613     0.01978     0.00374     0.00000     0.00000     0.00000    -0.13496     0.00000
     1.83000    -0.02595     0.01960     0.00374     0.00000     0.00000     0.00000    -0.13449     0.00000
     1.83500    -0.02576     0.01942     0.00375     0.00000     0.00000     0.00000    -0.13401     0.00000
     1.84000    -0.02557     0.01925     0.00375     0.00000     0.00000     0.00000    -0.13354     0.00000
     1.84500    -0.02539     0.01907     0.00375     0.00000     0.00000     0.00000    -0.13307     0.00000
     1.85000    -0.02520     0.01890     0.00375     0.00000     0.00000     0.00000    -0.13261     0.00000
     1.85500    -0.02502     0.01873     0.00375     0.00000     0.00000     0.00000    -0.13214     0.00000
     1.86000    -0.02484     0.01857     0.00375     0.00000     0.00000     0.00000    -0.13168     0.00000
     1.86500    -0.02466     0.01840     0.00375     0.00000     0.00000     0.00000    -0.13122     0.00000
     1.87000    -0.02448     0.01823     0.00374     0.00000     0.00000     0.00000    -0.13077     0.00000
     1.87500    -0.02430     0.01807     0.00374     0.00000     0.00000     0.00000    -0.13031     0.00000
     1.88000    -0.02413     0.01791     0.00374     0.00000     0.00000     0.00000    -0.12986     0.00000
     1.88500    -0.02395     0.01775     0.00374     0.00000     0.00000     0.00000    -0.12941     0.00000
     1.89000    -0.02378     0.01759     0.00374     0.00000     0.00000     0.00000    -0.12896     0.00000
     1.89500    -0.02361     0.01743     0.00373     0.00000     0.00000     0.00000    -0.12852     0.00000
     1.90000    -0.02344     0.01728     0.00373     0.00000     0.00000     0.00000    -0.12807     0.00000
     1.90500    -0.02327     0.01712     0.00373     0.00000     0.00000     0.00000    -0.12763     0.00000
     1.91000    -0.02310     0.01697     0.00372     0.00000     0.00000     0.00000    -0.12720     0.00000
     1.91500    -0.02294     0.01682     0.00372     0.00000     0.00000     0.00000    -0.12676     0.00000
     1.92000    -0.02277     0.01667     0.00372     0.00000     0.00000     0.00000    -0.12633     0.00000
     1.92500    -0.02261     0.01652     0.00371     0.00000     0.00000     0.00000    -0.12589     0.00000
     1.93000    -0.02244     0.01637     0.00371     0.00000     0.00000     0.00000    -0.12547     0.00000
     1.93500    -0.02228     0.01623     0.00370     0.00000     0.00000     0.00000    -0.12504     0.00000
     1.94000    -0.02212     0.01608     0.00370     0.00000     0.00000     0.00000    -0.12461     0.00000
     1.94500    -0.02196     0.01594     0.00369     0.00000     0.00000     0.00000    -0.12419     0.00000
     1.95000    -0.02180     0.01580     0.00368     0.00000     0.00000     0.00000    -0.12377     0.00000
     1.95500    -0.02165     0.01565     0.00368     0.00000     0.00000     0.00000    -0.12335     0.00000
     1.96000    -0.02149     0.01552     0.00367     0.00000     0.00000     0.00000    -0.12293     0.00000
     1.96500    -0.02133     0.01538     0.00367     0.00000     0.00000     0.00000    -0.12252     0.00000
     1.97000    -0.02118     0.01524     0.00366     0.00000     0.00000     0.00000    -0.12211     0.00000
     1.97500    -0.02103     0.01510     0.00365     0.00000     0.00000     0.00000    -0.12170     0.00000
     1.98000    -0.02088     0.01497     0.00365     0.00000     0.00000     0.00000    -0.12129     0.00000
     1.98500    -0.02073     0.01484     0.00364     0.00000     0.00000     0.00000    -0.12088     0.00000
     1.99000    -0.02058     0.01471     0.00363     0.00000     0.00000     0.00000    -0.12048     0.00000
     1.99500    -0.02043     0.01458     0.00362     0.00000     0.00000     0.00000    -0.12008     0.00000
     2.00000    -0.02028     0.01445     0.00362     0.00000     0.00000     0.00000    -0.11968     0.00000
     2.00500    -0.02014     0.01432     0.00361     0.00000     0.00000     0.00000    -0.11928     0.00000
     2.01000    -0.01999     0.01419     0.00360     0.00000     0.00000     0.00000    -0.11888     0.00000
     2.01500    -0.01985     0.01406     0.00359     0.00000     0.00000     0.00000    -0.11849     0.00000
     2.02000    -0.01971     0.01394     0.00358     0.00000     0.00000     0.00000    -0.11810     0.00000
     2.02500    -0.01956     0.01382     0.00357     0.00000     0.00000     0.00000    -0.11771     0.00000
     2.03000    -0.01942     0.01369     0.00356     0.00000     0.00000     0.00000    -0.11732     0.00000
     2.03500    -0.01928     0.01357     0.00356     0.00000     0.00000     0.00000    -0.11693     0.00000
     2.04000    -0.01915     0.01345     0.00355     0.00000     0.00000     0.00000    -0.11655     0.00000
     2.04500    -0.01901     0.01333     0.00354     0.00000     0.00000     0.00000    -0.11617     0.00000
     2.05000    -0.01887     0.01322     0.00353     0.00000     0.00000     0.00000    -0.11579     0.00000
     2.05500    -0.01874     0.01310     0.00352     0.00000     0.00000     0.00000    -0.11541     0.00000
     2.06000    -0.01860     0.01298     0.00351     0.00000     0.00000     0.00000    -0.11503     0.00000
     2.06500    -0.01847     0.01287     0.00350     0.00000     0.00000     0.00000    -0.11466     0.00000
     2.07000    -0.01834     0.01275     0.00349     0.00000     0.00000     0.00000    -0.11428     0.00000
     2.07500    -0.01821     0.01264     0.00348     0.00000     0.00000     0.00000    -0.11391     0.00000
     2.08000    -0.01807     0.01253     0.00347     0.00000     0.00000     0.00000    -0.11354     0.00000
     2.08500    -0.01795     0.01242     0.00346     0.00000     0.00000     0.00000    -0.11317     0.00000
     2.09000    -0.01782     0.01231     0.00345     0.00000     0.00000     0.00000    -0.11281     0.00000
     2.09500    -0.01769     0.01220     0.00344     0.00000     0.00000     0.00000    -0.11244     0.00000
     2.10000    -0.01756     0.01209     0.00343     0.00000     0.00000     0.00000    -0.11208     0.00000
     2.10500    -0.01744     0.01199     0.00342     0.00000     0.00000     0.00000    -0.11172     0.00000
     2.11000    -0.01731     0.01188     0.00340     0.00000     0.00000     0.00000    -0.11136     0.00000
     2.11500    -0.01719     0.01178     0.00339     0.00000     0.00000     0.00000    -0.11100     0.00000
     2.12000    -0.01706     0.01167     0.00338     0.00000     0.00000     0.00000    -0.11065     0.00000
     2.12500    -0.01694     0.01157     0.00337     0.00000     0.00000     0.00000    -0.11030     0.00000
     2.13000    -0.01682     0.01147     0.00336     0.00000     0.00000     0.00000    -0.10994     0.00000
     2.13500    -0.01670     0.01137     0.00335     0.00000     0.00000     0.00000    -0.10959     0.00000
     2.14000    -0.01658     0.01127     0.00334     0.00000     0.00000     0.00000    -0.10924     0.00000
     2.14500    -0.01646     0.01117     0.00333     0.00000     0.00000     0.00000    -0.10890     0.00000
     2.15000    -0.01635     0.01107     0.00331     0.00000     0.00000     0.00000    -0.10855     0.00000
     2.15500    -0.01623     0.01097     0.00330     0.00000     0.00000     0.00000    -0.10821     0.00000
     2.16000    -0.01611     0.01088     0.00329     0.00000     0.00000     0.00000    -0.10787     0.00000
     2.16500    -0.01600     0.01078     0.00328     0.00000     0.00000     0.00000    -0.10753     0.00000
     2.17000    -0.01588     0.01069     0.00327     0.00000     0.00000     0.00000    -0.10719     0.00000
     2.17500    -0.01577     0.01059     0.00326     0.00000     0.00000     0.00000    -0.10685     0.00000
     2.18000    -0.01566     0.01050     0.00324     0.00000     0.00000     0.00000    -0.10651     0.00000
     2.18500    -0.01555     0.01041     0.00323     0.00000     0.00000     0.00000    -0.10618     0.00000
     2.19000    -0.01544     0.01032     0.00322     0.00000     0.00000     0.00000    -0.10585     0.00000
     2.19500    -0.01533     0.01023     0.00321     0.00000     0.00000     0.00000    -0.10552     0.00000
     2.20000    -0.01522     0.01014     0.00320     0.00000     0.00000     0.00000    -0.10519     0.00000
     2.20500    -0.01511     0.01005     0.00318     0.00000     0.00000     0.00000    -0.10486     0.00000
     2.21000    -0.01500     0.00996     0.00317     0.00000     0.00000     0.00000    -0.10453     0.00000
     2.21500    -0.01489     0.00987     0.00316     0.00000     0.00000     0.00000    -0.10421     0.00000
     2.22000    -0.01479     0.00979     0.00315     0.00000     0.00000     0.00000    -0.10388     0.00000
     2.22500    -0.01468     0.00970     0.00313     0.00000     0.00000     0.00000    -0.10356     0.00000
     2.23000    -0.01458     0.00961     0.00312     0.00000     0.00000     0.00000    -0.10324     0.00000
     2.23500    -0.01447     0.00953     0.00311     0.00000     0.00000     0.00000    -0.10292     0.00000
     2.24000    -0.01437     0.00945     0.00310     0.00000     0.00000     0.00000    -0.10260     0.00000
     2.24500    -0.01427     0.00936     0.00308     0.00000     0.00000     0.00000    -0.10229     0.00000
     2.25000    -0.01417     0.00928     0.00307     0.00000     0.00000     0.00000    -0.10197     0.00000
     2.25500    -0.01407     0.00920     0.00306     0.00000     0.00000     0.00000    -0.10166     0.00000
     2.26000    -0.01397     0.00912     0.00305     0.00000     0.00000     0.00000    -0.10135     0.00000
     2.26500    -0.01387     0.00904     0.00303     0.00000     0.00000     0.00000    -0.10104     0.00000
     2.27000    -0.01377     0.00896     0.00302     0.00000     0.00000     0.00000    -0.10073     0.00000
     2.27500    -0.01367     0.00888     0.00301     0.00000     0.00000     0.00000    -0.10042     0.00000
     2.28000    -0.01357     0.00881     0.00299     0.00000     0.00000     0.00000    -0.10012     0.00000
     2.28500    -0.01348     0.00873     0.00298     0.00000     0.00000     0.00000    -0.09981     0.00000
     2.29000    -0.01338     0.00865     0.00297     0.00000     0.00000     0.00000    -0.09951     0.00000
     2.29500    -0.01329     0.00858     0.00296     0.00000     0.00000     0.00000    -0.09921     0.00000
     2.30000    -0.01319     0.00850     0.00294     0.00000     0.00000     0.00000    -0.09891     0.00000
     2.30500    -0.01310     0.00843     0.00293     0.00000     0.00000     0.00000    -0.09861     0.00000
     2.31000    -0.01300     0.00836     0.00292     0.00000     0.00000     0.00000    -0.09831     0.00000
     2.31500    -0.01291     0.00828     0.00290     0.00000     0.00000     0.00000    -0.09801     0.00000
     2.32000    -0.01282     0.00821     0.00289     0.00000     0.00000     0.00000    -0.09772     0.00000
     2.32500    -0.01273     0.00814     0.00288     0.00000     0.00000     0.00000    -0.09743     0.00000
     2.33000    -0.01264     0.00807     0.00287     0.00000     0.00000     0.00000    -0.09713     0.00000
     2.33500    -0.01255     0.00800     0.00285     0.00000     0.00000     0.00000    -0.09684     0.00000
     2.34000    -0.01246     0.00793     0.00284     0.00000     0.00000     0.00000    -0.09655     0.00000
     2.34500    -0.01237     0.00786     0.00283     0.00000     0.00000     0.00000    -0.09626     0.00000
     2.35000    -0.01228     0.00779     0.00281     0.00000     0.00000     0.00000    -0.09598     0.00000
     2.35500    -0.01220     0.00772     0.00280     0.00000     0.00000     0.00000    -0.09569     0.00000
     2.36000    -0.01211     0.00766     0.00279     0.00000     0.00000     0.00000    -0.09541     0.00000
     2.36500    -0.01203     0.00759     0.00278     0.00000     0.00000     0.00000    -0.09512     0.00000
     2.37000    -0.01194     0.00753     0.00276     0.00000     0.00000     0.00000    -0.09484     0.00000
     2.37500    -0.01186     0.00746     0.00275     0.00000     0.00000     0.00000    -0.09456     0.00000
     2.38000    -0.01177     0.00740     0.00274     0.00000     0.00000     0.00000    -0.09428     0.00000
     2.38500    -0.01169     0.00733     0.00272     0.00000     0.00000     0.00000    -0.09400     0.00000
     2.39000    -0.01161     0.00727     0.00271     0.00000     0.00000     0.00000    -0.09373     0.00000
     2.39500    -0.01152     0.00720     0.00270     0.00000     0.00000     0.00000    -0.09345     0.00000
     2.40000    -0.01144     0.00714     0.00269     0.00000     0.00000     0.00000    -0.09318     0.00000
     2.40500    -0.01136     0.00708     0.00267     0.00000     0.00000     0.00000    -0.09290     0.00000
     2.41000    -0.01128     0.00702     0.00266     0.00000     0.00000     0.00000    -0.09263     0.00000
     2.41500    -0.01120     0.00696     0.00265     0.00000     0.00000     0.00000    -0.09236     0.00000
     2.42000    -0.01112     0.00690     0.00263     0.00000     0.00000     0.00000    -0.09209     0.00000
     2.42500    -0.01104     0.00684     0.00262     0.00000     0.00000     0.00000    -0.09182     0.00000
     2.43000    -0.01097     0.00678     0.00261     0.00000     0.00000     0.00000    -0.09155     0.00000
     2.43500    -0.01089     0.00672     0.00260     0.00000     0.00000     0.00000    -0.09129     0.00000
     2.44000    -0.01081     0.00666     0.00258     0.00000     0.00000     0.00000    -0.09102     0.00000
     2.44500    -0.01074     0.00661     0.00257     0.00000     0.00000     0.00000    -0.09076     0.00000
     2.45000    -0.01066     0.00655     0.00256     0.00000     0.00000     0.00000    -0.09049     0.00000
     2.45500    -0.01058     0.00649     0.00254     0.00000     0.00000     0.00000    -0.09023     0.00000
     2.46000    -0.01051     0.00644     0.00253     0.00000     0.00000     0.00000    -0.08997     0.00000
     2.46500    -0.01044     0.00638     0.00252     0.00000     0.00000     0.00000    -0.08971     0.00000
     2.47000    -0.01036     0.00633     0.00251     0.00000     0.00000     0.00000    -0.08945     0.00000
     2.47500    -0.01029     0.00627     0.00249     0.00000     0.00000     0.00000    -0.08920     0.00000
     2.48000    -0.01022     0.00622     0.00248     0.00000     0.00000     0.00000    -0.08894     0.00000
     2.48500    -0.01015     0.00616     0.00247     0.00000     0.00000     0.00000    -0.08869     0.00000
     2.49000    -0.01007     0.00611     0.00246     0.00000     0.00000     0.00000    -0.08843     0.00000
     2.49500    -0.01000     0.00606     0.00244     0.00000     0.00000     0.00000    -0.08818     0.00000
     2.50000    -0.00993     0.00600     0.00243     0.00000     0.00000     0.00000    -0.08793     0.00000
     2.50500    -0.00986     0.00595     0.00242     0.00000     0.00000     0.00000    -0.08768     0.00000
     2.51000    -0.00979     0.00590     0.00241     0.00000     0.00000     0.00000    -0.08743     0.00000
     2.51500    -0.00972     0.00585     0.00239     0.00000     0.00000     0.00000    -0.08718     0.00000
     2.52000    -0.00966     0.00580     0.00238     0.00000     0.00000     0.00000    -0.08693     0.00000
     2.52500    -0.00959     0.00575     0.00237     0.00000     0.00000     0.00000    -0.08668     0.00000
     2.53000    -0.00952     0.00570     0.00236     0.00000     0.00000     0.00000    -0.08644     0.00000
     2.53500    -0.00945     0.00565     0.00235     0.00000     0.00000     0.00000    -0.08619     0.00000
     2.54000    -0.00939     0.00560     0.00233     0.00000     0.00000     0.00000    -0.08595     0.00000
     2.54500    -0.00932     0.00556     0.00232     0.00000     0.00000     0.00000    -0.08571     0.00000
     2.55000    -0.00926     0.00551     0.00231     0.00000     0.00000     0.00000    -0.08547     0.00000
     2.55500    -0.00919     0.00546     0.00230     0.00000     0.00000     0.00000    -0.08523     0.00000
     2.56000    -0.00913     0.00541     0.00228     0.00000     0.00000     0.00000    -0.08499     0.00000
     2.56500    -0.00906     0.00537     0.00227     0.00000     0.00000     0.00000    -0.08475     0.00000
     2.57000    -0.00900     0.00532     0.00226     0.00000     0.00000     0.00000    -0.08451     0.00000
     2.57500    -0.00894     0.00528     0.00225     0.00000     0.00000     0.00000    -0.08428     0.00000
     2.58000    -0.00887     0.00523     0.00224     0.00000     0.00000     0.00000    -0.08404     0.00000
     2.58500    -0.00881     0.00519     0.00222     0.00000     0.00000     0.00000    -0.08381     0.00000
     2.59000    -0.00875     0.00514     0.00221     0.00000     0.00000     0.00000    -0.08357     0.00000
     2.59500    -0.00869     0.00510     0.00220     0.00000     0.00000     0.00000    -0.08334     0.00000
     2.60000    -0.00863     0.00505     0.00219     0.00000     0.00000     0.00000    -0.08311     0.00000
     2.60500    -0.00857     0.00501     0.00218     0.00000     0.00000     0.00000    -0.08288     0.00000
     2.61000    -0.00851     0.00497     0.00216     0.00000     0.00000     0.00000    -0.08265     0.00000
     2.61500    -0.00845     0.00492     0.00215     0.00000     0.00000     0.00000    -0.08242     0.00000
     2.62000    -0.00839     0.00488     0.00214     0.00000     0.00000     0.00000    -0.08219     0.00000
     2.62500    -0.00833     0.00484     0.00213     0.00000     0.00000     0.00000    -0.08197     0.00000
     2.63000    -0.00827     0.00480     0.00212     0.00000     0.00000     0.00000    -0.08174     0.00000
     2.63500    -0.00821     0.00476     0.00211     0.00000     0.00000     0.00000    -0.08152     0.00000
     2.64000    -0.00816     0.00472     0.00210     0.00000     0.00000     0.00000    -0.08129     0.00000
     2.64500    -0.00810     0.00468     0.00208     0.00000     0.00000     0.00000    -0.08107     0.00000
     2.65000    -0.00804     0.00464     0.00207     0.00000     0.00000     0.00000    -0.08085     0.00000
     2.65500    -0.00799     0.00460     0.00206     0.00000     0.00000     0.00000    -0.08063     0.00000
     2.66000    -0.00793     0.00456     0.00205     0.00000     0.00000     0.00000    -0.08041     0.00000
     2.66500    -0.00787     0.00452     0.00204     0.00000     0.00000     0.00000    -0.08019     0.00000
     2.67000    -0.00782     0.00448     0.00203     0.00000     0.00000     0.00000    -0.07997     0.00000
     2.67500    -0.00776     0.00444     0.00202     0.00000     0.00000     0.00000    -0.07975     0.00000
     2.68000    -0.00771     0.00440     0.00200     0.00000     0.00000     0.00000    -0.07954     0.00000
     2.68500    -0.00766     0.00437     0.00199     0.00000     0.00000     0.00000    -0.07932     0.00000
     2.69000    -0.00760     0.00433     0.00198     0.00000     0.00000     0.00000    -0.07911     0.00000
     2.69500    -0.00755     0.00429     0.00197     0.00000     0.00000     0.00000    -0.07889     0.00000
     2.70000    -0.00750     0.00426     0.00196     0.00000     0.00000     0.00000    -0.07868     0.00000
     2.70500    -0.00745     0.00422     0.00195     0.00000     0.00000     0.00000    -0.07847     0.00000
     2.71000    -0.00739     0.00418     0.00194     0.00000     0.00000     0.00000    -0.07825     0.00000
     2.71500    -0.00734     0.00415     0.00193     0.00000     0.00000     0.00000    -0.07804     0.00000
     2.72000    -0.00729     0.00411     0.00192     0.00000     0.00000     0.00000    -0.07783     0.00000
     2.72500    -0.00724     0.00408     0.00191     0.00000     0.00000     0.00000    -0.07763     0.00000
     2.73000    -0.00719     0.00404     0.00189     0.00000     0.00000     0.00000    -0.07742     0.00000
     2.73500    -0.00714     0.00401     0.00188     0.00000     0.00000     0.00000    -0.07721     0.00000
     2.74000    -0.00709     0.00398     0.00187     0.00000     0.00000     0.00000    -0.07700     0.00000
     2.74500    -0.00704     0.00394     0.00186     0.00000     0.00000     0.00000    -0.07680     0.00000
     2.75000    -0.00699     0.00391     0.00185     0.00000     0.00000     0.00000    -0.07659     0.00000
     2.75500    -0.00694     0.00387     0.00184     0.00000     0.00000     0.00000    -0.07639     0.00000
     2.76000    -0.00689     0.00384     0.00183     0.00000     0.00000     0.00000    -0.07619     0.00000
     2.76500    -0.00685     0.00381     0.00182     0.00000     0.00000     0.00000    -0.07599     0.00000
     2.77000    -0.00680     0.00378     0.00181     0.00000     0.00000     0.00000    -0.07578     0.00000
     2.77500    -0.00675     0.00374     0.00180     0.00000     0.00000     0.00000    -0.07558     0.00000
     2.78000    -0.00670     0.00371     0.00179     0.00000     0.00000     0.00000    -0.07538     0.00000
     2.78500    -0.00666     0.00368     0.00178     0.00000     0.00000     0.00000    -0.07518     0.00000
     2.79000    -0.00661     0.00365     0.00177     0.00000     0.00000     0.00000    -0.07499     0.00000
     2.79500    -0.00657     0.00362     0.00176     0.00000     0.00000     0.00000    -0.07479     0.00000
     2.80000    -0.00652     0.00359     0.00175     0.00000     0.00000     0.00000    -0.07459     0.00000
     2.80500    -0.00648     0.00356     0.00174     0.00000     0.00000     0.00000    -0.07440     0.00000
     2.81000    -0.00643     0.00353     0.00173     0.00000     0.00000     0.00000    -0.07420     0.00000
     2.81500    -0.00639     0.00350     0.00172     0.00000     0.00000     0.00000    -0.07401     0.00000
     2.82000    -0.00634     0.00347     0.00171     0.00000     0.00000     0.00000    -0.07381     0.00000
     2.82500    -0.00630     0.00344     0.00170     0.00000     0.00000     0.00000    -0.07362     0.00000
     2.83000    -0.00625     0.00341     0.00169     0.00000     0.00000     0.00000    -0.07343     0.00000
     2.83500    -0.00621     0.00338     0.00168     0.00000     0.00000     0.00000    -0.07324     0.00000
     2.84000    -0.00617     0.00335     0.00167     0.00000     0.00000     0.00000    -0.07305     0.00000
     2.84500    -0.00612     0.00332     0.00166     0.00000     0.00000     0.00000    -0.07286     0.00000
     2.85000    -0.00608     0.00330     0.00165     0.00000     0.00000     0.00000    -0.07267     0.00000
     2.85500    -0.00604     0.00327     0.00164     0.00000     0.00000     0.00000    -0.07248     0.00000
     2.86000    -0.00600     0.00324     0.00163     0.00000     0.00000     0.00000    -0.07229     0.00000
     2.86500    -0.00596     0.00321     0.00162     0.00000     0.00000     0.00000    -0.07210     0.00000
     2.87000    -0.00592     0.00319     0.00161     0.00000     0.00000     0.00000    -0.07192     0.00000
     2.87500    -0.00587     0.00316     0.00160     0.00000     0.00000     0.00000    -0.07173     0.00000
     2.88000    -0.00583     0.00313     0.00159     0.00000     0.00000     0.00000    -0.07155     0.00000
     2.88500    -0.00579     0.00311     0.00158     0.00000     0.00000     0.00000    -0.07136     0.00000
     2.89000    -0.00575     0.00308     0.00157     0.00000     0.00000     0.00000    -0.07118     0.00000
     2.89500    -0.00571     0.00305     0.00156     0.00000     0.00000     0.00000    -0.07100     0.00000
     2.90000    -0.00567     0.00303     0.00155     0.00000     0.00000     0.00000    -0.07082     0.00000
     2.90500    -0.00563     0.00300     0.00154     0.00000     0.00000     0.00000    -0.07063     0.00000
     2.91000    -0.00560     0.00298     0.00154     0.00000     0.00000     0.00000    -0.07045     0.00000
     2.91500    -0.00556     0.00295     0.00153     0.00000     0.00000     0.00000    -0.07027     0.00000
     2.92000    -0.00552     0.00293     0.00152     0.00000     0.00000     0.00000    -0.07009     0.00000
     2.92500    -0.00548     0.00290     0.00151     0.00000     0.00000     0.00000    -0.06992     0.00000
     2.93000    -0.00544     0.00288     0.00150     0.00000     0.00000     0.00000    -0.06974     0.00000
     2.93500    -0.00541     0.00285     0.00149     0.00000     0.00000     0.00000    -0.06956     0.00000
     2.94000    -0.00537     0.00283     0.00148     0.00000     0.00000     0.00000    -0.06939     0.00000
     2.94500    -0.00533     0.00281     0.00147     0.00000     0.00000     0.00000    -0.06921     0.00000
     2.95000    -0.00529     0.00278     0.00146     0.00000     0.00000     0.00000    -0.06903     0.00000
     2.95500    -0.00526     0.00276     0.00145     0.00000     0.00000     0.00000    -0.06886     0.00000
     2.96000    -0.00522     0.00274     0.00145     0.00000     0.00000     0.00000    -0.06869     0.00000
     2.96500    -0.00519     0.00271     0.00144     0.00000     0.00000     0.00000    -0.06851     0.00000
     2.97000    -0.00515     0.00269     0.00143     0.00000     0.00000     0.00000    -0.06834     0.00000
     2.97500    -0.00511     0.00267     0.00142     0.00000     0.00000     0.00000    -0.06817     0.00000
     2.98000    -0.00508     0.00265     0.00141     0.00000     0.00000     0.00000    -0.06800     0.00000
     2.98500    -0.00504     0.00262     0.00140     0.00000     0.00000     0.00000    -0.06783     0.00000
     2.99000    -0.00501     0.00260     0.00139     0.00000     0.00000     0.00000    -0.06766     0.00000
     2.99500    -0.00498     0.00258     0.00139     0.00000     0.00000     0.00000    -0.06749     0.00000
     3.00000    -0.00494     0.00256     0.00138     0.00000     0.00000     0.00000    -0.06732     0.00000
     3.00500    -0.00491     0.00254     0.00137     0.00000     0.00000     0.00000    -0.06715     0.00000
     3.01000    -0.00487     0.00251     0.00136     0.00000     0.00000     0.00000    -0.06698     0.00000
     3.01500    -0.00484     0.00249     0.00135     0.00000     0.00000     0.00000    -0.06682     0.00000
     3.02000    -0.00481     0.00247     0.00134     0.00000     0.00000     0.00000    -0.06665     0.00000
     3.02500    -0.00477     0.00245     0.00134     0.00000     0.00000     0.00000    -0.06649     0.00000
     3.03000    -0.00474     0.00243     0.00133     0.00000     0.00000     0.00000    -0.06632     0.00000
     3.03500    -0.00471     0.00241     0.00132     0.00000     0.00000     0.00000    -0.06616     0.00000
     3.04000    -0.00468     0.00239     0.00131     0.00000     0.00000     0.00000    -0.06599     0.00000
     3.04500    -0.00464     0.00237     0.00130     0.00000     0.00000     0.00000    -0.06583     0.00000
     3.05000    -0.00461     0.00235     0.00130     0.00000     0.00000     0.00000    -0.06567     0.00000
     3.05500    -0.00458     0.00233     0.00129     0.00000     0.00000     0.00000    -0.06551     0.00000
     3.06000    -0.00455     0.00231     0.00128     0.00000     0.00000     0.00000    -0.06534     0.00000
     3.06500    -0.00452     0.00229     0.00127     0.00000     0.00000     0.00000    -0.06518     0.00000
     3.07000    -0.00449     0.00227     0.00126     0.00000     0.00000     0.00000    -0.06502     0.00000
     3.07500    -0.00446     0.00225     0.00126     0.00000     0.00000     0.00000    -0.06486     0.00000
     3.08000    -0.00442     0.00224     0.00125     0.00000     0.00000     0.00000    -0.06470     0.00000
     3.08500    -0.00439     0.00222     0.00124     0.00000     0.00000     0.00000    -0.06455     0.00000
     3.09000    -0.00436     0.00220     0.00123     0.00000     0.00000     0.00000    -0.06439     0.00000
     3.09500    -0.00433     0.00218     0.00123     0.00000     0.00000     0.00000    -0.06423     0.00000
     3.10000    -0.00430     0.00216     0.00122     0.00000     0.00000     0.00000    -0.06408     0.00000
     3.10500    -0.00428     0.00214     0.00121     0.00000     0.00000     0.00000    -0.06392     0.00000
     3.11000    -0.00425     0.00213     0.00120     0.00000     0.00000     0.00000    -0.06376     0.00000
     3.11500    -0.00422     0.00211     0.00120     0.00000     0.00000     0.00000    -0.06361     0.00000
     3.12000    -0.00419     0.00209     0.00119     0.00000     0.00000     0.00000    -0.06345     0.00000
     3.12500    -0.00416     0.00207     0.00118     0.00000     0.00000     0.00000    -0.06330     0.00000
     3.13000    -0.00413     0.00206     0.00117     0.00000     0.00000     0.00000    -0.06315     0.00000
     3.13500    -0.00410     0.00204     0.00117     0.00000     0.00000     0.00000    -0.06300     0.00000
     3.14000    -0.00407     0.00202     0.00116     0.00000     0.00000     0.00000    -0.06284     0.00000
     3.14500    -0.00405     0.00200     0.00115     0.00000     0.00000     0.00000    -0.06269     0.00000
     3.15000    -0.00402     0.00199     0.00114     0.00000     0.00000     0.00000    -0.06254     0.00000
     3.15500    -0.00399     0.00197     0.00114     0.00000     0.00000     0.00000    -0.06239     0.00000
     3.16000    -0.00396     0.00195     0.00113     0.00000     0.00000     0.00000    -0.06224     0.00000
     3.16500    -0.00394     0.00194     0.00112     0.00000     0.00000     0.00000    -0.06209     0.00000
     3.17000    -0.00391     0.00192     0.00112     0.00000     0.00000     0.00000    -0.06194     0.00000
     3.17500    -0.00388     0.00191     0.00111     0.00000     0.00000     0.00000    -0.06179     0.00000
     3.18000    -0.00386     0.00189     0.00110     0.00000     0.00000     0.00000    -0.06165     0.00000
     3.18500    -0.00383     0.00187     0.00110     0.00000     0.00000     0.00000    -0.06150     0.00000
     3.19000    -0.00380     0.00186     0.00109     0.00000     0.00000     0.00000    -0.06135     0.00000
     3.19500    -0.00378     0.00184     0.00108     0.00000     0.00000     0.00000    -0.06121     0.00000
     3.20000    -0.00375     0.00183     0.00107     0.00000     0.00000     0.00000    -0.06106     0.00000
     3.20500    -0.00373     0.00181     0.00107     0.00000     0.00000     0.00000    -0.06092     0.00000
     3.21000    -0.00370     0.00180     0.00106     0.00000     0.00000     0.00000    -0.06077     0.00000
     3.21500    -0.00368     0.00178     0.00105     0.00000     0.00000     0.00000    -0.06063     0.00000
     3.22000    -0.00365     0.00177     0.00105     0.00000     0.00000     0.00000    -0.06048     0.00000
     3.22500    -0.00363     0.00175     0.00104     0.00000     0.00000     0.00000    -0.06034     0.00000
     3.23000    -0.00360     0.00174     0.00104     0.00000     0.00000     0.00000    -0.06020     0.00000
     3.23500    -0.00358     0.00172     0.00103     0.00000     0.00000     0.00000    -0.06006     0.00000
     3.24000    -0.00355     0.00171     0.00102     0.00000     0.00000     0.00000    -0.05991     0.00000
     3.24500    -0.00353     0.00170     0.00102     0.00000     0.00000     0.00000    -0.05977     0.00000
     3.25000    -0.00351     0.00168     0.00101     0.00000     0.00000     0.00000    -0.05963     0.00000
     3.25500    -0.00348     0.00167     0.00100     0.00000     0.00000     0.00000    -0.05949     0.00000
     3.26000    -0.00346     0.00165     0.00100     0.00000     0.00000     0.00000    -0.05935     0.00000
     3.26500    -0.00343     0.00164     0.00099     0.00000     0.00000     0.00000    -0.05921     0.00000
     3.27000    -0.00341     0.00163     0.00098     0.00000     0.00000     0.00000    -0.05907     0.00000
     3.27500    -0.00339     0.00161     0.00098     0.00000     0.00000     0.00000    -0.05894     0.00000
     3.28000    -0.00336     0.00160     0.00097     0.00000     0.00000     0.00000    -0.05880     0.00000
     3.28500    -0.00334     0.00159     0.00097     0.00000     0.00000     0.00000    -0.05866     0.00000
     3.29000    -0.00332     0.00157     0.00096     0.00000     0.00000     0.00000    -0.05853     0.00000
     3.29500    -0.00330     0.00156     0.00095     0.00000     0.00000     0.00000    -0.05839     0.00000
     3.30000    -0.00327     0.00155     0.00095     0.00000     0.00000     0.00000    -0.05825     0.00000
     3.30500    -0.00325     0.00154     0.00094     0.00000     0.00000     0.00000    -0.05812     0.00000
     3.31000    -0.00323     0.00152     0.00094     0.00000     0.00000     0.00000    -0.05798     0.00000
     3.31500    -0.00321     0.00151     0.00093     0.00000     0.00000     0.00000    -0.05785     0.00000
     3.32000    -0.00319     0.00150     0.00092     0.00000     0.00000     0.00000    -0.05772     0.00000
     3.32500    -0.00316     0.00149     0.00092     0.00000     0.00000     0.00000    -0.05758     0.00000
     3.33000    -0.00314     0.00147     0.00091     0.00000     0.00000     0.00000    -0.05745     0.00000
     3.33500    -0.00312     0.00146     0.00091     0.00000     0.00000     0.00000    -0.05732     0.00000
     3.34000    -0.00310     0.00145     0.00090     0.00000     0.00000     0.00000    -0.05718     0.00000
     3.34500    -0.00308     0.00144     0.00089     0.00000     0.00000     0.00000    -0.05705     0.00000
     3.35000    -0.00306     0.00142     0.00089     0.00000     0.00000     0.00000    -0.05692     0.00000
     3.35500    -0.00304     0.00141     0.00088     0.00000     0.00000     0.00000    -0.05679     0.00000
     3.36000    -0.00302     0.00140     0.00088     0.00000     0.00000     0.00000    -0.05666     0.00000
     3.36500    -0.00300     0.00139     0.00087     0.00000     0.00000     0.00000    -0.05653     0.00000
     3.37000    -0.00298     0.00138     0.00087     0.00000     0.00000     0.00000    -0.05640     0.00000
     3.37500    -0.00296     0.00137     0.00086     0.00000     0.00000     0.00000    -0.05627     0.00000
     3.38000    -0.00294     0.00136     0.00085     0.00000     0.00000     0.00000    -0.05614     0.00000
     3.38500    -0.00292     0.00134     0.00085     0.00000     0.00000     0.00000    -0.05602     0.00000
     3.39000    -0.00290     0.00133     0.00084     0.00000     0.00000     0.00000    -0.05589     0.00000
     3.39500    -0.00288     0.00132     0.00084     0.00000     0.00000     0.00000    -0.05576     0.00000
     3.40000    -0.00286     0.00131     0.00083     0.00000     0.00000     0.00000    -0.05564     0.00000
     3.40500    -0.00284     0.00130     0.00083     0.00000     0.00000     0.00000    -0.05551     0.00000
     3.41000    -0.00282     0.00129     0.00082     0.00000     0.00000     0.00000    -0.05538     0.00000
     3.41500    -0.00280     0.00128     0.00082     0.00000     0.00000     0.00000    -0.05526     0.00000
     3.42000    -0.00278     0.00127     0.00081     0.00000     0.00000     0.00000    -0.05513     0.00000
     3.42500    -0.00276     0.00126     0.00081     0.00000     0.00000     0.00000    -0.05501     0.00000
     3.43000    -0.00274     0.00125     0.00080     0.00000     0.00000     0.00000    -0.05488     0.00000
     3.43500    -0.00273     0.00124     0.00080     0.00000     0.00000     0.00000    -0.05476     0.00000
     3.44000    -0.00271     0.00123     0.00079     0.00000     0.00000     0.00000    -0.05464     0.00000
     3.44500    -0.00269     0.00122     0.00079     0.00000     0.00000     0.00000    -0.05451     0.00000
     3.45000    -0.00267     0.00121     0.00078     0.00000     0.00000     0.00000    -0.05439     0.00000
     3.45500    -0.00265     0.00120     0.00078     0.00000     0.00000     0.00000    -0.05427     0.00000
     3.46000    -0.00264     0.00119     0.00077     0.00000     0.00000     0.00000    -0.05415     0.00000
     3.46500    -0.00262     0.00118     0.00077     0.00000     0.00000     0.00000    -0.05403     0.00000
     3.47000    -0.00260     0.00117     0.00076     0.00000     0.00000     0.00000    -0.05391     0.00000
     3.47500    -0.00258     0.00116     0.00076     0.00000     0.00000     0.00000    -0.05379     0.00000
     3.48000    -0.00256     0.00115     0.00075     0.00000     0.00000     0.00000    -0.05367     0.00000
     3.48500    -0.00255     0.00114     0.00075     0.00000     0.00000     0.00000    -0.05355     0.00000
     3.49000    -0.00253     0.00113     0.00074     0.00000     0.00000     0.00000    -0.05343     0.00000
     3.49500    -0.00251     0.00112     0.00074     0.00000     0.00000     0.00000    -0.05331     0.00000
     3.50000    -0.00250     0.00111     0.00073     0.00000     0.00000     0.00000    -0.05319     0.00000
     3.50500    -0.00248     0.00110     0.00073     0.00000     0.00000     0.00000    -0.05307     0.00000
     3.51000    -0.00246     0.00109     0.00072     0.00000     0.00000     0.00000    -0.05295     0.00000
     3.51500    -0.00245     0.00109     0.00072     0.00000     0.00000     0.00000    -0.05284     0.00000
     3.52000    -0.00243     0.00108     0.00071     0.00000     0.00000     0.00000    -0.05272     0.00000
     3.52500    -0.00241     0.00107     0.00071     0.00000     0.00000     0.00000    -0.05260     0.00000
     3.53000    -0.00240     0.00106     0.00070     0.00000     0.00000     0.00000    -0.05249     0.00000
     3.53500    -0.00238     0.00105     0.00070     0.00000     0.00000     0.00000    -0.05237     0.00000
     3.54000    -0.00237     0.00104     0.00070     0.00000     0.00000     0.00000    -0.05226     0.00000
     3.54500    -0.00235     0.00103     0.00069     0.00000     0.00000     0.00000    -0.05214     0.00000
     3.55000    -0.00233     0.00102     0.00069     0.00000     0.00000     0.00000    -0.05203     0.00000
     3.55500    -0.00232     0.00102     0.00068     0.00000     0.00000     0.00000    -0.05191     0.00000
     3.56000    -0.00230     0.00101     0.00068     0.00000     0.00000     0.00000    -0.05180     0.00000
     3.56500    -0.00229     0.00100     0.00067     0.00000     0.00000     0.00000    -0.05169     0.00000
     3.57000    -0.00227     0.00099     0.00067     0.00000     0.00000     0.00000    -0.05157     0.00000
     3.57500    -0.00226     0.00098     0.00066     0.00000     0.00000     0.00000    -0.05146     0.00000
     3.58000    -0.00224     0.00098     0.00066     0.00000     0.00000     0.00000    -0.05135     0.00000
     3.58500    -0.00223     0.00097     0.00066     0.00000     0.00000     0.00000    -0.05124     0.00000
     3.59000    -0.00221     0.00096     0.00065     0.00000     0.00000     0.00000    -0.05112     0.00000
     3.59500    -0.00220     0.00095     0.00065     0.00000     0.00000     0.00000    -0.05101     0.00000
     3.60000    -0.00218     0.00094     0.00064     0.00000     0.00000     0.00000    -0.05090     0.00000
     3.60500    -0.00217     0.00094     0.00064     0.00000     0.00000     0.00000    -0.05079     0.00000
     3.61000    -0.00215     0.00093     0.00063     0.00000     0.00000     0.00000    -0.05068     0.00000
     3.61500    -0.00214     0.00092     0.00063     0.00000     0.00000     0.00000    -0.05057     0.00000
     3.62000    -0.00212     0.00091     0.00063     0.00000     0.00000     0.00000    -0.05046     0.00000
     3.62500    -0.00211     0.00091     0.00062     0.00000     0.00000     0.00000    -0.05035     0.00000
     3.63000    -0.00210     0.00090     0.00062     0.00000     0.00000     0.00000    -0.05025     0.00000
     3.63500    -0.00208     0.00089     0.00061     0.00000     0.00000     0.00000    -0.05014     0.00000
     3.64000    -0.00207     0.00088     0.00061     0.00000     0.00000     0.00000    -0.05003     0.00000
     3.64500    -0.00205     0.00088     0.00061     0.00000     0.00000     0.00000    -0.04992     0.00000
     3.65000    -0.00204     0.00087     0.00060     0.00000     0.00000     0.00000    -0.04981     0.00000
     3.65500    -0.00203     0.00086     0.00060     0.00000     0.00000     0.00000    -0.04971     0.00000
     3.66000    -0.00201     0.00086     0.00059     0.00000     0.00000     0.00000    -0.04960     0.00000
     3.66500    -0.00200     0.00085     0.00059     0.00000     0.00000     0.00000    -0.04949     0.00000
     3.67000    -0.00199     0.00084     0.00059     0.00000     0.00000     0.00000    -0.04939     0.00000
     3.67500    -0.00197     0.00083     0.00058     0.00000     0.00000     0.00000    -0.04928     0.00000
     3.68000    -0.00196     0.00083     0.00058     0.00000     0.00000     0.00000    -0.04918     0.00000
     3.68500    -0.00195     0.00082     0.00058     0.00000     0.00000     0.00000    -0.04907     0.00000
     3.69000    -0.00193     0.00081     0.00057     0.00000     0.00000     0.00000    -0.04897     0.00000
     3.69500    -0.00192     0.00081     0.00057     0.00000     0.00000     0.00000    -0.04886     0.00000
     3.70000    -0.00191     0.00080     0.00056     0.00000     0.00000     0.00000    -0.04876     0.00000
     3.70500    -0.00190     0.00079     0.00056     0.00000     0.00000     0.00000    -0.04866     0.00000
     3.71000    -0.00188     0.00079     0.00056     0.00000     0.00000     0.00000    -0.04855     0.00000
     3.71500    -0.00187     0.00078     0.00055     0.00000     0.00000     0.00000    -0.04845     0.00000
     3.72000    -0.00186     0.00078     0.00055     0.00000     0.00000     0.00000    -0.04835     0.00000
     3.72500    -0.00185     0.00077     0.00055     0.00000     0.00000     0.00000    -0.04825     0.00000
     3.73000    -0.00183     0.00076     0.00054     0.00000     0.00000     0.00000    -0.04814     0.00000
     3.73500    -0.00182     0.00076     0.00054     0.00000     0.00000     0.00000    -0.04804     0.00000
     3.74000    -0.00181     0.00075     0.00053     0.00000     0.00000     0.00000    -0.04794     0.00000
     3.74500    -0.00180     0.00074     0.00053     0.00000     0.00000     0.00000    -0.04784     0.00000
     3.75000    -0.00178     0.00074     0.00053     0.00000     0.00000     0.00000    -0.04774     0.00000
     3.75500    -0.00177     0.00073     0.00052     0.00000     0.00000     0.00000    -0.04764     0.00000
     3.76000    -0.00176     0.00073     0.00052     0.00000     0.00000     0.00000    -0.04754     0.00000
     3.76500    -0.00175     0.00072     0.00052     0.00000     0.00000     0.00000    -0.04744     0.00000
     3.77000    -0.00174     0.00072     0.00051     0.00000     0.00000     0.00000    -0.04734     0.00000
     3.77500    -0.00173     0.00071     0.00051     0.00000     0.00000     0.00000    -0.04724     0.00000
     3.78000    -0.00171     0.00070     0.00051     0.00000     0.00000     0.00000    -0.04714     0.00000
     3.78500    -0.00170     0.00070     0.00050     0.00000     0.00000     0.00000    -0.04704     0.00000
     3.79000    -0.00169     0.00069     0.00050     0.00000     0.00000     0.00000    -0.04694     0.00000
     3.79500    -0.00168     0.00069     0.00050     0.00000     0.00000     0.00000    -0.04685     0.00000
     3.80000    -0.00167     0.00068     0.00049     0.00000     0.00000     0.00000    -0.04675     0.00000
     3.80500    -0.00166     0.00068     0.00049     0.00000     0.00000     0.00000    -0.04665     0.00000
     3.81000    -0.00165     0.00067     0.00049     0.00000     0.00000     0.00000    -0.04656     0.00000
     3.81500    -0.00164     0.00066     0.00048     0.00000     0.00000     0.00000    -0.04646     0.00000
     3.82000    -0.00163     0.00066     0.00048     0.00000     0.00000     0.00000    -0.04636     0.00000
     3.82500    -0.00162     0.00065     0.00048     0.00000     0.00000     0.00000    -0.04627     0.00000
     3.83000    -0.00160     0.00065     0.00047     0.00000     0.00000     0.00000    -0.04617     0.00000
     3.83500    -0.00159     0.00064     0.00047     0.00000     0.00000     0.00000    -0.04607     0.00000
     3.84000    -0.00158     0.00064     0.00047     0.00000     0.00000     0.00000    -0.04598     0.00000
     3.84500    -0.00157     0.00063     0.00047     0.00000     0.00000     0.00000    -0.04588     0.00000
     3.85000    -0.00156     0.00063     0.00046     0.00000     0.00000     0.00000    -0.04579     0.00000
     3.85500    -0.00155     0.00062     0.00046     0.00000     0.00000     0.00000    -0.04570     0.00000
     3.86000    -0.00154     0.00062     0.00046     0.00000     0.00000     0.00000    -0.04560     0.00000
     3.86500    -0.00153     0.00061     0.00045     0.00000     0.00000     0.00000    -0.04551     0.00000
     3.87000    -0.00152     0.00061     0.00045     0.00000     0.00000     0.00000    -0.04542     0.00000
     3.87500    -0.00151     0.00060     0.00045     0.00000     0.00000     0.00000    -0.04532     0.00000
     3.88000    -0.00150     0.00060     0.00044     0.00000     0.00000     0.00000    -0.04523     0.00000
     3.88500    -0.00149     0.00059     0.00044     0.00000     0.00000     0.00000    -0.04514     0.00000
     3.89000    -0.00148     0.00059     0.00044     0.00000     0.00000     0.00000    -0.04504     0.00000
     3.89500    -0.00147     0.00058     0.00044     0.00000     0.00000     0.00000    -0.04495     0.00000
     3.90000    -0.00146     0.00058     0.00043     0.00000     0.00000     0.00000    -0.04486     0.00000
     3.90500    -0.00145     0.00057     0.00043     0.00000     0.00000     0.00000    -0.04477     0.00000
     3.91000    -0.00144     0.00057     0.00043     0.00000     0.00000     0.00000    -0.04468     0.00000
     3.91500    -0.00143     0.00057     0.00042     0.00000     0.00000     0.00000    -0.04459     0.00000
     3.92000    -0.00142     0.00056     0.00042     0.00000     0.00000     0.00000    -0.04450     0.00000
     3.92500    -0.00141     0.00056     0.00042     0.00000     0.00000     0.00000    -0.04441     0.00000
     3.93000    -0.00141     0.00055     0.00042     0.00000     0.00000     0.00000    -0.04432     0.00000
     3.93500    -0.00140     0.00055     0.00041     0.00000     0.00000     0.00000    -0.04423     0.00000
     3.94000    -0.00139     0.00054     0.00041     0.00000     0.00000     0.00000    -0.04414     0.00000
     3.94500    -0.00138     0.00054     0.00041     0.00000     0.00000     0.00000    -0.04405     0.00000
     3.95000    -0.00137     0.00053     0.00041     0.00000     0.00000     0.00000    -0.04396     0.00000
     3.95500    -0.00136     0.00053     0.00040     0.00000     0.00000     0.00000    -0.04387     0.00000
     3.96000    -0.00135     0.00053     0.00040     0.00000     0.00000     0.00000    -0.04378     0.00000
     3.96500    -0.00134     0.00052     0.00040     0.00000     0.00000     0.00000    -0.04369     0.00000
     3.97000    -0.00133     0.00052     0.00039     0.00000     0.00000     0.00000    -0.04361     0.00000
     3.97500    -0.00132     0.00051     0.00039     0.00000     0.00000     0.00000    -0.04352     0.00000
     3.98000    -0.00132     0.00051     0.00039     0.00000     0.00000     0.00000    -0.04343     0.00000
     3.98500    -0.00131     0.00051     0.00039     0.00000     0.00000     0.00000    -0.04334     0.00000
     3.99000    -0.00130     0.00050     0.00038     0.00000     0.00000     0.00000    -0.04326     0.00000
     3.99500    -0.00129     0.00050     0.00038     0.00000     0.00000     0.00000    -0.04317     0.00000
     4.00000    -0.00128     0.00049     0.00038     0.00000     0.00000     0.00000    -0.04308     0.00000
