 # D13_1520 FF
     0.00000    -2.70246     2.62209    -1.17429     0.00000     0.00000     0.00000     0.00000     0.00000
     0.00500    -2.67666     2.58931    -1.14700     0.00000     0.00000     0.00000     0.00000     0.00000
     0.01000    -2.65112     2.55682    -1.12013     0.00000     0.00000     0.00000     0.00000     0.00000
     0.01500    -2.62587     2.52463    -1.09369     0.00000     0.00000     0.00000     0.00000     0.00000
     0.02000    -2.60088     2.49274    -1.06767     0.00000     0.00000     0.00000     0.00000     0.00000
     0.02500    -2.57616     2.46117    -1.04208     0.00000     0.00000     0.00000     0.00000     0.00000
     0.03000    -2.55170     2.42991    -1.01693     0.00000     0.00000     0.00000     0.00000     0.00000
     0.03500    -2.52751     2.39898    -0.99221     0.00000     0.00000     0.00000     0.00000     0.00000
     0.04000    -2.50357     2.36838    -0.96794     0.00000     0.00000     0.00000     0.00000     0.00000
     0.04500    -2.47990     2.33812    -0.94409     0.00000     0.00000     0.00000     0.00000     0.00000
     0.05000    -2.45647     2.30818    -0.92068     0.00000     0.00000     0.00000     0.00000     0.00000
     0.05500    -2.43330     2.27859    -0.89770     0.00000     0.00000     0.00000     0.00000     0.00000
     0.06000    -2.41037     2.24933    -0.87516     0.00000     0.00000     0.00000     0.00000     0.00000
     0.06500    -2.38769     2.22042    -0.85303     0.00000     0.00000     0.00000     0.00000     0.00000
     0.07000    -2.36526     2.19184    -0.83133     0.00000     0.00000     0.00000     0.00000     0.00000
     0.07500    -2.34306     2.16361    -0.81006     0.00000     0.00000     0.00000     0.00000     0.00000
     0.08000    -2.32110     2.13571    -0.78919     0.00000     0.00000     0.00000     0.00000     0.00000
     0.08500    -2.29938     2.10816    -0.76874     0.00000     0.00000     0.00000     0.00000     0.00000
     0.09000    -2.27788     2.08094    -0.74869     0.00000     0.00000     0.00000     0.00000     0.00000
     0.09500    -2.25662     2.05407    -0.72904     0.00000     0.00000     0.00000     0.00000     0.00000
     0.10000    -2.23559     2.02752    -0.70978     0.00000     0.00000     0.00000     0.00000     0.00000
     0.10500    -2.21478     2.00132    -0.69092     0.00000     0.00000     0.00000     0.00000     0.00000
     0.11000    -2.19419     1.97544    -0.67243     0.00000     0.00000     0.00000     0.00000     0.00000
     0.11500    -2.17382     1.94990    -0.65433     0.00000     0.00000     0.00000     0.00000     0.00000
     0.12000    -2.15367     1.92469    -0.63660     0.00000     0.00000     0.00000     0.00000     0.00000
     0.12500    -2.13373     1.89980    -0.61923     0.00000     0.00000     0.00000     0.00000     0.00000
     0.13000    -2.11401     1.87523    -0.60223     0.00000     0.00000     0.00000     0.00000     0.00000
     0.13500    -2.09450     1.85098    -0.58558     0.00000     0.00000     0.00000     0.00000     0.00000
     0.14000    -2.07519     1.82705    -0.56927     0.00000     0.00000     0.00000     0.00000     0.00000
     0.14500    -2.05609     1.80344    -0.55332     0.00000     0.00000     0.00000     0.00000     0.00000
     0.15000    -2.03719     1.78014    -0.53769     0.00000     0.00000     0.00000     0.00000     0.00000
     0.15500    -2.01850     1.75714    -0.52240     0.00000     0.00000     0.00000     0.00000     0.00000
     0.16000    -2.00000     1.73445    -0.50743     0.00000     0.00000     0.00000     0.00000     0.00000
     0.16500    -1.98169     1.71207    -0.49278     0.00000     0.00000     0.00000     0.00000     0.00000
     0.17000    -1.96359     1.68998    -0.47845     0.00000     0.00000     0.00000     0.00000     0.00000
     0.17500    -1.94567     1.66818    -0.46442     0.00000     0.00000     0.00000     0.00000     0.00000
     0.18000    -1.92794     1.64668    -0.45069     0.00000     0.00000     0.00000     0.00000     0.00000
     0.18500    -1.91040     1.62547    -0.43726     0.00000     0.00000     0.00000     0.00000     0.00000
     0.19000    -1.89305     1.60455    -0.42412     0.00000     0.00000     0.00000     0.00000     0.00000
     0.19500    -1.87588     1.58390    -0.41126     0.00000     0.00000     0.00000     0.00000     0.00000
     0.20000    -1.85888     1.56354    -0.39869     0.00000     0.00000     0.00000     0.00000     0.00000
     0.20500    -1.84207     1.54345    -0.38638     0.00000     0.00000     0.00000     0.00000     0.00000
     0.21000    -1.82544     1.52363    -0.37435     0.00000     0.00000     0.00000     0.00000     0.00000
     0.21500    -1.80898     1.50408    -0.36257     0.00000     0.00000     0.00000     0.00000     0.00000
     0.22000    -1.79269     1.48480    -0.35106     0.00000     0.00000     0.00000     0.00000     0.00000
     0.22500    -1.77657     1.46578    -0.33979     0.00000     0.00000     0.00000     0.00000     0.00000
     0.23000    -1.76063     1.44702    -0.32878     0.00000     0.00000     0.00000     0.00000     0.00000
     0.23500    -1.74485     1.42851    -0.31801     0.00000     0.00000     0.00000     0.00000     0.00000
     0.24000    -1.72923     1.41026    -0.30747     0.00000     0.00000     0.00000     0.00000     0.00000
     0.24500    -1.71378     1.39225    -0.29717     0.00000     0.00000     0.00000     0.00000     0.00000
     0.25000    -1.69849     1.37449    -0.28710     0.00000     0.00000     0.00000     0.00000     0.00000
     0.25500    -1.68336     1.35697    -0.27724     0.00000     0.00000     0.00000     0.00000     0.00000
     0.26000    -1.66838     1.33969    -0.26761     0.00000     0.00000     0.00000     0.00000     0.00000
     0.26500    -1.65357     1.32265    -0.25820     0.00000     0.00000     0.00000     0.00000     0.00000
     0.27000    -1.63890     1.30584    -0.24899     0.00000     0.00000     0.00000     0.00000     0.00000
     0.27500    -1.62439     1.28926    -0.23999     0.00000     0.00000     0.00000     0.00000     0.00000
     0.28000    -1.61003     1.27290    -0.23119     0.00000     0.00000     0.00000     0.00000     0.00000
     0.28500    -1.59582     1.25677    -0.22259     0.00000     0.00000     0.00000     0.00000     0.00000
     0.29000    -1.58175     1.24086    -0.21418     0.00000     0.00000     0.00000     0.00000     0.00000
     0.29500    -1.56784     1.22517    -0.20596     0.00000     0.00000     0.00000     0.00000     0.00000
     0.30000    -1.55406     1.20969    -0.19792     0.00000     0.00000     0.00000     0.00000     0.00000
     0.30500    -1.54043     1.19442    -0.19007     0.00000     0.00000     0.00000     0.00000     0.00000
     0.31000    -1.52693     1.17936    -0.18239     0.00000     0.00000     0.00000     0.00000     0.00000
     0.31500    -1.51358     1.16450    -0.17489     0.00000     0.00000     0.00000     0.00000     0.00000
     0.32000    -1.50036     1.14985    -0.16756     0.00000     0.00000     0.00000     0.00000     0.00000
     0.32500    -1.48728     1.13540    -0.16040     0.00000     0.00000     0.00000     0.00000     0.00000
     0.33000    -1.47433     1.12115    -0.15339     0.00000     0.00000     0.00000     0.00000     0.00000
     0.33500    -1.46152     1.10709    -0.14655     0.00000     0.00000     0.00000     0.00000     0.00000
     0.34000    -1.44884     1.09322    -0.13987     0.00000     0.00000     0.00000     0.00000     0.00000
     0.34500    -1.43628     1.07954    -0.13334     0.00000     0.00000     0.00000     0.00000     0.00000
     0.35000    -1.42386     1.06604    -0.12695     0.00000     0.00000     0.00000     0.00000     0.00000
     0.35500    -1.41156     1.05273    -0.12072     0.00000     0.00000     0.00000     0.00000     0.00000
     0.36000    -1.39939     1.03961    -0.11463     0.00000     0.00000     0.00000     0.00000     0.00000
     0.36500    -1.38734     1.02666    -0.10868     0.00000     0.00000     0.00000     0.00000     0.00000
     0.37000    -1.37541     1.01388    -0.10287     0.00000     0.00000     0.00000     0.00000     0.00000
     0.37500    -1.36360     1.00128    -0.09719     0.00000     0.00000     0.00000     0.00000     0.00000
     0.38000    -1.35192     0.98885    -0.09164     0.00000     0.00000     0.00000     0.00000     0.00000
     0.38500    -1.34035     0.97659    -0.08623     0.00000     0.00000     0.00000     0.00000     0.00000
     0.39000    -1.32890     0.96449    -0.08094     0.00000     0.00000     0.00000     0.00000     0.00000
     0.39500    -1.31756     0.95256    -0.07577     0.00000     0.00000     0.00000     0.00000     0.00000
     0.40000    -1.30634     0.94079    -0.07073     0.00000     0.00000     0.00000     0.00000     0.00000
     0.40500    -1.29523     0.92918    -0.06580     0.00000     0.00000     0.00000     0.00000     0.00000
     0.41000    -1.28423     0.91773    -0.06099     0.00000     0.00000     0.00000     0.00000     0.00000
     0.41500    -1.27335     0.90643    -0.05629     0.00000     0.00000     0.00000     0.00000     0.00000
     0.42000    -1.26257     0.89528    -0.05171     0.00000     0.00000     0.00000     0.00000     0.00000
     0.42500    -1.25190     0.88429    -0.04723     0.00000     0.00000     0.00000     0.00000     0.00000
     0.43000    -1.24134     0.87344    -0.04286     0.00000     0.00000     0.00000     0.00000     0.00000
     0.43500    -1.23088     0.86274    -0.03860     0.00000     0.00000     0.00000     0.00000     0.00000
     0.44000    -1.22053     0.85218    -0.03443     0.00000     0.00000     0.00000     0.00000     0.00000
     0.44500    -1.21028     0.84177    -0.03037     0.00000     0.00000     0.00000     0.00000     0.00000
     0.45000    -1.20013     0.83149    -0.02641     0.00000     0.00000     0.00000     0.00000     0.00000
     0.45500    -1.19009     0.82135    -0.02254     0.00000     0.00000     0.00000     0.00000     0.00000
     0.46000    -1.18014     0.81135    -0.01876     0.00000     0.00000     0.00000     0.00000     0.00000
     0.46500    -1.17029     0.80149    -0.01508     0.00000     0.00000     0.00000     0.00000     0.00000
     0.47000    -1.16054     0.79175    -0.01148     0.00000     0.00000     0.00000     0.00000     0.00000
     0.47500    -1.15089     0.78214    -0.00798     0.00000     0.00000     0.00000     0.00000     0.00000
     0.48000    -1.14133     0.77267    -0.00456     0.00000     0.00000     0.00000     0.00000     0.00000
     0.48500    -1.13186     0.76332    -0.00122     0.00000     0.00000     0.00000     0.00000     0.00000
     0.49000    -1.12249     0.75409     0.00203     0.00000     0.00000     0.00000     0.00000     0.00000
     0.49500    -1.11321     0.74499     0.00520     0.00000     0.00000     0.00000     0.00000     0.00000
     0.50000    -1.10403     0.73601     0.00829     0.00000     0.00000     0.00000     0.00000     0.00000
     0.50500    -1.09493     0.72715     0.01131     0.00000     0.00000     0.00000     0.00000     0.00000
     0.51000    -1.08592     0.71841     0.01425     0.00000     0.00000     0.00000     0.00000     0.00000
     0.51500    -1.07700     0.70978     0.01711     0.00000     0.00000     0.00000     0.00000     0.00000
     0.52000    -1.06816     0.70127     0.01991     0.00000     0.00000     0.00000     0.00000     0.00000
     0.52500    -1.05942     0.69287     0.02263     0.00000     0.00000     0.00000     0.00000     0.00000
     0.53000    -1.05075     0.68458     0.02528     0.00000     0.00000     0.00000     0.00000     0.00000
     0.53500    -1.04217     0.67640     0.02787     0.00000     0.00000     0.00000     0.00000     0.00000
     0.54000    -1.03368     0.66833     0.03038     0.00000     0.00000     0.00000     0.00000     0.00000
     0.54500    -1.02527     0.66037     0.03284     0.00000     0.00000     0.00000     0.00000     0.00000
     0.55000    -1.01693     0.65251     0.03523     0.00000     0.00000     0.00000     0.00000     0.00000
     0.55500    -1.00868     0.64475     0.03755     0.00000     0.00000     0.00000     0.00000     0.00000
     0.56000    -1.00051     0.63710     0.03982     0.00000     0.00000     0.00000     0.00000     0.00000
     0.56500    -0.99242     0.62955     0.04202     0.00000     0.00000     0.00000     0.00000     0.00000
     0.57000    -0.98441     0.62209     0.04417     0.00000     0.00000     0.00000     0.00000     0.00000
     0.57500    -0.97647     0.61474     0.04626     0.00000     0.00000     0.00000     0.00000     0.00000
     0.58000    -0.96861     0.60748     0.04829     0.00000     0.00000     0.00000     0.00000     0.00000
     0.58500    -0.96082     0.60032     0.05027     0.00000     0.00000     0.00000     0.00000     0.00000
     0.59000    -0.95311     0.59325     0.05220     0.00000     0.00000     0.00000     0.00000     0.00000
     0.59500    -0.94547     0.58627     0.05407     0.00000     0.00000     0.00000     0.00000     0.00000
     0.60000    -0.93791     0.57939     0.05589     0.00000     0.00000     0.00000     0.00000     0.00000
     0.60500    -0.93041     0.57259     0.05766     0.00000     0.00000     0.00000     0.00000     0.00000
     0.61000    -0.92299     0.56588     0.05938     0.00000     0.00000     0.00000     0.00000     0.00000
     0.61500    -0.91564     0.55926     0.06106     0.00000     0.00000     0.00000     0.00000     0.00000
     0.62000    -0.90836     0.55273     0.06268     0.00000     0.00000     0.00000     0.00000     0.00000
     0.62500    -0.90115     0.54628     0.06426     0.00000     0.00000     0.00000     0.00000     0.00000
     0.63000    -0.89400     0.53992     0.06580     0.00000     0.00000     0.00000     0.00000     0.00000
     0.63500    -0.88693     0.53364     0.06729     0.00000     0.00000     0.00000     0.00000     0.00000
     0.64000    -0.87992     0.52744     0.06874     0.00000     0.00000     0.00000     0.00000     0.00000
     0.64500    -0.87297     0.52132     0.07014     0.00000     0.00000     0.00000     0.00000     0.00000
     0.65000    -0.86609     0.51528     0.07150     0.00000     0.00000     0.00000     0.00000     0.00000
     0.65500    -0.85928     0.50931     0.07283     0.00000     0.00000     0.00000     0.00000     0.00000
     0.66000    -0.85253     0.50343     0.07411     0.00000     0.00000     0.00000     0.00000     0.00000
     0.66500    -0.84584     0.49762     0.07535     0.00000     0.00000     0.00000     0.00000     0.00000
     0.67000    -0.83922     0.49188     0.07656     0.00000     0.00000     0.00000     0.00000     0.00000
     0.67500    -0.83266     0.48622     0.07773     0.00000     0.00000     0.00000     0.00000     0.00000
     0.68000    -0.82615     0.48063     0.07886     0.00000     0.00000     0.00000     0.00000     0.00000
     0.68500    -0.81971     0.47512     0.07996     0.00000     0.00000     0.00000     0.00000     0.00000
     0.69000    -0.81333     0.46967     0.08102     0.00000     0.00000     0.00000     0.00000     0.00000
     0.69500    -0.80701     0.46429     0.08204     0.00000     0.00000     0.00000     0.00000     0.00000
     0.70000    -0.80075     0.45899     0.08304     0.00000     0.00000     0.00000     0.00000     0.00000
     0.70500    -0.79454     0.45375     0.08400     0.00000     0.00000     0.00000     0.00000     0.00000
     0.71000    -0.78839     0.44858     0.08493     0.00000     0.00000     0.00000     0.00000     0.00000
     0.71500    -0.78230     0.44347     0.08583     0.00000     0.00000     0.00000     0.00000     0.00000
     0.72000    -0.77626     0.43843     0.08670     0.00000     0.00000     0.00000     0.00000     0.00000
     0.72500    -0.77028     0.43345     0.08753     0.00000     0.00000     0.00000     0.00000     0.00000
     0.73000    -0.76436     0.42854     0.08834     0.00000     0.00000     0.00000     0.00000     0.00000
     0.73500    -0.75849     0.42369     0.08912     0.00000     0.00000     0.00000     0.00000     0.00000
     0.74000    -0.75267     0.41890     0.08987     0.00000     0.00000     0.00000     0.00000     0.00000
     0.74500    -0.74691     0.41417     0.09060     0.00000     0.00000     0.00000     0.00000     0.00000
     0.75000    -0.74119     0.40950     0.09130     0.00000     0.00000     0.00000     0.00000     0.00000
     0.75500    -0.73553     0.40489     0.09197     0.00000     0.00000     0.00000     0.00000     0.00000
     0.76000    -0.72993     0.40034     0.09261     0.00000     0.00000     0.00000     0.00000     0.00000
     0.76500    -0.72437     0.39584     0.09323     0.00000     0.00000     0.00000     0.00000     0.00000
     0.77000    -0.71886     0.39141     0.09383     0.00000     0.00000     0.00000     0.00000     0.00000
     0.77500    -0.71340     0.38703     0.09440     0.00000     0.00000     0.00000     0.00000     0.00000
     0.78000    -0.70800     0.38270     0.09495     0.00000     0.00000     0.00000     0.00000     0.00000
     0.78500    -0.70264     0.37843     0.09548     0.00000     0.00000     0.00000     0.00000     0.00000
     0.79000    -0.69733     0.37421     0.09598     0.00000     0.00000     0.00000     0.00000     0.00000
     0.79500    -0.69206     0.37004     0.09646     0.00000     0.00000     0.00000     0.00000     0.00000
     0.80000    -0.68685     0.36593     0.09692     0.00000     0.00000     0.00000     0.00000     0.00000
     0.80500    -0.68168     0.36187     0.09736     0.00000     0.00000     0.00000     0.00000     0.00000
     0.81000    -0.67656     0.35786     0.09777     0.00000     0.00000     0.00000     0.00000     0.00000
     0.81500    -0.67148     0.35390     0.09817     0.00000     0.00000     0.00000     0.00000     0.00000
     0.82000    -0.66645     0.34999     0.09855     0.00000     0.00000     0.00000     0.00000     0.00000
     0.82500    -0.66146     0.34612     0.09891     0.00000     0.00000     0.00000     0.00000     0.00000
     0.83000    -0.65652     0.34231     0.09925     0.00000     0.00000     0.00000     0.00000     0.00000
     0.83500    -0.65162     0.33854     0.09957     0.00000     0.00000     0.00000     0.00000     0.00000
     0.84000    -0.64676     0.33482     0.09988     0.00000     0.00000     0.00000     0.00000     0.00000
     0.84500    -0.64195     0.33115     0.10016     0.00000     0.00000     0.00000     0.00000     0.00000
     0.85000    -0.63718     0.32752     0.10043     0.00000     0.00000     0.00000     0.00000     0.00000
     0.85500    -0.63246     0.32393     0.10068     0.00000     0.00000     0.00000     0.00000     0.00000
     0.86000    -0.62777     0.32039     0.10092     0.00000     0.00000     0.00000     0.00000     0.00000
     0.86500    -0.62312     0.31690     0.10114     0.00000     0.00000     0.00000     0.00000     0.00000
     0.87000    -0.61852     0.31345     0.10134     0.00000     0.00000     0.00000     0.00000     0.00000
     0.87500    -0.61396     0.31004     0.10153     0.00000     0.00000     0.00000     0.00000     0.00000
     0.88000    -0.60943     0.30667     0.10171     0.00000     0.00000     0.00000     0.00000     0.00000
     0.88500    -0.60495     0.30334     0.10187     0.00000     0.00000     0.00000     0.00000     0.00000
     0.89000    -0.60050     0.30005     0.10201     0.00000     0.00000     0.00000     0.00000     0.00000
     0.89500    -0.59610     0.29681     0.10214     0.00000     0.00000     0.00000     0.00000     0.00000
     0.90000    -0.59173     0.29360     0.10226     0.00000     0.00000     0.00000     0.00000     0.00000
     0.90500    -0.58740     0.29044     0.10236     0.00000     0.00000     0.00000     0.00000     0.00000
     0.91000    -0.58311     0.28731     0.10246     0.00000     0.00000     0.00000     0.00000     0.00000
     0.91500    -0.57885     0.28422     0.10253     0.00000     0.00000     0.00000     0.00000     0.00000
     0.92000    -0.57463     0.28117     0.10260     0.00000     0.00000     0.00000     0.00000     0.00000
     0.92500    -0.57045     0.27815     0.10265     0.00000     0.00000     0.00000     0.00000     0.00000
     0.93000    -0.56631     0.27517     0.10270     0.00000     0.00000     0.00000     0.00000     0.00000
     0.93500    -0.56220     0.27223     0.10273     0.00000     0.00000     0.00000     0.00000     0.00000
     0.94000    -0.55812     0.26932     0.10275     0.00000     0.00000     0.00000     0.00000     0.00000
     0.94500    -0.55408     0.26645     0.10276     0.00000     0.00000     0.00000     0.00000     0.00000
     0.95000    -0.55007     0.26362     0.10275     0.00000     0.00000     0.00000     0.00000     0.00000
     0.95500    -0.54610     0.26081     0.10274     0.00000     0.00000     0.00000     0.00000     0.00000
     0.96000    -0.54217     0.25804     0.10272     0.00000     0.00000     0.00000     0.00000     0.00000
     0.96500    -0.53826     0.25531     0.10268     0.00000     0.00000     0.00000     0.00000     0.00000
     0.97000    -0.53439     0.25261     0.10264     0.00000     0.00000     0.00000     0.00000     0.00000
     0.97500    -0.53055     0.24994     0.10259     0.00000     0.00000     0.00000     0.00000     0.00000
     0.98000    -0.52675     0.24730     0.10253     0.00000     0.00000     0.00000     0.00000     0.00000
     0.98500    -0.52297     0.24469     0.10246     0.00000     0.00000     0.00000     0.00000     0.00000
     0.99000    -0.51923     0.24212     0.10238     0.00000     0.00000     0.00000     0.00000     0.00000
     0.99500    -0.51552     0.23958     0.10229     0.00000     0.00000     0.00000     0.00000     0.00000
     1.00000    -0.51185     0.23706     0.10219     0.00000     0.00000     0.00000     0.00000     0.00000
     1.00500    -0.50820     0.23458     0.10209     0.00000     0.00000     0.00000     0.00000     0.00000
     1.01000    -0.50458     0.23213     0.10197     0.00000     0.00000     0.00000     0.00000     0.00000
     1.01500    -0.50100     0.22970     0.10185     0.00000     0.00000     0.00000     0.00000     0.00000
     1.02000    -0.49744     0.22731     0.10172     0.00000     0.00000     0.00000     0.00000     0.00000
     1.02500    -0.49391     0.22494     0.10159     0.00000     0.00000     0.00000     0.00000     0.00000
     1.03000    -0.49042     0.22260     0.10145     0.00000     0.00000     0.00000     0.00000     0.00000
     1.03500    -0.48695     0.22029     0.10130     0.00000     0.00000     0.00000     0.00000     0.00000
     1.04000    -0.48351     0.21800     0.10114     0.00000     0.00000     0.00000     0.00000     0.00000
     1.04500    -0.48010     0.21575     0.10098     0.00000     0.00000     0.00000     0.00000     0.00000
     1.05000    -0.47672     0.21352     0.10081     0.00000     0.00000     0.00000     0.00000     0.00000
     1.05500    -0.47336     0.21131     0.10063     0.00000     0.00000     0.00000     0.00000     0.00000
     1.06000    -0.47003     0.20914     0.10045     0.00000     0.00000     0.00000     0.00000     0.00000
     1.06500    -0.46674     0.20698     0.10026     0.00000     0.00000     0.00000     0.00000     0.00000
     1.07000    -0.46346     0.20486     0.10006     0.00000     0.00000     0.00000     0.00000     0.00000
     1.07500    -0.46022     0.20275     0.09986     0.00000     0.00000     0.00000     0.00000     0.00000
     1.08000    -0.45700     0.20068     0.09966     0.00000     0.00000     0.00000     0.00000     0.00000
     1.08500    -0.45381     0.19862     0.09945     0.00000     0.00000     0.00000     0.00000     0.00000
     1.09000    -0.45064     0.19660     0.09923     0.00000     0.00000     0.00000     0.00000     0.00000
     1.09500    -0.44750     0.19459     0.09901     0.00000     0.00000     0.00000     0.00000     0.00000
     1.10000    -0.44439     0.19261     0.09878     0.00000     0.00000     0.00000     0.00000     0.00000
     1.10500    -0.44130     0.19065     0.09855     0.00000     0.00000     0.00000     0.00000     0.00000
     1.11000    -0.43824     0.18871     0.09832     0.00000     0.00000     0.00000     0.00000     0.00000
     1.11500    -0.43520     0.18680     0.09808     0.00000     0.00000     0.00000     0.00000     0.00000
     1.12000    -0.43218     0.18491     0.09783     0.00000     0.00000     0.00000     0.00000     0.00000
     1.12500    -0.42919     0.18304     0.09758     0.00000     0.00000     0.00000     0.00000     0.00000
     1.13000    -0.42623     0.18119     0.09733     0.00000     0.00000     0.00000     0.00000     0.00000
     1.13500    -0.42329     0.17937     0.09707     0.00000     0.00000     0.00000     0.00000     0.00000
     1.14000    -0.42037     0.17756     0.09681     0.00000     0.00000     0.00000     0.00000     0.00000
     1.14500    -0.41747     0.17578     0.09655     0.00000     0.00000     0.00000     0.00000     0.00000
     1.15000    -0.41460     0.17401     0.09628     0.00000     0.00000     0.00000     0.00000     0.00000
     1.15500    -0.41175     0.17227     0.09601     0.00000     0.00000     0.00000     0.00000     0.00000
     1.16000    -0.40893     0.17055     0.09573     0.00000     0.00000     0.00000     0.00000     0.00000
     1.16500    -0.40613     0.16884     0.09545     0.00000     0.00000     0.00000     0.00000     0.00000
     1.17000    -0.40335     0.16716     0.09517     0.00000     0.00000     0.00000     0.00000     0.00000
     1.17500    -0.40059     0.16549     0.09489     0.00000     0.00000     0.00000     0.00000     0.00000
     1.18000    -0.39785     0.16385     0.09460     0.00000     0.00000     0.00000     0.00000     0.00000
     1.18500    -0.39514     0.16222     0.09431     0.00000     0.00000     0.00000     0.00000     0.00000
     1.19000    -0.39244     0.16061     0.09401     0.00000     0.00000     0.00000     0.00000     0.00000
     1.19500    -0.38977     0.15902     0.09372     0.00000     0.00000     0.00000     0.00000     0.00000
     1.20000    -0.38712     0.15745     0.09342     0.00000     0.00000     0.00000     0.00000     0.00000
     1.20500    -0.38449     0.15590     0.09311     0.00000     0.00000     0.00000     0.00000     0.00000
     1.21000    -0.38188     0.15436     0.09281     0.00000     0.00000     0.00000     0.00000     0.00000
     1.21500    -0.37930     0.15284     0.09250     0.00000     0.00000     0.00000     0.00000     0.00000
     1.22000    -0.37673     0.15134     0.09219     0.00000     0.00000     0.00000     0.00000     0.00000
     1.22500    -0.37418     0.14985     0.09188     0.00000     0.00000     0.00000     0.00000     0.00000
     1.23000    -0.37165     0.14838     0.09157     0.00000     0.00000     0.00000     0.00000     0.00000
     1.23500    -0.36915     0.14693     0.09125     0.00000     0.00000     0.00000     0.00000     0.00000
     1.24000    -0.36666     0.14550     0.09094     0.00000     0.00000     0.00000     0.00000     0.00000
     1.24500    -0.36419     0.14408     0.09062     0.00000     0.00000     0.00000     0.00000     0.00000
     1.25000    -0.36174     0.14268     0.09029     0.00000     0.00000     0.00000     0.00000     0.00000
     1.25500    -0.35931     0.14129     0.08997     0.00000     0.00000     0.00000     0.00000     0.00000
     1.26000    -0.35690     0.13992     0.08965     0.00000     0.00000     0.00000     0.00000     0.00000
     1.26500    -0.35450     0.13856     0.08932     0.00000     0.00000     0.00000     0.00000     0.00000
     1.27000    -0.35213     0.13722     0.08899     0.00000     0.00000     0.00000     0.00000     0.00000
     1.27500    -0.34977     0.13589     0.08866     0.00000     0.00000     0.00000     0.00000     0.00000
     1.28000    -0.34744     0.13458     0.08833     0.00000     0.00000     0.00000     0.00000     0.00000
     1.28500    -0.34512     0.13328     0.08800     0.00000     0.00000     0.00000     0.00000     0.00000
     1.29000    -0.34282     0.13200     0.08767     0.00000     0.00000     0.00000     0.00000     0.00000
     1.29500    -0.34053     0.13073     0.08733     0.00000     0.00000     0.00000     0.00000     0.00000
     1.30000    -0.33826     0.12948     0.08700     0.00000     0.00000     0.00000     0.00000     0.00000
     1.30500    -0.33602     0.12824     0.08666     0.00000     0.00000     0.00000     0.00000     0.00000
     1.31000    -0.33378     0.12701     0.08632     0.00000     0.00000     0.00000     0.00000     0.00000
     1.31500    -0.33157     0.12580     0.08598     0.00000     0.00000     0.00000     0.00000     0.00000
     1.32000    -0.32937     0.12460     0.08564     0.00000     0.00000     0.00000     0.00000     0.00000
     1.32500    -0.32719     0.12341     0.08530     0.00000     0.00000     0.00000     0.00000     0.00000
     1.33000    -0.32502     0.12224     0.08496     0.00000     0.00000     0.00000     0.00000     0.00000
     1.33500    -0.32288     0.12108     0.08462     0.00000     0.00000     0.00000     0.00000     0.00000
     1.34000    -0.32074     0.11993     0.08428     0.00000     0.00000     0.00000     0.00000     0.00000
     1.34500    -0.31863     0.11879     0.08393     0.00000     0.00000     0.00000     0.00000     0.00000
     1.35000    -0.31653     0.11767     0.08359     0.00000     0.00000     0.00000     0.00000     0.00000
     1.35500    -0.31445     0.11656     0.08324     0.00000     0.00000     0.00000     0.00000     0.00000
     1.36000    -0.31238     0.11546     0.08290     0.00000     0.00000     0.00000     0.00000     0.00000
     1.36500    -0.31032     0.11437     0.08255     0.00000     0.00000     0.00000     0.00000     0.00000
     1.37000    -0.30829     0.11330     0.08221     0.00000     0.00000     0.00000     0.00000     0.00000
     1.37500    -0.30627     0.11224     0.08186     0.00000     0.00000     0.00000     0.00000     0.00000
     1.38000    -0.30426     0.11118     0.08151     0.00000     0.00000     0.00000     0.00000     0.00000
     1.38500    -0.30227     0.11014     0.08117     0.00000     0.00000     0.00000     0.00000     0.00000
     1.39000    -0.30029     0.10912     0.08082     0.00000     0.00000     0.00000     0.00000     0.00000
     1.39500    -0.29833     0.10810     0.08047     0.00000     0.00000     0.00000     0.00000     0.00000
     1.40000    -0.29638     0.10709     0.08012     0.00000     0.00000     0.00000     0.00000     0.00000
     1.40500    -0.29445     0.10610     0.07978     0.00000     0.00000     0.00000     0.00000     0.00000
     1.41000    -0.29253     0.10511     0.07943     0.00000     0.00000     0.00000     0.00000     0.00000
     1.41500    -0.29063     0.10414     0.07908     0.00000     0.00000     0.00000     0.00000     0.00000
     1.42000    -0.28874     0.10317     0.07873     0.00000     0.00000     0.00000     0.00000     0.00000
     1.42500    -0.28686     0.10222     0.07839     0.00000     0.00000     0.00000     0.00000     0.00000
     1.43000    -0.28500     0.10127     0.07804     0.00000     0.00000     0.00000     0.00000     0.00000
     1.43500    -0.28315     0.10034     0.07769     0.00000     0.00000     0.00000     0.00000     0.00000
     1.44000    -0.28132     0.09942     0.07734     0.00000     0.00000     0.00000     0.00000     0.00000
     1.44500    -0.27949     0.09850     0.07699     0.00000     0.00000     0.00000     0.00000     0.00000
     1.45000    -0.27769     0.09760     0.07665     0.00000     0.00000     0.00000     0.00000     0.00000
     1.45500    -0.27589     0.09670     0.07630     0.00000     0.00000     0.00000     0.00000     0.00000
     1.46000    -0.27411     0.09582     0.07595     0.00000     0.00000     0.00000     0.00000     0.00000
     1.46500    -0.27234     0.09494     0.07561     0.00000     0.00000     0.00000     0.00000     0.00000
     1.47000    -0.27059     0.09408     0.07526     0.00000     0.00000     0.00000     0.00000     0.00000
     1.47500    -0.26884     0.09322     0.07491     0.00000     0.00000     0.00000     0.00000     0.00000
     1.48000    -0.26711     0.09237     0.07457     0.00000     0.00000     0.00000     0.00000     0.00000
     1.48500    -0.26540     0.09153     0.07422     0.00000     0.00000     0.00000     0.00000     0.00000
     1.49000    -0.26369     0.09070     0.07388     0.00000     0.00000     0.00000     0.00000     0.00000
     1.49500    -0.26200     0.08988     0.07353     0.00000     0.00000     0.00000     0.00000     0.00000
     1.50000    -0.26032     0.08907     0.07319     0.00000     0.00000     0.00000     0.00000     0.00000
     1.50500    -0.25865     0.08826     0.07284     0.00000     0.00000     0.00000     0.00000     0.00000
     1.51000    -0.25700     0.08747     0.07250     0.00000     0.00000     0.00000     0.00000     0.00000
     1.51500    -0.25535     0.08668     0.07216     0.00000     0.00000     0.00000     0.00000     0.00000
     1.52000    -0.25372     0.08590     0.07182     0.00000     0.00000     0.00000     0.00000     0.00000
     1.52500    -0.25210     0.08513     0.07147     0.00000     0.00000     0.00000     0.00000     0.00000
     1.53000    -0.25049     0.08437     0.07113     0.00000     0.00000     0.00000     0.00000     0.00000
     1.53500    -0.24889     0.08361     0.07079     0.00000     0.00000     0.00000     0.00000     0.00000
     1.54000    -0.24731     0.08286     0.07045     0.00000     0.00000     0.00000     0.00000     0.00000
     1.54500    -0.24573     0.08212     0.07011     0.00000     0.00000     0.00000     0.00000     0.00000
     1.55000    -0.24417     0.08139     0.06978     0.00000     0.00000     0.00000     0.00000     0.00000
     1.55500    -0.24262     0.08067     0.06944     0.00000     0.00000     0.00000     0.00000     0.00000
     1.56000    -0.24108     0.07995     0.06910     0.00000     0.00000     0.00000     0.00000     0.00000
     1.56500    -0.23955     0.07924     0.06876     0.00000     0.00000     0.00000     0.00000     0.00000
     1.57000    -0.23803     0.07854     0.06843     0.00000     0.00000     0.00000     0.00000     0.00000
     1.57500    -0.23652     0.07784     0.06809     0.00000     0.00000     0.00000     0.00000     0.00000
     1.58000    -0.23502     0.07715     0.06776     0.00000     0.00000     0.00000     0.00000     0.00000
     1.58500    -0.23354     0.07647     0.06743     0.00000     0.00000     0.00000     0.00000     0.00000
     1.59000    -0.23206     0.07580     0.06709     0.00000     0.00000     0.00000     0.00000     0.00000
     1.59500    -0.23060     0.07513     0.06676     0.00000     0.00000     0.00000     0.00000     0.00000
     1.60000    -0.22914     0.07447     0.06643     0.00000     0.00000     0.00000     0.00000     0.00000
     1.60500    -0.22770     0.07382     0.06610     0.00000     0.00000     0.00000     0.00000     0.00000
     1.61000    -0.22626     0.07317     0.06577     0.00000     0.00000     0.00000     0.00000     0.00000
     1.61500    -0.22484     0.07253     0.06544     0.00000     0.00000     0.00000     0.00000     0.00000
     1.62000    -0.22342     0.07190     0.06511     0.00000     0.00000     0.00000     0.00000     0.00000
     1.62500    -0.22202     0.07127     0.06479     0.00000     0.00000     0.00000     0.00000     0.00000
     1.63000    -0.22062     0.07065     0.06446     0.00000     0.00000     0.00000     0.00000     0.00000
     1.63500    -0.21924     0.07003     0.06414     0.00000     0.00000     0.00000     0.00000     0.00000
     1.64000    -0.21786     0.06942     0.06381     0.00000     0.00000     0.00000     0.00000     0.00000
     1.64500    -0.21650     0.06882     0.06349     0.00000     0.00000     0.00000     0.00000     0.00000
     1.65000    -0.21514     0.06823     0.06317     0.00000     0.00000     0.00000     0.00000     0.00000
     1.65500    -0.21379     0.06764     0.06285     0.00000     0.00000     0.00000     0.00000     0.00000
     1.66000    -0.21246     0.06705     0.06253     0.00000     0.00000     0.00000     0.00000     0.00000
     1.66500    -0.21113     0.06647     0.06221     0.00000     0.00000     0.00000     0.00000     0.00000
     1.67000    -0.20981     0.06590     0.06189     0.00000     0.00000     0.00000     0.00000     0.00000
     1.67500    -0.20850     0.06533     0.06157     0.00000     0.00000     0.00000     0.00000     0.00000
     1.68000    -0.20720     0.06477     0.06126     0.00000     0.00000     0.00000     0.00000     0.00000
     1.68500    -0.20591     0.06421     0.06094     0.00000     0.00000     0.00000     0.00000     0.00000
     1.69000    -0.20462     0.06366     0.06063     0.00000     0.00000     0.00000     0.00000     0.00000
     1.69500    -0.20335     0.06312     0.06031     0.00000     0.00000     0.00000     0.00000     0.00000
     1.70000    -0.20208     0.06258     0.06000     0.00000     0.00000     0.00000     0.00000     0.00000
     1.70500    -0.20083     0.06205     0.05969     0.00000     0.00000     0.00000     0.00000     0.00000
     1.71000    -0.19958     0.06152     0.05938     0.00000     0.00000     0.00000     0.00000     0.00000
     1.71500    -0.19834     0.06099     0.05907     0.00000     0.00000     0.00000     0.00000     0.00000
     1.72000    -0.19711     0.06048     0.05876     0.00000     0.00000     0.00000     0.00000     0.00000
     1.72500    -0.19589     0.05996     0.05846     0.00000     0.00000     0.00000     0.00000     0.00000
     1.73000    -0.19467     0.05945     0.05815     0.00000     0.00000     0.00000     0.00000     0.00000
     1.73500    -0.19347     0.05895     0.05785     0.00000     0.00000     0.00000     0.00000     0.00000
     1.74000    -0.19227     0.05845     0.05754     0.00000     0.00000     0.00000     0.00000     0.00000
     1.74500    -0.19108     0.05796     0.05724     0.00000     0.00000     0.00000     0.00000     0.00000
     1.75000    -0.18990     0.05747     0.05694     0.00000     0.00000     0.00000     0.00000     0.00000
     1.75500    -0.18873     0.05699     0.05664     0.00000     0.00000     0.00000     0.00000     0.00000
     1.76000    -0.18756     0.05651     0.05634     0.00000     0.00000     0.00000     0.00000     0.00000
     1.76500    -0.18641     0.05603     0.05604     0.00000     0.00000     0.00000     0.00000     0.00000
     1.77000    -0.18526     0.05556     0.05574     0.00000     0.00000     0.00000     0.00000     0.00000
     1.77500    -0.18412     0.05510     0.05545     0.00000     0.00000     0.00000     0.00000     0.00000
     1.78000    -0.18298     0.05464     0.05515     0.00000     0.00000     0.00000     0.00000     0.00000
     1.78500    -0.18186     0.05418     0.05486     0.00000     0.00000     0.00000     0.00000     0.00000
     1.79000    -0.18074     0.05373     0.05457     0.00000     0.00000     0.00000     0.00000     0.00000
     1.79500    -0.17963     0.05328     0.05428     0.00000     0.00000     0.00000     0.00000     0.00000
     1.80000    -0.17852     0.05284     0.05399     0.00000     0.00000     0.00000     0.00000     0.00000
     1.80500    -0.17743     0.05240     0.05370     0.00000     0.00000     0.00000     0.00000     0.00000
     1.81000    -0.17634     0.05196     0.05341     0.00000     0.00000     0.00000     0.00000     0.00000
     1.81500    -0.17526     0.05153     0.05312     0.00000     0.00000     0.00000     0.00000     0.00000
     1.82000    -0.17419     0.05111     0.05284     0.00000     0.00000     0.00000     0.00000     0.00000
     1.82500    -0.17312     0.05068     0.05255     0.00000     0.00000     0.00000     0.00000     0.00000
     1.83000    -0.17206     0.05027     0.05227     0.00000     0.00000     0.00000     0.00000     0.00000
     1.83500    -0.17101     0.04985     0.05199     0.00000     0.00000     0.00000     0.00000     0.00000
     1.84000    -0.16996     0.04944     0.05171     0.00000     0.00000     0.00000     0.00000     0.00000
     1.84500    -0.16892     0.04903     0.05143     0.00000     0.00000     0.00000     0.00000     0.00000
     1.85000    -0.16789     0.04863     0.05115     0.00000     0.00000     0.00000     0.00000     0.00000
     1.85500    -0.16687     0.04823     0.05087     0.00000     0.00000     0.00000     0.00000     0.00000
     1.86000    -0.16585     0.04784     0.05059     0.00000     0.00000     0.00000     0.00000     0.00000
     1.86500    -0.16484     0.04745     0.05032     0.00000     0.00000     0.00000     0.00000     0.00000
     1.87000    -0.16383     0.04706     0.05004     0.00000     0.00000     0.00000     0.00000     0.00000
     1.87500    -0.16284     0.04668     0.04977     0.00000     0.00000     0.00000     0.00000     0.00000
     1.88000    -0.16184     0.04630     0.04950     0.00000     0.00000     0.00000     0.00000     0.00000
     1.88500    -0.16086     0.04592     0.04923     0.00000     0.00000     0.00000     0.00000     0.00000
     1.89000    -0.15988     0.04555     0.04896     0.00000     0.00000     0.00000     0.00000     0.00000
     1.89500    -0.15891     0.04518     0.04869     0.00000     0.00000     0.00000     0.00000     0.00000
     1.90000    -0.15795     0.04481     0.04842     0.00000     0.00000     0.00000     0.00000     0.00000
     1.90500    -0.15699     0.04445     0.04816     0.00000     0.00000     0.00000     0.00000     0.00000
     1.91000    -0.15604     0.04409     0.04789     0.00000     0.00000     0.00000     0.00000     0.00000
     1.91500    -0.15509     0.04373     0.04763     0.00000     0.00000     0.00000     0.00000     0.00000
     1.92000    -0.15415     0.04338     0.04737     0.00000     0.00000     0.00000     0.00000     0.00000
     1.92500    -0.15322     0.04303     0.04711     0.00000     0.00000     0.00000     0.00000     0.00000
     1.93000    -0.15229     0.04268     0.04685     0.00000     0.00000     0.00000     0.00000     0.00000
     1.93500    -0.15137     0.04234     0.04659     0.00000     0.00000     0.00000     0.00000     0.00000
     1.94000    -0.15045     0.04200     0.04633     0.00000     0.00000     0.00000     0.00000     0.00000
     1.94500    -0.14954     0.04166     0.04607     0.00000     0.00000     0.00000     0.00000     0.00000
     1.95000    -0.14864     0.04133     0.04582     0.00000     0.00000     0.00000     0.00000     0.00000
     1.95500    -0.14774     0.04100     0.04556     0.00000     0.00000     0.00000     0.00000     0.00000
     1.96000    -0.14685     0.04067     0.04531     0.00000     0.00000     0.00000     0.00000     0.00000
     1.96500    -0.14596     0.04035     0.04506     0.00000     0.00000     0.00000     0.00000     0.00000
     1.97000    -0.14508     0.04003     0.04481     0.00000     0.00000     0.00000     0.00000     0.00000
     1.97500    -0.14421     0.03971     0.04456     0.00000     0.00000     0.00000     0.00000     0.00000
     1.98000    -0.14334     0.03939     0.04431     0.00000     0.00000     0.00000     0.00000     0.00000
     1.98500    -0.14248     0.03908     0.04406     0.00000     0.00000     0.00000     0.00000     0.00000
     1.99000    -0.14162     0.03877     0.04382     0.00000     0.00000     0.00000     0.00000     0.00000
     1.99500    -0.14077     0.03846     0.04357     0.00000     0.00000     0.00000     0.00000     0.00000
     2.00000    -0.13992     0.03816     0.04333     0.00000     0.00000     0.00000     0.00000     0.00000
     2.00500    -0.13908     0.03786     0.04309     0.00000     0.00000     0.00000     0.00000     0.00000
     2.01000    -0.13825     0.03756     0.04284     0.00000     0.00000     0.00000     0.00000     0.00000
     2.01500    -0.13742     0.03726     0.04260     0.00000     0.00000     0.00000     0.00000     0.00000
     2.02000    -0.13659     0.03697     0.04236     0.00000     0.00000     0.00000     0.00000     0.00000
     2.02500    -0.13577     0.03668     0.04213     0.00000     0.00000     0.00000     0.00000     0.00000
     2.03000    -0.13496     0.03639     0.04189     0.00000     0.00000     0.00000     0.00000     0.00000
     2.03500    -0.13415     0.03610     0.04165     0.00000     0.00000     0.00000     0.00000     0.00000
     2.04000    -0.13335     0.03582     0.04142     0.00000     0.00000     0.00000     0.00000     0.00000
     2.04500    -0.13255     0.03554     0.04119     0.00000     0.00000     0.00000     0.00000     0.00000
     2.05000    -0.13175     0.03526     0.04095     0.00000     0.00000     0.00000     0.00000     0.00000
     2.05500    -0.13097     0.03499     0.04072     0.00000     0.00000     0.00000     0.00000     0.00000
     2.06000    -0.13018     0.03472     0.04049     0.00000     0.00000     0.00000     0.00000     0.00000
     2.06500    -0.12940     0.03445     0.04026     0.00000     0.00000     0.00000     0.00000     0.00000
     2.07000    -0.12863     0.03418     0.04003     0.00000     0.00000     0.00000     0.00000     0.00000
     2.07500    -0.12786     0.03391     0.03981     0.00000     0.00000     0.00000     0.00000     0.00000
     2.08000    -0.12710     0.03365     0.03958     0.00000     0.00000     0.00000     0.00000     0.00000
     2.08500    -0.12634     0.03339     0.03936     0.00000     0.00000     0.00000     0.00000     0.00000
     2.09000    -0.12559     0.03313     0.03913     0.00000     0.00000     0.00000     0.00000     0.00000
     2.09500    -0.12484     0.03287     0.03891     0.00000     0.00000     0.00000     0.00000     0.00000
     2.10000    -0.12409     0.03262     0.03869     0.00000     0.00000     0.00000     0.00000     0.00000
     2.10500    -0.12336     0.03237     0.03847     0.00000     0.00000     0.00000     0.00000     0.00000
     2.11000    -0.12262     0.03212     0.03825     0.00000     0.00000     0.00000     0.00000     0.00000
     2.11500    -0.12189     0.03187     0.03803     0.00000     0.00000     0.00000     0.00000     0.00000
     2.12000    -0.12117     0.03163     0.03782     0.00000     0.00000     0.00000     0.00000     0.00000
     2.12500    -0.12045     0.03138     0.03760     0.00000     0.00000     0.00000     0.00000     0.00000
     2.13000    -0.11973     0.03114     0.03739     0.00000     0.00000     0.00000     0.00000     0.00000
     2.13500    -0.11902     0.03090     0.03717     0.00000     0.00000     0.00000     0.00000     0.00000
     2.14000    -0.11831     0.03067     0.03696     0.00000     0.00000     0.00000     0.00000     0.00000
     2.14500    -0.11761     0.03043     0.03675     0.00000     0.00000     0.00000     0.00000     0.00000
     2.15000    -0.11691     0.03020     0.03654     0.00000     0.00000     0.00000     0.00000     0.00000
     2.15500    -0.11622     0.02997     0.03633     0.00000     0.00000     0.00000     0.00000     0.00000
     2.16000    -0.11553     0.02974     0.03612     0.00000     0.00000     0.00000     0.00000     0.00000
     2.16500    -0.11484     0.02951     0.03591     0.00000     0.00000     0.00000     0.00000     0.00000
     2.17000    -0.11416     0.02929     0.03571     0.00000     0.00000     0.00000     0.00000     0.00000
     2.17500    -0.11349     0.02907     0.03550     0.00000     0.00000     0.00000     0.00000     0.00000
     2.18000    -0.11281     0.02885     0.03530     0.00000     0.00000     0.00000     0.00000     0.00000
     2.18500    -0.11215     0.02863     0.03509     0.00000     0.00000     0.00000     0.00000     0.00000
     2.19000    -0.11148     0.02841     0.03489     0.00000     0.00000     0.00000     0.00000     0.00000
     2.19500    -0.11082     0.02819     0.03469     0.00000     0.00000     0.00000     0.00000     0.00000
     2.20000    -0.11017     0.02798     0.03449     0.00000     0.00000     0.00000     0.00000     0.00000
     2.20500    -0.10952     0.02777     0.03429     0.00000     0.00000     0.00000     0.00000     0.00000
     2.21000    -0.10887     0.02756     0.03410     0.00000     0.00000     0.00000     0.00000     0.00000
     2.21500    -0.10823     0.02735     0.03390     0.00000     0.00000     0.00000     0.00000     0.00000
     2.22000    -0.10759     0.02715     0.03370     0.00000     0.00000     0.00000     0.00000     0.00000
     2.22500    -0.10695     0.02694     0.03351     0.00000     0.00000     0.00000     0.00000     0.00000
     2.23000    -0.10632     0.02674     0.03331     0.00000     0.00000     0.00000     0.00000     0.00000
     2.23500    -0.10569     0.02654     0.03312     0.00000     0.00000     0.00000     0.00000     0.00000
     2.24000    -0.10507     0.02634     0.03293     0.00000     0.00000     0.00000     0.00000     0.00000
     2.24500    -0.10445     0.02614     0.03274     0.00000     0.00000     0.00000     0.00000     0.00000
     2.25000    -0.10384     0.02595     0.03255     0.00000     0.00000     0.00000     0.00000     0.00000
     2.25500    -0.10322     0.02575     0.03236     0.00000     0.00000     0.00000     0.00000     0.00000
     2.26000    -0.10262     0.02556     0.03217     0.00000     0.00000     0.00000     0.00000     0.00000
     2.26500    -0.10201     0.02537     0.03199     0.00000     0.00000     0.00000     0.00000     0.00000
     2.27000    -0.10141     0.02518     0.03180     0.00000     0.00000     0.00000     0.00000     0.00000
     2.27500    -0.10082     0.02499     0.03162     0.00000     0.00000     0.00000     0.00000     0.00000
     2.28000    -0.10022     0.02481     0.03143     0.00000     0.00000     0.00000     0.00000     0.00000
     2.28500    -0.09963     0.02462     0.03125     0.00000     0.00000     0.00000     0.00000     0.00000
     2.29000    -0.09905     0.02444     0.03107     0.00000     0.00000     0.00000     0.00000     0.00000
     2.29500    -0.09847     0.02426     0.03089     0.00000     0.00000     0.00000     0.00000     0.00000
     2.30000    -0.09789     0.02408     0.03071     0.00000     0.00000     0.00000     0.00000     0.00000
     2.30500    -0.09731     0.02390     0.03053     0.00000     0.00000     0.00000     0.00000     0.00000
     2.31000    -0.09674     0.02373     0.03035     0.00000     0.00000     0.00000     0.00000     0.00000
     2.31500    -0.09617     0.02355     0.03017     0.00000     0.00000     0.00000     0.00000     0.00000
     2.32000    -0.09561     0.02338     0.03000     0.00000     0.00000     0.00000     0.00000     0.00000
     2.32500    -0.09505     0.02320     0.02982     0.00000     0.00000     0.00000     0.00000     0.00000
     2.33000    -0.09449     0.02303     0.02965     0.00000     0.00000     0.00000     0.00000     0.00000
     2.33500    -0.09394     0.02286     0.02948     0.00000     0.00000     0.00000     0.00000     0.00000
     2.34000    -0.09339     0.02270     0.02930     0.00000     0.00000     0.00000     0.00000     0.00000
     2.34500    -0.09284     0.02253     0.02913     0.00000     0.00000     0.00000     0.00000     0.00000
     2.35000    -0.09230     0.02236     0.02896     0.00000     0.00000     0.00000     0.00000     0.00000
     2.35500    -0.09176     0.02220     0.02879     0.00000     0.00000     0.00000     0.00000     0.00000
     2.36000    -0.09122     0.02204     0.02862     0.00000     0.00000     0.00000     0.00000     0.00000
     2.36500    -0.09069     0.02188     0.02846     0.00000     0.00000     0.00000     0.00000     0.00000
     2.37000    -0.09016     0.02172     0.02829     0.00000     0.00000     0.00000     0.00000     0.00000
     2.37500    -0.08963     0.02156     0.02812     0.00000     0.00000     0.00000     0.00000     0.00000
     2.38000    -0.08911     0.02140     0.02796     0.00000     0.00000     0.00000     0.00000     0.00000
     2.38500    -0.08859     0.02125     0.02780     0.00000     0.00000     0.00000     0.00000     0.00000
     2.39000    -0.08807     0.02109     0.02763     0.00000     0.00000     0.00000     0.00000     0.00000
     2.39500    -0.08755     0.02094     0.02747     0.00000     0.00000     0.00000     0.00000     0.00000
     2.40000    -0.08704     0.02079     0.02731     0.00000     0.00000     0.00000     0.00000     0.00000
     2.40500    -0.08653     0.02063     0.02715     0.00000     0.00000     0.00000     0.00000     0.00000
     2.41000    -0.08603     0.02048     0.02699     0.00000     0.00000     0.00000     0.00000     0.00000
     2.41500    -0.08553     0.02034     0.02683     0.00000     0.00000     0.00000     0.00000     0.00000
     2.42000    -0.08503     0.02019     0.02667     0.00000     0.00000     0.00000     0.00000     0.00000
     2.42500    -0.08453     0.02004     0.02652     0.00000     0.00000     0.00000     0.00000     0.00000
     2.43000    -0.08404     0.01990     0.02636     0.00000     0.00000     0.00000     0.00000     0.00000
     2.43500    -0.08355     0.01975     0.02620     0.00000     0.00000     0.00000     0.00000     0.00000
     2.44000    -0.08306     0.01961     0.02605     0.00000     0.00000     0.00000     0.00000     0.00000
     2.44500    -0.08258     0.01947     0.02590     0.00000     0.00000     0.00000     0.00000     0.00000
     2.45000    -0.08210     0.01933     0.02574     0.00000     0.00000     0.00000     0.00000     0.00000
     2.45500    -0.08162     0.01919     0.02559     0.00000     0.00000     0.00000     0.00000     0.00000
     2.46000    -0.08115     0.01905     0.02544     0.00000     0.00000     0.00000     0.00000     0.00000
     2.46500    -0.08067     0.01892     0.02529     0.00000     0.00000     0.00000     0.00000     0.00000
     2.47000    -0.08021     0.01878     0.02514     0.00000     0.00000     0.00000     0.00000     0.00000
     2.47500    -0.07974     0.01865     0.02499     0.00000     0.00000     0.00000     0.00000     0.00000
     2.48000    -0.07928     0.01851     0.02485     0.00000     0.00000     0.00000     0.00000     0.00000
     2.48500    -0.07881     0.01838     0.02470     0.00000     0.00000     0.00000     0.00000     0.00000
     2.49000    -0.07836     0.01825     0.02455     0.00000     0.00000     0.00000     0.00000     0.00000
     2.49500    -0.07790     0.01812     0.02441     0.00000     0.00000     0.00000     0.00000     0.00000
     2.50000    -0.07745     0.01799     0.02426     0.00000     0.00000     0.00000     0.00000     0.00000
     2.50500    -0.07700     0.01786     0.02412     0.00000     0.00000     0.00000     0.00000     0.00000
     2.51000    -0.07655     0.01773     0.02398     0.00000     0.00000     0.00000     0.00000     0.00000
     2.51500    -0.07611     0.01761     0.02384     0.00000     0.00000     0.00000     0.00000     0.00000
     2.52000    -0.07567     0.01748     0.02369     0.00000     0.00000     0.00000     0.00000     0.00000
     2.52500    -0.07523     0.01736     0.02355     0.00000     0.00000     0.00000     0.00000     0.00000
     2.53000    -0.07479     0.01723     0.02341     0.00000     0.00000     0.00000     0.00000     0.00000
     2.53500    -0.07436     0.01711     0.02328     0.00000     0.00000     0.00000     0.00000     0.00000
     2.54000    -0.07393     0.01699     0.02314     0.00000     0.00000     0.00000     0.00000     0.00000
     2.54500    -0.07350     0.01687     0.02300     0.00000     0.00000     0.00000     0.00000     0.00000
     2.55000    -0.07307     0.01675     0.02286     0.00000     0.00000     0.00000     0.00000     0.00000
     2.55500    -0.07265     0.01663     0.02273     0.00000     0.00000     0.00000     0.00000     0.00000
     2.56000    -0.07223     0.01651     0.02259     0.00000     0.00000     0.00000     0.00000     0.00000
     2.56500    -0.07181     0.01640     0.02246     0.00000     0.00000     0.00000     0.00000     0.00000
     2.57000    -0.07139     0.01628     0.02233     0.00000     0.00000     0.00000     0.00000     0.00000
     2.57500    -0.07098     0.01617     0.02219     0.00000     0.00000     0.00000     0.00000     0.00000
     2.58000    -0.07057     0.01605     0.02206     0.00000     0.00000     0.00000     0.00000     0.00000
     2.58500    -0.07016     0.01594     0.02193     0.00000     0.00000     0.00000     0.00000     0.00000
     2.59000    -0.06976     0.01583     0.02180     0.00000     0.00000     0.00000     0.00000     0.00000
     2.59500    -0.06935     0.01572     0.02167     0.00000     0.00000     0.00000     0.00000     0.00000
     2.60000    -0.06895     0.01561     0.02154     0.00000     0.00000     0.00000     0.00000     0.00000
     2.60500    -0.06855     0.01550     0.02141     0.00000     0.00000     0.00000     0.00000     0.00000
     2.61000    -0.06816     0.01539     0.02129     0.00000     0.00000     0.00000     0.00000     0.00000
     2.61500    -0.06776     0.01528     0.02116     0.00000     0.00000     0.00000     0.00000     0.00000
     2.62000    -0.06737     0.01517     0.02103     0.00000     0.00000     0.00000     0.00000     0.00000
     2.62500    -0.06698     0.01507     0.02091     0.00000     0.00000     0.00000     0.00000     0.00000
     2.63000    -0.06660     0.01496     0.02078     0.00000     0.00000     0.00000     0.00000     0.00000
     2.63500    -0.06621     0.01486     0.02066     0.00000     0.00000     0.00000     0.00000     0.00000
     2.64000    -0.06583     0.01475     0.02054     0.00000     0.00000     0.00000     0.00000     0.00000
     2.64500    -0.06545     0.01465     0.02041     0.00000     0.00000     0.00000     0.00000     0.00000
     2.65000    -0.06507     0.01455     0.02029     0.00000     0.00000     0.00000     0.00000     0.00000
     2.65500    -0.06470     0.01445     0.02017     0.00000     0.00000     0.00000     0.00000     0.00000
     2.66000    -0.06432     0.01435     0.02005     0.00000     0.00000     0.00000     0.00000     0.00000
     2.66500    -0.06395     0.01425     0.01993     0.00000     0.00000     0.00000     0.00000     0.00000
     2.67000    -0.06358     0.01415     0.01981     0.00000     0.00000     0.00000     0.00000     0.00000
     2.67500    -0.06322     0.01405     0.01969     0.00000     0.00000     0.00000     0.00000     0.00000
     2.68000    -0.06285     0.01395     0.01958     0.00000     0.00000     0.00000     0.00000     0.00000
     2.68500    -0.06249     0.01385     0.01946     0.00000     0.00000     0.00000     0.00000     0.00000
     2.69000    -0.06213     0.01376     0.01934     0.00000     0.00000     0.00000     0.00000     0.00000
     2.69500    -0.06177     0.01366     0.01923     0.00000     0.00000     0.00000     0.00000     0.00000
     2.70000    -0.06142     0.01357     0.01911     0.00000     0.00000     0.00000     0.00000     0.00000
     2.70500    -0.06106     0.01347     0.01900     0.00000     0.00000     0.00000     0.00000     0.00000
     2.71000    -0.06071     0.01338     0.01889     0.00000     0.00000     0.00000     0.00000     0.00000
     2.71500    -0.06036     0.01329     0.01877     0.00000     0.00000     0.00000     0.00000     0.00000
     2.72000    -0.06002     0.01320     0.01866     0.00000     0.00000     0.00000     0.00000     0.00000
     2.72500    -0.05967     0.01311     0.01855     0.00000     0.00000     0.00000     0.00000     0.00000
     2.73000    -0.05933     0.01302     0.01844     0.00000     0.00000     0.00000     0.00000     0.00000
     2.73500    -0.05899     0.01293     0.01833     0.00000     0.00000     0.00000     0.00000     0.00000
     2.74000    -0.05865     0.01284     0.01822     0.00000     0.00000     0.00000     0.00000     0.00000
     2.74500    -0.05831     0.01275     0.01811     0.00000     0.00000     0.00000     0.00000     0.00000
     2.75000    -0.05797     0.01266     0.01800     0.00000     0.00000     0.00000     0.00000     0.00000
     2.75500    -0.05764     0.01257     0.01789     0.00000     0.00000     0.00000     0.00000     0.00000
     2.76000    -0.05731     0.01249     0.01779     0.00000     0.00000     0.00000     0.00000     0.00000
     2.76500    -0.05698     0.01240     0.01768     0.00000     0.00000     0.00000     0.00000     0.00000
     2.77000    -0.05665     0.01232     0.01757     0.00000     0.00000     0.00000     0.00000     0.00000
     2.77500    -0.05633     0.01223     0.01747     0.00000     0.00000     0.00000     0.00000     0.00000
     2.78000    -0.05600     0.01215     0.01736     0.00000     0.00000     0.00000     0.00000     0.00000
     2.78500    -0.05568     0.01207     0.01726     0.00000     0.00000     0.00000     0.00000     0.00000
     2.79000    -0.05536     0.01198     0.01716     0.00000     0.00000     0.00000     0.00000     0.00000
     2.79500    -0.05504     0.01190     0.01705     0.00000     0.00000     0.00000     0.00000     0.00000
     2.80000    -0.05473     0.01182     0.01695     0.00000     0.00000     0.00000     0.00000     0.00000
     2.80500    -0.05441     0.01174     0.01685     0.00000     0.00000     0.00000     0.00000     0.00000
     2.81000    -0.05410     0.01166     0.01675     0.00000     0.00000     0.00000     0.00000     0.00000
     2.81500    -0.05379     0.01158     0.01665     0.00000     0.00000     0.00000     0.00000     0.00000
     2.82000    -0.05348     0.01150     0.01655     0.00000     0.00000     0.00000     0.00000     0.00000
     2.82500    -0.05318     0.01142     0.01645     0.00000     0.00000     0.00000     0.00000     0.00000
     2.83000    -0.05287     0.01134     0.01635     0.00000     0.00000     0.00000     0.00000     0.00000
     2.83500    -0.05257     0.01127     0.01625     0.00000     0.00000     0.00000     0.00000     0.00000
     2.84000    -0.05227     0.01119     0.01615     0.00000     0.00000     0.00000     0.00000     0.00000
     2.84500    -0.05197     0.01112     0.01606     0.00000     0.00000     0.00000     0.00000     0.00000
     2.85000    -0.05167     0.01104     0.01596     0.00000     0.00000     0.00000     0.00000     0.00000
     2.85500    -0.05137     0.01096     0.01586     0.00000     0.00000     0.00000     0.00000     0.00000
     2.86000    -0.05108     0.01089     0.01577     0.00000     0.00000     0.00000     0.00000     0.00000
     2.86500    -0.05079     0.01082     0.01567     0.00000     0.00000     0.00000     0.00000     0.00000
     2.87000    -0.05050     0.01074     0.01558     0.00000     0.00000     0.00000     0.00000     0.00000
     2.87500    -0.05021     0.01067     0.01549     0.00000     0.00000     0.00000     0.00000     0.00000
     2.88000    -0.04992     0.01060     0.01539     0.00000     0.00000     0.00000     0.00000     0.00000
     2.88500    -0.04963     0.01053     0.01530     0.00000     0.00000     0.00000     0.00000     0.00000
     2.89000    -0.04935     0.01046     0.01521     0.00000     0.00000     0.00000     0.00000     0.00000
     2.89500    -0.04907     0.01039     0.01512     0.00000     0.00000     0.00000     0.00000     0.00000
     2.90000    -0.04879     0.01032     0.01503     0.00000     0.00000     0.00000     0.00000     0.00000
     2.90500    -0.04851     0.01025     0.01494     0.00000     0.00000     0.00000     0.00000     0.00000
     2.91000    -0.04823     0.01018     0.01485     0.00000     0.00000     0.00000     0.00000     0.00000
     2.91500    -0.04795     0.01011     0.01476     0.00000     0.00000     0.00000     0.00000     0.00000
     2.92000    -0.04768     0.01004     0.01467     0.00000     0.00000     0.00000     0.00000     0.00000
     2.92500    -0.04741     0.00997     0.01458     0.00000     0.00000     0.00000     0.00000     0.00000
     2.93000    -0.04714     0.00991     0.01449     0.00000     0.00000     0.00000     0.00000     0.00000
     2.93500    -0.04687     0.00984     0.01440     0.00000     0.00000     0.00000     0.00000     0.00000
     2.94000    -0.04660     0.00977     0.01432     0.00000     0.00000     0.00000     0.00000     0.00000
     2.94500    -0.04633     0.00971     0.01423     0.00000     0.00000     0.00000     0.00000     0.00000
     2.95000    -0.04607     0.00964     0.01415     0.00000     0.00000     0.00000     0.00000     0.00000
     2.95500    -0.04580     0.00958     0.01406     0.00000     0.00000     0.00000     0.00000     0.00000
     2.96000    -0.04554     0.00951     0.01398     0.00000     0.00000     0.00000     0.00000     0.00000
     2.96500    -0.04528     0.00945     0.01389     0.00000     0.00000     0.00000     0.00000     0.00000
     2.97000    -0.04502     0.00939     0.01381     0.00000     0.00000     0.00000     0.00000     0.00000
     2.97500    -0.04477     0.00932     0.01372     0.00000     0.00000     0.00000     0.00000     0.00000
     2.98000    -0.04451     0.00926     0.01364     0.00000     0.00000     0.00000     0.00000     0.00000
     2.98500    -0.04426     0.00920     0.01356     0.00000     0.00000     0.00000     0.00000     0.00000
     2.99000    -0.04400     0.00914     0.01348     0.00000     0.00000     0.00000     0.00000     0.00000
     2.99500    -0.04375     0.00908     0.01340     0.00000     0.00000     0.00000     0.00000     0.00000
     3.00000    -0.04350     0.00902     0.01332     0.00000     0.00000     0.00000     0.00000     0.00000
     3.00500    -0.04326     0.00896     0.01323     0.00000     0.00000     0.00000     0.00000     0.00000
     3.01000    -0.04301     0.00890     0.01316     0.00000     0.00000     0.00000     0.00000     0.00000
     3.01500    -0.04276     0.00884     0.01308     0.00000     0.00000     0.00000     0.00000     0.00000
     3.02000    -0.04252     0.00878     0.01300     0.00000     0.00000     0.00000     0.00000     0.00000
     3.02500    -0.04228     0.00872     0.01292     0.00000     0.00000     0.00000     0.00000     0.00000
     3.03000    -0.04204     0.00866     0.01284     0.00000     0.00000     0.00000     0.00000     0.00000
     3.03500    -0.04180     0.00860     0.01276     0.00000     0.00000     0.00000     0.00000     0.00000
     3.04000    -0.04156     0.00855     0.01269     0.00000     0.00000     0.00000     0.00000     0.00000
     3.04500    -0.04132     0.00849     0.01261     0.00000     0.00000     0.00000     0.00000     0.00000
     3.05000    -0.04109     0.00843     0.01253     0.00000     0.00000     0.00000     0.00000     0.00000
     3.05500    -0.04085     0.00838     0.01246     0.00000     0.00000     0.00000     0.00000     0.00000
     3.06000    -0.04062     0.00832     0.01238     0.00000     0.00000     0.00000     0.00000     0.00000
     3.06500    -0.04039     0.00827     0.01231     0.00000     0.00000     0.00000     0.00000     0.00000
     3.07000    -0.04016     0.00821     0.01223     0.00000     0.00000     0.00000     0.00000     0.00000
     3.07500    -0.03993     0.00816     0.01216     0.00000     0.00000     0.00000     0.00000     0.00000
     3.08000    -0.03970     0.00810     0.01209     0.00000     0.00000     0.00000     0.00000     0.00000
     3.08500    -0.03947     0.00805     0.01201     0.00000     0.00000     0.00000     0.00000     0.00000
     3.09000    -0.03925     0.00800     0.01194     0.00000     0.00000     0.00000     0.00000     0.00000
     3.09500    -0.03903     0.00794     0.01187     0.00000     0.00000     0.00000     0.00000     0.00000
     3.10000    -0.03880     0.00789     0.01180     0.00000     0.00000     0.00000     0.00000     0.00000
     3.10500    -0.03858     0.00784     0.01172     0.00000     0.00000     0.00000     0.00000     0.00000
     3.11000    -0.03836     0.00779     0.01165     0.00000     0.00000     0.00000     0.00000     0.00000
     3.11500    -0.03814     0.00774     0.01158     0.00000     0.00000     0.00000     0.00000     0.00000
     3.12000    -0.03793     0.00769     0.01151     0.00000     0.00000     0.00000     0.00000     0.00000
     3.12500    -0.03771     0.00764     0.01144     0.00000     0.00000     0.00000     0.00000     0.00000
     3.13000    -0.03750     0.00759     0.01137     0.00000     0.00000     0.00000     0.00000     0.00000
     3.13500    -0.03728     0.00754     0.01131     0.00000     0.00000     0.00000     0.00000     0.00000
     3.14000    -0.03707     0.00749     0.01124     0.00000     0.00000     0.00000     0.00000     0.00000
     3.14500    -0.03686     0.00744     0.01117     0.00000     0.00000     0.00000     0.00000     0.00000
     3.15000    -0.03665     0.00739     0.01110     0.00000     0.00000     0.00000     0.00000     0.00000
     3.15500    -0.03644     0.00734     0.01103     0.00000     0.00000     0.00000     0.00000     0.00000
     3.16000    -0.03624     0.00729     0.01097     0.00000     0.00000     0.00000     0.00000     0.00000
     3.16500    -0.03603     0.00724     0.01090     0.00000     0.00000     0.00000     0.00000     0.00000
     3.17000    -0.03582     0.00720     0.01084     0.00000     0.00000     0.00000     0.00000     0.00000
     3.17500    -0.03562     0.00715     0.01077     0.00000     0.00000     0.00000     0.00000     0.00000
     3.18000    -0.03542     0.00710     0.01071     0.00000     0.00000     0.00000     0.00000     0.00000
     3.18500    -0.03522     0.00705     0.01064     0.00000     0.00000     0.00000     0.00000     0.00000
     3.19000    -0.03502     0.00701     0.01058     0.00000     0.00000     0.00000     0.00000     0.00000
     3.19500    -0.03482     0.00696     0.01051     0.00000     0.00000     0.00000     0.00000     0.00000
     3.20000    -0.03462     0.00692     0.01045     0.00000     0.00000     0.00000     0.00000     0.00000
     3.20500    -0.03442     0.00687     0.01038     0.00000     0.00000     0.00000     0.00000     0.00000
     3.21000    -0.03423     0.00683     0.01032     0.00000     0.00000     0.00000     0.00000     0.00000
     3.21500    -0.03403     0.00678     0.01026     0.00000     0.00000     0.00000     0.00000     0.00000
     3.22000    -0.03384     0.00674     0.01020     0.00000     0.00000     0.00000     0.00000     0.00000
     3.22500    -0.03365     0.00669     0.01014     0.00000     0.00000     0.00000     0.00000     0.00000
     3.23000    -0.03346     0.00665     0.01007     0.00000     0.00000     0.00000     0.00000     0.00000
     3.23500    -0.03327     0.00661     0.01001     0.00000     0.00000     0.00000     0.00000     0.00000
     3.24000    -0.03308     0.00656     0.00995     0.00000     0.00000     0.00000     0.00000     0.00000
     3.24500    -0.03289     0.00652     0.00989     0.00000     0.00000     0.00000     0.00000     0.00000
     3.25000    -0.03270     0.00648     0.00983     0.00000     0.00000     0.00000     0.00000     0.00000
     3.25500    -0.03252     0.00644     0.00977     0.00000     0.00000     0.00000     0.00000     0.00000
     3.26000    -0.03233     0.00639     0.00971     0.00000     0.00000     0.00000     0.00000     0.00000
     3.26500    -0.03215     0.00635     0.00965     0.00000     0.00000     0.00000     0.00000     0.00000
     3.27000    -0.03197     0.00631     0.00960     0.00000     0.00000     0.00000     0.00000     0.00000
     3.27500    -0.03178     0.00627     0.00954     0.00000     0.00000     0.00000     0.00000     0.00000
     3.28000    -0.03160     0.00623     0.00948     0.00000     0.00000     0.00000     0.00000     0.00000
     3.28500    -0.03143     0.00619     0.00942     0.00000     0.00000     0.00000     0.00000     0.00000
     3.29000    -0.03125     0.00615     0.00937     0.00000     0.00000     0.00000     0.00000     0.00000
     3.29500    -0.03107     0.00611     0.00931     0.00000     0.00000     0.00000     0.00000     0.00000
     3.30000    -0.03089     0.00607     0.00925     0.00000     0.00000     0.00000     0.00000     0.00000
     3.30500    -0.03072     0.00603     0.00920     0.00000     0.00000     0.00000     0.00000     0.00000
     3.31000    -0.03054     0.00599     0.00914     0.00000     0.00000     0.00000     0.00000     0.00000
     3.31500    -0.03037     0.00595     0.00909     0.00000     0.00000     0.00000     0.00000     0.00000
     3.32000    -0.03020     0.00591     0.00903     0.00000     0.00000     0.00000     0.00000     0.00000
     3.32500    -0.03003     0.00588     0.00898     0.00000     0.00000     0.00000     0.00000     0.00000
     3.33000    -0.02986     0.00584     0.00892     0.00000     0.00000     0.00000     0.00000     0.00000
     3.33500    -0.02969     0.00580     0.00887     0.00000     0.00000     0.00000     0.00000     0.00000
     3.34000    -0.02952     0.00576     0.00881     0.00000     0.00000     0.00000     0.00000     0.00000
     3.34500    -0.02935     0.00572     0.00876     0.00000     0.00000     0.00000     0.00000     0.00000
     3.35000    -0.02919     0.00569     0.00871     0.00000     0.00000     0.00000     0.00000     0.00000
     3.35500    -0.02902     0.00565     0.00865     0.00000     0.00000     0.00000     0.00000     0.00000
     3.36000    -0.02886     0.00561     0.00860     0.00000     0.00000     0.00000     0.00000     0.00000
     3.36500    -0.02869     0.00558     0.00855     0.00000     0.00000     0.00000     0.00000     0.00000
     3.37000    -0.02853     0.00554     0.00850     0.00000     0.00000     0.00000     0.00000     0.00000
     3.37500    -0.02837     0.00551     0.00845     0.00000     0.00000     0.00000     0.00000     0.00000
     3.38000    -0.02821     0.00547     0.00839     0.00000     0.00000     0.00000     0.00000     0.00000
     3.38500    -0.02805     0.00544     0.00834     0.00000     0.00000     0.00000     0.00000     0.00000
     3.39000    -0.02789     0.00540     0.00829     0.00000     0.00000     0.00000     0.00000     0.00000
     3.39500    -0.02773     0.00537     0.00824     0.00000     0.00000     0.00000     0.00000     0.00000
     3.40000    -0.02757     0.00533     0.00819     0.00000     0.00000     0.00000     0.00000     0.00000
     3.40500    -0.02742     0.00530     0.00814     0.00000     0.00000     0.00000     0.00000     0.00000
     3.41000    -0.02726     0.00526     0.00809     0.00000     0.00000     0.00000     0.00000     0.00000
     3.41500    -0.02711     0.00523     0.00804     0.00000     0.00000     0.00000     0.00000     0.00000
     3.42000    -0.02695     0.00519     0.00800     0.00000     0.00000     0.00000     0.00000     0.00000
     3.42500    -0.02680     0.00516     0.00795     0.00000     0.00000     0.00000     0.00000     0.00000
     3.43000    -0.02665     0.00513     0.00790     0.00000     0.00000     0.00000     0.00000     0.00000
     3.43500    -0.02650     0.00510     0.00785     0.00000     0.00000     0.00000     0.00000     0.00000
     3.44000    -0.02635     0.00506     0.00780     0.00000     0.00000     0.00000     0.00000     0.00000
     3.44500    -0.02620     0.00503     0.00776     0.00000     0.00000     0.00000     0.00000     0.00000
     3.45000    -0.02605     0.00500     0.00771     0.00000     0.00000     0.00000     0.00000     0.00000
     3.45500    -0.02590     0.00497     0.00766     0.00000     0.00000     0.00000     0.00000     0.00000
     3.46000    -0.02576     0.00493     0.00762     0.00000     0.00000     0.00000     0.00000     0.00000
     3.46500    -0.02561     0.00490     0.00757     0.00000     0.00000     0.00000     0.00000     0.00000
     3.47000    -0.02547     0.00487     0.00752     0.00000     0.00000     0.00000     0.00000     0.00000
     3.47500    -0.02532     0.00484     0.00748     0.00000     0.00000     0.00000     0.00000     0.00000
     3.48000    -0.02518     0.00481     0.00743     0.00000     0.00000     0.00000     0.00000     0.00000
     3.48500    -0.02504     0.00478     0.00739     0.00000     0.00000     0.00000     0.00000     0.00000
     3.49000    -0.02489     0.00475     0.00734     0.00000     0.00000     0.00000     0.00000     0.00000
     3.49500    -0.02475     0.00472     0.00730     0.00000     0.00000     0.00000     0.00000     0.00000
     3.50000    -0.02461     0.00469     0.00725     0.00000     0.00000     0.00000     0.00000     0.00000
     3.50500    -0.02447     0.00466     0.00721     0.00000     0.00000     0.00000     0.00000     0.00000
     3.51000    -0.02434     0.00463     0.00717     0.00000     0.00000     0.00000     0.00000     0.00000
     3.51500    -0.02420     0.00460     0.00712     0.00000     0.00000     0.00000     0.00000     0.00000
     3.52000    -0.02406     0.00457     0.00708     0.00000     0.00000     0.00000     0.00000     0.00000
     3.52500    -0.02393     0.00454     0.00704     0.00000     0.00000     0.00000     0.00000     0.00000
     3.53000    -0.02379     0.00451     0.00699     0.00000     0.00000     0.00000     0.00000     0.00000
     3.53500    -0.02366     0.00448     0.00695     0.00000     0.00000     0.00000     0.00000     0.00000
     3.54000    -0.02352     0.00445     0.00691     0.00000     0.00000     0.00000     0.00000     0.00000
     3.54500    -0.02339     0.00442     0.00687     0.00000     0.00000     0.00000     0.00000     0.00000
     3.55000    -0.02326     0.00440     0.00683     0.00000     0.00000     0.00000     0.00000     0.00000
     3.55500    -0.02312     0.00437     0.00678     0.00000     0.00000     0.00000     0.00000     0.00000
     3.56000    -0.02299     0.00434     0.00674     0.00000     0.00000     0.00000     0.00000     0.00000
     3.56500    -0.02286     0.00431     0.00670     0.00000     0.00000     0.00000     0.00000     0.00000
     3.57000    -0.02273     0.00428     0.00666     0.00000     0.00000     0.00000     0.00000     0.00000
     3.57500    -0.02261     0.00426     0.00662     0.00000     0.00000     0.00000     0.00000     0.00000
     3.58000    -0.02248     0.00423     0.00658     0.00000     0.00000     0.00000     0.00000     0.00000
     3.58500    -0.02235     0.00420     0.00654     0.00000     0.00000     0.00000     0.00000     0.00000
     3.59000    -0.02222     0.00418     0.00650     0.00000     0.00000     0.00000     0.00000     0.00000
     3.59500    -0.02210     0.00415     0.00646     0.00000     0.00000     0.00000     0.00000     0.00000
     3.60000    -0.02197     0.00412     0.00642     0.00000     0.00000     0.00000     0.00000     0.00000
     3.60500    -0.02185     0.00410     0.00638     0.00000     0.00000     0.00000     0.00000     0.00000
     3.61000    -0.02173     0.00407     0.00634     0.00000     0.00000     0.00000     0.00000     0.00000
     3.61500    -0.02160     0.00405     0.00631     0.00000     0.00000     0.00000     0.00000     0.00000
     3.62000    -0.02148     0.00402     0.00627     0.00000     0.00000     0.00000     0.00000     0.00000
     3.62500    -0.02136     0.00399     0.00623     0.00000     0.00000     0.00000     0.00000     0.00000
     3.63000    -0.02124     0.00397     0.00619     0.00000     0.00000     0.00000     0.00000     0.00000
     3.63500    -0.02112     0.00394     0.00615     0.00000     0.00000     0.00000     0.00000     0.00000
     3.64000    -0.02100     0.00392     0.00612     0.00000     0.00000     0.00000     0.00000     0.00000
     3.64500    -0.02088     0.00389     0.00608     0.00000     0.00000     0.00000     0.00000     0.00000
     3.65000    -0.02076     0.00387     0.00604     0.00000     0.00000     0.00000     0.00000     0.00000
     3.65500    -0.02065     0.00384     0.00601     0.00000     0.00000     0.00000     0.00000     0.00000
     3.66000    -0.02053     0.00382     0.00597     0.00000     0.00000     0.00000     0.00000     0.00000
     3.66500    -0.02041     0.00380     0.00593     0.00000     0.00000     0.00000     0.00000     0.00000
     3.67000    -0.02030     0.00377     0.00590     0.00000     0.00000     0.00000     0.00000     0.00000
     3.67500    -0.02018     0.00375     0.00586     0.00000     0.00000     0.00000     0.00000     0.00000
     3.68000    -0.02007     0.00372     0.00583     0.00000     0.00000     0.00000     0.00000     0.00000
     3.68500    -0.01996     0.00370     0.00579     0.00000     0.00000     0.00000     0.00000     0.00000
     3.69000    -0.01984     0.00368     0.00575     0.00000     0.00000     0.00000     0.00000     0.00000
     3.69500    -0.01973     0.00365     0.00572     0.00000     0.00000     0.00000     0.00000     0.00000
     3.70000    -0.01962     0.00363     0.00568     0.00000     0.00000     0.00000     0.00000     0.00000
     3.70500    -0.01951     0.00361     0.00565     0.00000     0.00000     0.00000     0.00000     0.00000
     3.71000    -0.01940     0.00359     0.00562     0.00000     0.00000     0.00000     0.00000     0.00000
     3.71500    -0.01929     0.00356     0.00558     0.00000     0.00000     0.00000     0.00000     0.00000
     3.72000    -0.01918     0.00354     0.00555     0.00000     0.00000     0.00000     0.00000     0.00000
     3.72500    -0.01907     0.00352     0.00551     0.00000     0.00000     0.00000     0.00000     0.00000
     3.73000    -0.01897     0.00350     0.00548     0.00000     0.00000     0.00000     0.00000     0.00000
     3.73500    -0.01886     0.00347     0.00545     0.00000     0.00000     0.00000     0.00000     0.00000
     3.74000    -0.01875     0.00345     0.00541     0.00000     0.00000     0.00000     0.00000     0.00000
     3.74500    -0.01865     0.00343     0.00538     0.00000     0.00000     0.00000     0.00000     0.00000
     3.75000    -0.01854     0.00341     0.00535     0.00000     0.00000     0.00000     0.00000     0.00000
     3.75500    -0.01844     0.00339     0.00532     0.00000     0.00000     0.00000     0.00000     0.00000
     3.76000    -0.01833     0.00336     0.00528     0.00000     0.00000     0.00000     0.00000     0.00000
     3.76500    -0.01823     0.00334     0.00525     0.00000     0.00000     0.00000     0.00000     0.00000
     3.77000    -0.01813     0.00332     0.00522     0.00000     0.00000     0.00000     0.00000     0.00000
     3.77500    -0.01802     0.00330     0.00519     0.00000     0.00000     0.00000     0.00000     0.00000
     3.78000    -0.01792     0.00328     0.00516     0.00000     0.00000     0.00000     0.00000     0.00000
     3.78500    -0.01782     0.00326     0.00513     0.00000     0.00000     0.00000     0.00000     0.00000
     3.79000    -0.01772     0.00324     0.00509     0.00000     0.00000     0.00000     0.00000     0.00000
     3.79500    -0.01762     0.00322     0.00506     0.00000     0.00000     0.00000     0.00000     0.00000
     3.80000    -0.01752     0.00320     0.00503     0.00000     0.00000     0.00000     0.00000     0.00000
     3.80500    -0.01742     0.00318     0.00500     0.00000     0.00000     0.00000     0.00000     0.00000
     3.81000    -0.01732     0.00316     0.00497     0.00000     0.00000     0.00000     0.00000     0.00000
     3.81500    -0.01723     0.00314     0.00494     0.00000     0.00000     0.00000     0.00000     0.00000
     3.82000    -0.01713     0.00312     0.00491     0.00000     0.00000     0.00000     0.00000     0.00000
     3.82500    -0.01703     0.00310     0.00488     0.00000     0.00000     0.00000     0.00000     0.00000
     3.83000    -0.01694     0.00308     0.00485     0.00000     0.00000     0.00000     0.00000     0.00000
     3.83500    -0.01684     0.00306     0.00482     0.00000     0.00000     0.00000     0.00000     0.00000
     3.84000    -0.01675     0.00304     0.00479     0.00000     0.00000     0.00000     0.00000     0.00000
     3.84500    -0.01665     0.00302     0.00476     0.00000     0.00000     0.00000     0.00000     0.00000
     3.85000    -0.01656     0.00300     0.00473     0.00000     0.00000     0.00000     0.00000     0.00000
     3.85500    -0.01646     0.00298     0.00471     0.00000     0.00000     0.00000     0.00000     0.00000
     3.86000    -0.01637     0.00297     0.00468     0.00000     0.00000     0.00000     0.00000     0.00000
     3.86500    -0.01628     0.00295     0.00465     0.00000     0.00000     0.00000     0.00000     0.00000
     3.87000    -0.01619     0.00293     0.00462     0.00000     0.00000     0.00000     0.00000     0.00000
     3.87500    -0.01610     0.00291     0.00459     0.00000     0.00000     0.00000     0.00000     0.00000
     3.88000    -0.01601     0.00289     0.00456     0.00000     0.00000     0.00000     0.00000     0.00000
     3.88500    -0.01592     0.00287     0.00454     0.00000     0.00000     0.00000     0.00000     0.00000
     3.89000    -0.01583     0.00286     0.00451     0.00000     0.00000     0.00000     0.00000     0.00000
     3.89500    -0.01574     0.00284     0.00448     0.00000     0.00000     0.00000     0.00000     0.00000
     3.90000    -0.01565     0.00282     0.00445     0.00000     0.00000     0.00000     0.00000     0.00000
     3.90500    -0.01556     0.00280     0.00443     0.00000     0.00000     0.00000     0.00000     0.00000
     3.91000    -0.01547     0.00279     0.00440     0.00000     0.00000     0.00000     0.00000     0.00000
     3.91500    -0.01538     0.00277     0.00437     0.00000     0.00000     0.00000     0.00000     0.00000
     3.92000    -0.01530     0.00275     0.00435     0.00000     0.00000     0.00000     0.00000     0.00000
     3.92500    -0.01521     0.00273     0.00432     0.00000     0.00000     0.00000     0.00000     0.00000
     3.93000    -0.01513     0.00272     0.00429     0.00000     0.00000     0.00000     0.00000     0.00000
     3.93500    -0.01504     0.00270     0.00427     0.00000     0.00000     0.00000     0.00000     0.00000
     3.94000    -0.01496     0.00268     0.00424     0.00000     0.00000     0.00000     0.00000     0.00000
     3.94500    -0.01487     0.00267     0.00422     0.00000     0.00000     0.00000     0.00000     0.00000
     3.95000    -0.01479     0.00265     0.00419     0.00000     0.00000     0.00000     0.00000     0.00000
     3.95500    -0.01470     0.00263     0.00417     0.00000     0.00000     0.00000     0.00000     0.00000
     3.96000    -0.01462     0.00262     0.00414     0.00000     0.00000     0.00000     0.00000     0.00000
     3.96500    -0.01454     0.00260     0.00412     0.00000     0.00000     0.00000     0.00000     0.00000
     3.97000    -0.01446     0.00258     0.00409     0.00000     0.00000     0.00000     0.00000     0.00000
     3.97500    -0.01438     0.00257     0.00407     0.00000     0.00000     0.00000     0.00000     0.00000
     3.98000    -0.01430     0.00255     0.00404     0.00000     0.00000     0.00000     0.00000     0.00000
     3.98500    -0.01421     0.00253     0.00402     0.00000     0.00000     0.00000     0.00000     0.00000
     3.99000    -0.01413     0.00252     0.00399     0.00000     0.00000     0.00000     0.00000     0.00000
     3.99500    -0.01405     0.00250     0.00397     0.00000     0.00000     0.00000     0.00000     0.00000
     4.00000    -0.01398     0.00249     0.00394     0.00000     0.00000     0.00000     0.00000     0.00000
