 # D15_1675 FF
     0.00000     0.11572     0.21960    -0.43631     0.00000     0.00000     0.00000    -0.69008     0.00000
     0.00500     0.11349     0.21557    -0.42764     0.00000     0.00000     0.00000    -0.68323     0.00000
     0.01000     0.11132     0.21163    -0.41918     0.00000     0.00000     0.00000    -0.67648     0.00000
     0.01500     0.10919     0.20777    -0.41092     0.00000     0.00000     0.00000    -0.66983     0.00000
     0.02000     0.10712     0.20401    -0.40285     0.00000     0.00000     0.00000    -0.66328     0.00000
     0.02500     0.10509     0.20032    -0.39497     0.00000     0.00000     0.00000    -0.65683     0.00000
     0.03000     0.10310     0.19672    -0.38728     0.00000     0.00000     0.00000    -0.65047     0.00000
     0.03500     0.10117     0.19320    -0.37976     0.00000     0.00000     0.00000    -0.64420     0.00000
     0.04000     0.09927     0.18975    -0.37242     0.00000     0.00000     0.00000    -0.63802     0.00000
     0.04500     0.09742     0.18638    -0.36525     0.00000     0.00000     0.00000    -0.63193     0.00000
     0.05000     0.09561     0.18308    -0.35824     0.00000     0.00000     0.00000    -0.62592     0.00000
     0.05500     0.09384     0.17985    -0.35139     0.00000     0.00000     0.00000    -0.62000     0.00000
     0.06000     0.09211     0.17669    -0.34470     0.00000     0.00000     0.00000    -0.61417     0.00000
     0.06500     0.09042     0.17360    -0.33815     0.00000     0.00000     0.00000    -0.60842     0.00000
     0.07000     0.08877     0.17057    -0.33175     0.00000     0.00000     0.00000    -0.60274     0.00000
     0.07500     0.08715     0.16761    -0.32550     0.00000     0.00000     0.00000    -0.59715     0.00000
     0.08000     0.08557     0.16470    -0.31938     0.00000     0.00000     0.00000    -0.59163     0.00000
     0.08500     0.08402     0.16186    -0.31340     0.00000     0.00000     0.00000    -0.58619     0.00000
     0.09000     0.08250     0.15908    -0.30755     0.00000     0.00000     0.00000    -0.58083     0.00000
     0.09500     0.08102     0.15635    -0.30183     0.00000     0.00000     0.00000    -0.57553     0.00000
     0.10000     0.07956     0.15368    -0.29623     0.00000     0.00000     0.00000    -0.57031     0.00000
     0.10500     0.07814     0.15106    -0.29075     0.00000     0.00000     0.00000    -0.56516     0.00000
     0.11000     0.07675     0.14850    -0.28539     0.00000     0.00000     0.00000    -0.56008     0.00000
     0.11500     0.07539     0.14599    -0.28015     0.00000     0.00000     0.00000    -0.55507     0.00000
     0.12000     0.07406     0.14353    -0.27502     0.00000     0.00000     0.00000    -0.55013     0.00000
     0.12500     0.07275     0.14111    -0.27000     0.00000     0.00000     0.00000    -0.54525     0.00000
     0.13000     0.07147     0.13875    -0.26508     0.00000     0.00000     0.00000    -0.54043     0.00000
     0.13500     0.07022     0.13643    -0.26027     0.00000     0.00000     0.00000    -0.53568     0.00000
     0.14000     0.06899     0.13416    -0.25556     0.00000     0.00000     0.00000    -0.53099     0.00000
     0.14500     0.06779     0.13193    -0.25095     0.00000     0.00000     0.00000    -0.52637     0.00000
     0.15000     0.06661     0.12975    -0.24643     0.00000     0.00000     0.00000    -0.52180     0.00000
     0.15500     0.06546     0.12761    -0.24201     0.00000     0.00000     0.00000    -0.51729     0.00000
     0.16000     0.06433     0.12551    -0.23768     0.00000     0.00000     0.00000    -0.51284     0.00000
     0.16500     0.06322     0.12345    -0.23344     0.00000     0.00000     0.00000    -0.50845     0.00000
     0.17000     0.06213     0.12143    -0.22928     0.00000     0.00000     0.00000    -0.50411     0.00000
     0.17500     0.06107     0.11945    -0.22521     0.00000     0.00000     0.00000    -0.49983     0.00000
     0.18000     0.06003     0.11750    -0.22123     0.00000     0.00000     0.00000    -0.49560     0.00000
     0.18500     0.05901     0.11560    -0.21732     0.00000     0.00000     0.00000    -0.49143     0.00000
     0.19000     0.05800     0.11373    -0.21350     0.00000     0.00000     0.00000    -0.48731     0.00000
     0.19500     0.05702     0.11189    -0.20975     0.00000     0.00000     0.00000    -0.48324     0.00000
     0.20000     0.05606     0.11009    -0.20607     0.00000     0.00000     0.00000    -0.47922     0.00000
     0.20500     0.05511     0.10832    -0.20247     0.00000     0.00000     0.00000    -0.47525     0.00000
     0.21000     0.05419     0.10659    -0.19894     0.00000     0.00000     0.00000    -0.47133     0.00000
     0.21500     0.05328     0.10489    -0.19549     0.00000     0.00000     0.00000    -0.46746     0.00000
     0.22000     0.05239     0.10322    -0.19210     0.00000     0.00000     0.00000    -0.46364     0.00000
     0.22500     0.05152     0.10158    -0.18877     0.00000     0.00000     0.00000    -0.45986     0.00000
     0.23000     0.05066     0.09997    -0.18551     0.00000     0.00000     0.00000    -0.45613     0.00000
     0.23500     0.04982     0.09839    -0.18232     0.00000     0.00000     0.00000    -0.45244     0.00000
     0.24000     0.04899     0.09683    -0.17919     0.00000     0.00000     0.00000    -0.44880     0.00000
     0.24500     0.04819     0.09531    -0.17612     0.00000     0.00000     0.00000    -0.44521     0.00000
     0.25000     0.04739     0.09382    -0.17311     0.00000     0.00000     0.00000    -0.44165     0.00000
     0.25500     0.04661     0.09235    -0.17015     0.00000     0.00000     0.00000    -0.43814     0.00000
     0.26000     0.04585     0.09090    -0.16726     0.00000     0.00000     0.00000    -0.43467     0.00000
     0.26500     0.04510     0.08949    -0.16442     0.00000     0.00000     0.00000    -0.43124     0.00000
     0.27000     0.04436     0.08810    -0.16163     0.00000     0.00000     0.00000    -0.42785     0.00000
     0.27500     0.04364     0.08673    -0.15890     0.00000     0.00000     0.00000    -0.42450     0.00000
     0.28000     0.04293     0.08539    -0.15622     0.00000     0.00000     0.00000    -0.42119     0.00000
     0.28500     0.04224     0.08407    -0.15359     0.00000     0.00000     0.00000    -0.41792     0.00000
     0.29000     0.04155     0.08277    -0.15101     0.00000     0.00000     0.00000    -0.41469     0.00000
     0.29500     0.04088     0.08150    -0.14848     0.00000     0.00000     0.00000    -0.41149     0.00000
     0.30000     0.04023     0.08025    -0.14600     0.00000     0.00000     0.00000    -0.40833     0.00000
     0.30500     0.03958     0.07902    -0.14356     0.00000     0.00000     0.00000    -0.40521     0.00000
     0.31000     0.03895     0.07781    -0.14117     0.00000     0.00000     0.00000    -0.40212     0.00000
     0.31500     0.03832     0.07663    -0.13882     0.00000     0.00000     0.00000    -0.39907     0.00000
     0.32000     0.03771     0.07546    -0.13652     0.00000     0.00000     0.00000    -0.39605     0.00000
     0.32500     0.03711     0.07431    -0.13426     0.00000     0.00000     0.00000    -0.39307     0.00000
     0.33000     0.03652     0.07319    -0.13204     0.00000     0.00000     0.00000    -0.39012     0.00000
     0.33500     0.03594     0.07208    -0.12986     0.00000     0.00000     0.00000    -0.38720     0.00000
     0.34000     0.03537     0.07099    -0.12772     0.00000     0.00000     0.00000    -0.38432     0.00000
     0.34500     0.03481     0.06992    -0.12563     0.00000     0.00000     0.00000    -0.38147     0.00000
     0.35000     0.03426     0.06887    -0.12357     0.00000     0.00000     0.00000    -0.37864     0.00000
     0.35500     0.03373     0.06784    -0.12154     0.00000     0.00000     0.00000    -0.37586     0.00000
     0.36000     0.03320     0.06682    -0.11956     0.00000     0.00000     0.00000    -0.37310     0.00000
     0.36500     0.03268     0.06583    -0.11761     0.00000     0.00000     0.00000    -0.37037     0.00000
     0.37000     0.03216     0.06484    -0.11570     0.00000     0.00000     0.00000    -0.36767     0.00000
     0.37500     0.03166     0.06388    -0.11382     0.00000     0.00000     0.00000    -0.36500     0.00000
     0.38000     0.03117     0.06293    -0.11197     0.00000     0.00000     0.00000    -0.36236     0.00000
     0.38500     0.03068     0.06200    -0.11016     0.00000     0.00000     0.00000    -0.35975     0.00000
     0.39000     0.03021     0.06108    -0.10838     0.00000     0.00000     0.00000    -0.35717     0.00000
     0.39500     0.02974     0.06017    -0.10663     0.00000     0.00000     0.00000    -0.35461     0.00000
     0.40000     0.02928     0.05929    -0.10491     0.00000     0.00000     0.00000    -0.35208     0.00000
     0.40500     0.02883     0.05841    -0.10323     0.00000     0.00000     0.00000    -0.34958     0.00000
     0.41000     0.02838     0.05755    -0.10157     0.00000     0.00000     0.00000    -0.34711     0.00000
     0.41500     0.02795     0.05671    -0.09995     0.00000     0.00000     0.00000    -0.34466     0.00000
     0.42000     0.02752     0.05588    -0.09835     0.00000     0.00000     0.00000    -0.34223     0.00000
     0.42500     0.02709     0.05506    -0.09678     0.00000     0.00000     0.00000    -0.33984     0.00000
     0.43000     0.02668     0.05426    -0.09523     0.00000     0.00000     0.00000    -0.33746     0.00000
     0.43500     0.02627     0.05347    -0.09372     0.00000     0.00000     0.00000    -0.33512     0.00000
     0.44000     0.02587     0.05269    -0.09223     0.00000     0.00000     0.00000    -0.33279     0.00000
     0.44500     0.02548     0.05192    -0.09077     0.00000     0.00000     0.00000    -0.33049     0.00000
     0.45000     0.02509     0.05117    -0.08933     0.00000     0.00000     0.00000    -0.32822     0.00000
     0.45500     0.02471     0.05043    -0.08792     0.00000     0.00000     0.00000    -0.32597     0.00000
     0.46000     0.02433     0.04970    -0.08653     0.00000     0.00000     0.00000    -0.32374     0.00000
     0.46500     0.02397     0.04898    -0.08517     0.00000     0.00000     0.00000    -0.32153     0.00000
     0.47000     0.02360     0.04828    -0.08383     0.00000     0.00000     0.00000    -0.31935     0.00000
     0.47500     0.02325     0.04758    -0.08251     0.00000     0.00000     0.00000    -0.31719     0.00000
     0.48000     0.02290     0.04690    -0.08122     0.00000     0.00000     0.00000    -0.31505     0.00000
     0.48500     0.02255     0.04622    -0.07994     0.00000     0.00000     0.00000    -0.31293     0.00000
     0.49000     0.02221     0.04556    -0.07869     0.00000     0.00000     0.00000    -0.31083     0.00000
     0.49500     0.02188     0.04491    -0.07747     0.00000     0.00000     0.00000    -0.30876     0.00000
     0.50000     0.02155     0.04427    -0.07626     0.00000     0.00000     0.00000    -0.30670     0.00000
     0.50500     0.02123     0.04364    -0.07507     0.00000     0.00000     0.00000    -0.30467     0.00000
     0.51000     0.02092     0.04302    -0.07390     0.00000     0.00000     0.00000    -0.30265     0.00000
     0.51500     0.02060     0.04240    -0.07276     0.00000     0.00000     0.00000    -0.30066     0.00000
     0.52000     0.02030     0.04180    -0.07163     0.00000     0.00000     0.00000    -0.29868     0.00000
     0.52500     0.02000     0.04121    -0.07052     0.00000     0.00000     0.00000    -0.29673     0.00000
     0.53000     0.01970     0.04063    -0.06943     0.00000     0.00000     0.00000    -0.29479     0.00000
     0.53500     0.01941     0.04005    -0.06836     0.00000     0.00000     0.00000    -0.29288     0.00000
     0.54000     0.01912     0.03949    -0.06730     0.00000     0.00000     0.00000    -0.29098     0.00000
     0.54500     0.01884     0.03893    -0.06627     0.00000     0.00000     0.00000    -0.28910     0.00000
     0.55000     0.01856     0.03838    -0.06525     0.00000     0.00000     0.00000    -0.28723     0.00000
     0.55500     0.01829     0.03784    -0.06425     0.00000     0.00000     0.00000    -0.28539     0.00000
     0.56000     0.01802     0.03731    -0.06326     0.00000     0.00000     0.00000    -0.28356     0.00000
     0.56500     0.01775     0.03679    -0.06230     0.00000     0.00000     0.00000    -0.28175     0.00000
     0.57000     0.01749     0.03627    -0.06134     0.00000     0.00000     0.00000    -0.27996     0.00000
     0.57500     0.01724     0.03577    -0.06041     0.00000     0.00000     0.00000    -0.27819     0.00000
     0.58000     0.01698     0.03527    -0.05949     0.00000     0.00000     0.00000    -0.27643     0.00000
     0.58500     0.01674     0.03477    -0.05858     0.00000     0.00000     0.00000    -0.27469     0.00000
     0.59000     0.01649     0.03429    -0.05769     0.00000     0.00000     0.00000    -0.27296     0.00000
     0.59500     0.01625     0.03381    -0.05681     0.00000     0.00000     0.00000    -0.27126     0.00000
     0.60000     0.01602     0.03334    -0.05595     0.00000     0.00000     0.00000    -0.26956     0.00000
     0.60500     0.01578     0.03288    -0.05510     0.00000     0.00000     0.00000    -0.26789     0.00000
     0.61000     0.01555     0.03243    -0.05427     0.00000     0.00000     0.00000    -0.26622     0.00000
     0.61500     0.01533     0.03198    -0.05345     0.00000     0.00000     0.00000    -0.26458     0.00000
     0.62000     0.01511     0.03153    -0.05264     0.00000     0.00000     0.00000    -0.26295     0.00000
     0.62500     0.01489     0.03110    -0.05185     0.00000     0.00000     0.00000    -0.26133     0.00000
     0.63000     0.01467     0.03067    -0.05107     0.00000     0.00000     0.00000    -0.25973     0.00000
     0.63500     0.01446     0.03025    -0.05030     0.00000     0.00000     0.00000    -0.25815     0.00000
     0.64000     0.01425     0.02983    -0.04954     0.00000     0.00000     0.00000    -0.25657     0.00000
     0.64500     0.01405     0.02942    -0.04880     0.00000     0.00000     0.00000    -0.25502     0.00000
     0.65000     0.01385     0.02902    -0.04807     0.00000     0.00000     0.00000    -0.25347     0.00000
     0.65500     0.01365     0.02862    -0.04735     0.00000     0.00000     0.00000    -0.25194     0.00000
     0.66000     0.01345     0.02823    -0.04664     0.00000     0.00000     0.00000    -0.25043     0.00000
     0.66500     0.01326     0.02784    -0.04595     0.00000     0.00000     0.00000    -0.24893     0.00000
     0.67000     0.01307     0.02746    -0.04526     0.00000     0.00000     0.00000    -0.24744     0.00000
     0.67500     0.01288     0.02709    -0.04459     0.00000     0.00000     0.00000    -0.24596     0.00000
     0.68000     0.01270     0.02672    -0.04392     0.00000     0.00000     0.00000    -0.24450     0.00000
     0.68500     0.01252     0.02635    -0.04327     0.00000     0.00000     0.00000    -0.24305     0.00000
     0.69000     0.01234     0.02600    -0.04263     0.00000     0.00000     0.00000    -0.24162     0.00000
     0.69500     0.01217     0.02564    -0.04200     0.00000     0.00000     0.00000    -0.24019     0.00000
     0.70000     0.01199     0.02529    -0.04137     0.00000     0.00000     0.00000    -0.23878     0.00000
     0.70500     0.01182     0.02495    -0.04076     0.00000     0.00000     0.00000    -0.23738     0.00000
     0.71000     0.01166     0.02461    -0.04016     0.00000     0.00000     0.00000    -0.23600     0.00000
     0.71500     0.01149     0.02428    -0.03957     0.00000     0.00000     0.00000    -0.23462     0.00000
     0.72000     0.01133     0.02395    -0.03898     0.00000     0.00000     0.00000    -0.23326     0.00000
     0.72500     0.01117     0.02363    -0.03841     0.00000     0.00000     0.00000    -0.23191     0.00000
     0.73000     0.01101     0.02331    -0.03784     0.00000     0.00000     0.00000    -0.23057     0.00000
     0.73500     0.01086     0.02300    -0.03729     0.00000     0.00000     0.00000    -0.22925     0.00000
     0.74000     0.01070     0.02269    -0.03674     0.00000     0.00000     0.00000    -0.22793     0.00000
     0.74500     0.01055     0.02238    -0.03620     0.00000     0.00000     0.00000    -0.22663     0.00000
     0.75000     0.01040     0.02208    -0.03567     0.00000     0.00000     0.00000    -0.22533     0.00000
     0.75500     0.01026     0.02179    -0.03515     0.00000     0.00000     0.00000    -0.22405     0.00000
     0.76000     0.01011     0.02149    -0.03463     0.00000     0.00000     0.00000    -0.22278     0.00000
     0.76500     0.00997     0.02121    -0.03413     0.00000     0.00000     0.00000    -0.22152     0.00000
     0.77000     0.00983     0.02092    -0.03363     0.00000     0.00000     0.00000    -0.22027     0.00000
     0.77500     0.00970     0.02064    -0.03314     0.00000     0.00000     0.00000    -0.21903     0.00000
     0.78000     0.00956     0.02037    -0.03266     0.00000     0.00000     0.00000    -0.21780     0.00000
     0.78500     0.00943     0.02010    -0.03218     0.00000     0.00000     0.00000    -0.21658     0.00000
     0.79000     0.00930     0.01983    -0.03171     0.00000     0.00000     0.00000    -0.21537     0.00000
     0.79500     0.00917     0.01957    -0.03125     0.00000     0.00000     0.00000    -0.21418     0.00000
     0.80000     0.00904     0.01930    -0.03080     0.00000     0.00000     0.00000    -0.21299     0.00000
     0.80500     0.00891     0.01905    -0.03035     0.00000     0.00000     0.00000    -0.21181     0.00000
     0.81000     0.00879     0.01880    -0.02991     0.00000     0.00000     0.00000    -0.21064     0.00000
     0.81500     0.00867     0.01855    -0.02948     0.00000     0.00000     0.00000    -0.20948     0.00000
     0.82000     0.00855     0.01830    -0.02906     0.00000     0.00000     0.00000    -0.20833     0.00000
     0.82500     0.00843     0.01806    -0.02864     0.00000     0.00000     0.00000    -0.20719     0.00000
     0.83000     0.00831     0.01782    -0.02822     0.00000     0.00000     0.00000    -0.20606     0.00000
     0.83500     0.00820     0.01758    -0.02782     0.00000     0.00000     0.00000    -0.20494     0.00000
     0.84000     0.00809     0.01735    -0.02742     0.00000     0.00000     0.00000    -0.20383     0.00000
     0.84500     0.00798     0.01712    -0.02702     0.00000     0.00000     0.00000    -0.20272     0.00000
     0.85000     0.00787     0.01690    -0.02663     0.00000     0.00000     0.00000    -0.20163     0.00000
     0.85500     0.00776     0.01668    -0.02625     0.00000     0.00000     0.00000    -0.20054     0.00000
     0.86000     0.00765     0.01646    -0.02587     0.00000     0.00000     0.00000    -0.19947     0.00000
     0.86500     0.00755     0.01624    -0.02550     0.00000     0.00000     0.00000    -0.19840     0.00000
     0.87000     0.00744     0.01603    -0.02514     0.00000     0.00000     0.00000    -0.19734     0.00000
     0.87500     0.00734     0.01582    -0.02478     0.00000     0.00000     0.00000    -0.19629     0.00000
     0.88000     0.00724     0.01561    -0.02442     0.00000     0.00000     0.00000    -0.19525     0.00000
     0.88500     0.00714     0.01541    -0.02408     0.00000     0.00000     0.00000    -0.19421     0.00000
     0.89000     0.00704     0.01520    -0.02373     0.00000     0.00000     0.00000    -0.19319     0.00000
     0.89500     0.00695     0.01501    -0.02339     0.00000     0.00000     0.00000    -0.19217     0.00000
     0.90000     0.00685     0.01481    -0.02306     0.00000     0.00000     0.00000    -0.19116     0.00000
     0.90500     0.00676     0.01462    -0.02273     0.00000     0.00000     0.00000    -0.19016     0.00000
     0.91000     0.00667     0.01443    -0.02241     0.00000     0.00000     0.00000    -0.18916     0.00000
     0.91500     0.00658     0.01424    -0.02209     0.00000     0.00000     0.00000    -0.18817     0.00000
     0.92000     0.00649     0.01405    -0.02178     0.00000     0.00000     0.00000    -0.18720     0.00000
     0.92500     0.00640     0.01387    -0.02147     0.00000     0.00000     0.00000    -0.18622     0.00000
     0.93000     0.00631     0.01369    -0.02116     0.00000     0.00000     0.00000    -0.18526     0.00000
     0.93500     0.00623     0.01351    -0.02086     0.00000     0.00000     0.00000    -0.18431     0.00000
     0.94000     0.00614     0.01334    -0.02057     0.00000     0.00000     0.00000    -0.18336     0.00000
     0.94500     0.00606     0.01316    -0.02028     0.00000     0.00000     0.00000    -0.18241     0.00000
     0.95000     0.00598     0.01299    -0.01999     0.00000     0.00000     0.00000    -0.18148     0.00000
     0.95500     0.00590     0.01282    -0.01971     0.00000     0.00000     0.00000    -0.18055     0.00000
     0.96000     0.00582     0.01266    -0.01943     0.00000     0.00000     0.00000    -0.17963     0.00000
     0.96500     0.00574     0.01250    -0.01916     0.00000     0.00000     0.00000    -0.17872     0.00000
     0.97000     0.00566     0.01233    -0.01889     0.00000     0.00000     0.00000    -0.17781     0.00000
     0.97500     0.00558     0.01217    -0.01862     0.00000     0.00000     0.00000    -0.17692     0.00000
     0.98000     0.00551     0.01202    -0.01836     0.00000     0.00000     0.00000    -0.17602     0.00000
     0.98500     0.00544     0.01186    -0.01810     0.00000     0.00000     0.00000    -0.17514     0.00000
     0.99000     0.00536     0.01171    -0.01785     0.00000     0.00000     0.00000    -0.17426     0.00000
     0.99500     0.00529     0.01156    -0.01760     0.00000     0.00000     0.00000    -0.17339     0.00000
     1.00000     0.00522     0.01141    -0.01735     0.00000     0.00000     0.00000    -0.17252     0.00000
     1.00500     0.00515     0.01126    -0.01711     0.00000     0.00000     0.00000    -0.17166     0.00000
     1.01000     0.00508     0.01112    -0.01687     0.00000     0.00000     0.00000    -0.17081     0.00000
     1.01500     0.00501     0.01098    -0.01663     0.00000     0.00000     0.00000    -0.16996     0.00000
     1.02000     0.00495     0.01084    -0.01640     0.00000     0.00000     0.00000    -0.16912     0.00000
     1.02500     0.00488     0.01070    -0.01617     0.00000     0.00000     0.00000    -0.16829     0.00000
     1.03000     0.00481     0.01056    -0.01595     0.00000     0.00000     0.00000    -0.16746     0.00000
     1.03500     0.00475     0.01043    -0.01572     0.00000     0.00000     0.00000    -0.16664     0.00000
     1.04000     0.00469     0.01029    -0.01551     0.00000     0.00000     0.00000    -0.16582     0.00000
     1.04500     0.00462     0.01016    -0.01529     0.00000     0.00000     0.00000    -0.16501     0.00000
     1.05000     0.00456     0.01003    -0.01508     0.00000     0.00000     0.00000    -0.16421     0.00000
     1.05500     0.00450     0.00990    -0.01487     0.00000     0.00000     0.00000    -0.16341     0.00000
     1.06000     0.00444     0.00978    -0.01466     0.00000     0.00000     0.00000    -0.16262     0.00000
     1.06500     0.00438     0.00965    -0.01446     0.00000     0.00000     0.00000    -0.16183     0.00000
     1.07000     0.00433     0.00953    -0.01426     0.00000     0.00000     0.00000    -0.16105     0.00000
     1.07500     0.00427     0.00941    -0.01406     0.00000     0.00000     0.00000    -0.16027     0.00000
     1.08000     0.00421     0.00929    -0.01387     0.00000     0.00000     0.00000    -0.15950     0.00000
     1.08500     0.00416     0.00917    -0.01367     0.00000     0.00000     0.00000    -0.15874     0.00000
     1.09000     0.00410     0.00905    -0.01348     0.00000     0.00000     0.00000    -0.15798     0.00000
     1.09500     0.00405     0.00894    -0.01330     0.00000     0.00000     0.00000    -0.15723     0.00000
     1.10000     0.00399     0.00883    -0.01311     0.00000     0.00000     0.00000    -0.15648     0.00000
     1.10500     0.00394     0.00871    -0.01293     0.00000     0.00000     0.00000    -0.15574     0.00000
     1.11000     0.00389     0.00860    -0.01275     0.00000     0.00000     0.00000    -0.15500     0.00000
     1.11500     0.00384     0.00850    -0.01258     0.00000     0.00000     0.00000    -0.15427     0.00000
     1.12000     0.00379     0.00839    -0.01241     0.00000     0.00000     0.00000    -0.15354     0.00000
     1.12500     0.00374     0.00828    -0.01224     0.00000     0.00000     0.00000    -0.15282     0.00000
     1.13000     0.00369     0.00818    -0.01207     0.00000     0.00000     0.00000    -0.15210     0.00000
     1.13500     0.00364     0.00807    -0.01190     0.00000     0.00000     0.00000    -0.15139     0.00000
     1.14000     0.00359     0.00797    -0.01174     0.00000     0.00000     0.00000    -0.15069     0.00000
     1.14500     0.00354     0.00787    -0.01158     0.00000     0.00000     0.00000    -0.14998     0.00000
     1.15000     0.00350     0.00777    -0.01142     0.00000     0.00000     0.00000    -0.14929     0.00000
     1.15500     0.00345     0.00767    -0.01126     0.00000     0.00000     0.00000    -0.14860     0.00000
     1.16000     0.00341     0.00758    -0.01111     0.00000     0.00000     0.00000    -0.14791     0.00000
     1.16500     0.00336     0.00748    -0.01096     0.00000     0.00000     0.00000    -0.14723     0.00000
     1.17000     0.00332     0.00739    -0.01081     0.00000     0.00000     0.00000    -0.14655     0.00000
     1.17500     0.00327     0.00730    -0.01066     0.00000     0.00000     0.00000    -0.14588     0.00000
     1.18000     0.00323     0.00720    -0.01051     0.00000     0.00000     0.00000    -0.14521     0.00000
     1.18500     0.00319     0.00711    -0.01037     0.00000     0.00000     0.00000    -0.14454     0.00000
     1.19000     0.00315     0.00703    -0.01023     0.00000     0.00000     0.00000    -0.14388     0.00000
     1.19500     0.00311     0.00694    -0.01009     0.00000     0.00000     0.00000    -0.14323     0.00000
     1.20000     0.00307     0.00685    -0.00995     0.00000     0.00000     0.00000    -0.14258     0.00000
     1.20500     0.00303     0.00676    -0.00981     0.00000     0.00000     0.00000    -0.14193     0.00000
     1.21000     0.00299     0.00668    -0.00968     0.00000     0.00000     0.00000    -0.14129     0.00000
     1.21500     0.00295     0.00660    -0.00955     0.00000     0.00000     0.00000    -0.14065     0.00000
     1.22000     0.00291     0.00651    -0.00942     0.00000     0.00000     0.00000    -0.14002     0.00000
     1.22500     0.00287     0.00643    -0.00929     0.00000     0.00000     0.00000    -0.13939     0.00000
     1.23000     0.00283     0.00635    -0.00917     0.00000     0.00000     0.00000    -0.13877     0.00000
     1.23500     0.00280     0.00627    -0.00904     0.00000     0.00000     0.00000    -0.13815     0.00000
     1.24000     0.00276     0.00620    -0.00892     0.00000     0.00000     0.00000    -0.13753     0.00000
     1.24500     0.00273     0.00612    -0.00880     0.00000     0.00000     0.00000    -0.13692     0.00000
     1.25000     0.00269     0.00604    -0.00868     0.00000     0.00000     0.00000    -0.13631     0.00000
     1.25500     0.00266     0.00597    -0.00856     0.00000     0.00000     0.00000    -0.13571     0.00000
     1.26000     0.00262     0.00589    -0.00845     0.00000     0.00000     0.00000    -0.13511     0.00000
     1.26500     0.00259     0.00582    -0.00833     0.00000     0.00000     0.00000    -0.13451     0.00000
     1.27000     0.00255     0.00575    -0.00822     0.00000     0.00000     0.00000    -0.13392     0.00000
     1.27500     0.00252     0.00568    -0.00811     0.00000     0.00000     0.00000    -0.13333     0.00000
     1.28000     0.00249     0.00561    -0.00800     0.00000     0.00000     0.00000    -0.13275     0.00000
     1.28500     0.00246     0.00554    -0.00789     0.00000     0.00000     0.00000    -0.13217     0.00000
     1.29000     0.00242     0.00547    -0.00778     0.00000     0.00000     0.00000    -0.13159     0.00000
     1.29500     0.00239     0.00540    -0.00768     0.00000     0.00000     0.00000    -0.13102     0.00000
     1.30000     0.00236     0.00533    -0.00758     0.00000     0.00000     0.00000    -0.13045     0.00000
     1.30500     0.00233     0.00527    -0.00747     0.00000     0.00000     0.00000    -0.12988     0.00000
     1.31000     0.00230     0.00520    -0.00737     0.00000     0.00000     0.00000    -0.12932     0.00000
     1.31500     0.00227     0.00514    -0.00727     0.00000     0.00000     0.00000    -0.12876     0.00000
     1.32000     0.00224     0.00507    -0.00718     0.00000     0.00000     0.00000    -0.12821     0.00000
     1.32500     0.00221     0.00501    -0.00708     0.00000     0.00000     0.00000    -0.12766     0.00000
     1.33000     0.00219     0.00495    -0.00699     0.00000     0.00000     0.00000    -0.12711     0.00000
     1.33500     0.00216     0.00489    -0.00689     0.00000     0.00000     0.00000    -0.12657     0.00000
     1.34000     0.00213     0.00483    -0.00680     0.00000     0.00000     0.00000    -0.12603     0.00000
     1.34500     0.00210     0.00477    -0.00671     0.00000     0.00000     0.00000    -0.12549     0.00000
     1.35000     0.00208     0.00471    -0.00662     0.00000     0.00000     0.00000    -0.12496     0.00000
     1.35500     0.00205     0.00465    -0.00653     0.00000     0.00000     0.00000    -0.12443     0.00000
     1.36000     0.00202     0.00459    -0.00644     0.00000     0.00000     0.00000    -0.12390     0.00000
     1.36500     0.00200     0.00454    -0.00636     0.00000     0.00000     0.00000    -0.12338     0.00000
     1.37000     0.00197     0.00448    -0.00627     0.00000     0.00000     0.00000    -0.12286     0.00000
     1.37500     0.00195     0.00443    -0.00619     0.00000     0.00000     0.00000    -0.12234     0.00000
     1.38000     0.00192     0.00437    -0.00611     0.00000     0.00000     0.00000    -0.12183     0.00000
     1.38500     0.00190     0.00432    -0.00602     0.00000     0.00000     0.00000    -0.12132     0.00000
     1.39000     0.00187     0.00427    -0.00594     0.00000     0.00000     0.00000    -0.12081     0.00000
     1.39500     0.00185     0.00421    -0.00586     0.00000     0.00000     0.00000    -0.12031     0.00000
     1.40000     0.00183     0.00416    -0.00579     0.00000     0.00000     0.00000    -0.11981     0.00000
     1.40500     0.00180     0.00411    -0.00571     0.00000     0.00000     0.00000    -0.11931     0.00000
     1.41000     0.00178     0.00406    -0.00563     0.00000     0.00000     0.00000    -0.11881     0.00000
     1.41500     0.00176     0.00401    -0.00556     0.00000     0.00000     0.00000    -0.11832     0.00000
     1.42000     0.00173     0.00396    -0.00548     0.00000     0.00000     0.00000    -0.11783     0.00000
     1.42500     0.00171     0.00391    -0.00541     0.00000     0.00000     0.00000    -0.11735     0.00000
     1.43000     0.00169     0.00387    -0.00534     0.00000     0.00000     0.00000    -0.11687     0.00000
     1.43500     0.00167     0.00382    -0.00527     0.00000     0.00000     0.00000    -0.11639     0.00000
     1.44000     0.00165     0.00377    -0.00520     0.00000     0.00000     0.00000    -0.11591     0.00000
     1.44500     0.00163     0.00373    -0.00513     0.00000     0.00000     0.00000    -0.11544     0.00000
     1.45000     0.00161     0.00368    -0.00506     0.00000     0.00000     0.00000    -0.11497     0.00000
     1.45500     0.00159     0.00364    -0.00500     0.00000     0.00000     0.00000    -0.11450     0.00000
     1.46000     0.00157     0.00359    -0.00493     0.00000     0.00000     0.00000    -0.11403     0.00000
     1.46500     0.00155     0.00355    -0.00486     0.00000     0.00000     0.00000    -0.11357     0.00000
     1.47000     0.00153     0.00350    -0.00480     0.00000     0.00000     0.00000    -0.11311     0.00000
     1.47500     0.00151     0.00346    -0.00474     0.00000     0.00000     0.00000    -0.11265     0.00000
     1.48000     0.00149     0.00342    -0.00467     0.00000     0.00000     0.00000    -0.11220     0.00000
     1.48500     0.00147     0.00338    -0.00461     0.00000     0.00000     0.00000    -0.11175     0.00000
     1.49000     0.00145     0.00334    -0.00455     0.00000     0.00000     0.00000    -0.11130     0.00000
     1.49500     0.00143     0.00330    -0.00449     0.00000     0.00000     0.00000    -0.11086     0.00000
     1.50000     0.00141     0.00326    -0.00443     0.00000     0.00000     0.00000    -0.11041     0.00000
     1.50500     0.00140     0.00322    -0.00437     0.00000     0.00000     0.00000    -0.10997     0.00000
     1.51000     0.00138     0.00318    -0.00432     0.00000     0.00000     0.00000    -0.10953     0.00000
     1.51500     0.00136     0.00314    -0.00426     0.00000     0.00000     0.00000    -0.10910     0.00000
     1.52000     0.00134     0.00310    -0.00420     0.00000     0.00000     0.00000    -0.10867     0.00000
     1.52500     0.00133     0.00306    -0.00415     0.00000     0.00000     0.00000    -0.10824     0.00000
     1.53000     0.00131     0.00303    -0.00409     0.00000     0.00000     0.00000    -0.10781     0.00000
     1.53500     0.00129     0.00299    -0.00404     0.00000     0.00000     0.00000    -0.10738     0.00000
     1.54000     0.00128     0.00295    -0.00399     0.00000     0.00000     0.00000    -0.10696     0.00000
     1.54500     0.00126     0.00292    -0.00393     0.00000     0.00000     0.00000    -0.10654     0.00000
     1.55000     0.00125     0.00288    -0.00388     0.00000     0.00000     0.00000    -0.10613     0.00000
     1.55500     0.00123     0.00285    -0.00383     0.00000     0.00000     0.00000    -0.10571     0.00000
     1.56000     0.00122     0.00281    -0.00378     0.00000     0.00000     0.00000    -0.10530     0.00000
     1.56500     0.00120     0.00278    -0.00373     0.00000     0.00000     0.00000    -0.10489     0.00000
     1.57000     0.00119     0.00275    -0.00368     0.00000     0.00000     0.00000    -0.10448     0.00000
     1.57500     0.00117     0.00271    -0.00363     0.00000     0.00000     0.00000    -0.10407     0.00000
     1.58000     0.00116     0.00268    -0.00359     0.00000     0.00000     0.00000    -0.10367     0.00000
     1.58500     0.00114     0.00265    -0.00354     0.00000     0.00000     0.00000    -0.10327     0.00000
     1.59000     0.00113     0.00262    -0.00349     0.00000     0.00000     0.00000    -0.10287     0.00000
     1.59500     0.00111     0.00258    -0.00345     0.00000     0.00000     0.00000    -0.10248     0.00000
     1.60000     0.00110     0.00255    -0.00340     0.00000     0.00000     0.00000    -0.10208     0.00000
     1.60500     0.00109     0.00252    -0.00336     0.00000     0.00000     0.00000    -0.10169     0.00000
     1.61000     0.00107     0.00249    -0.00332     0.00000     0.00000     0.00000    -0.10130     0.00000
     1.61500     0.00106     0.00246    -0.00327     0.00000     0.00000     0.00000    -0.10092     0.00000
     1.62000     0.00105     0.00243    -0.00323     0.00000     0.00000     0.00000    -0.10053     0.00000
     1.62500     0.00103     0.00240    -0.00319     0.00000     0.00000     0.00000    -0.10015     0.00000
     1.63000     0.00102     0.00237    -0.00315     0.00000     0.00000     0.00000    -0.09977     0.00000
     1.63500     0.00101     0.00235    -0.00310     0.00000     0.00000     0.00000    -0.09939     0.00000
     1.64000     0.00099     0.00232    -0.00306     0.00000     0.00000     0.00000    -0.09901     0.00000
     1.64500     0.00098     0.00229    -0.00302     0.00000     0.00000     0.00000    -0.09864     0.00000
     1.65000     0.00097     0.00226    -0.00299     0.00000     0.00000     0.00000    -0.09827     0.00000
     1.65500     0.00096     0.00224    -0.00295     0.00000     0.00000     0.00000    -0.09790     0.00000
     1.66000     0.00095     0.00221    -0.00291     0.00000     0.00000     0.00000    -0.09753     0.00000
     1.66500     0.00093     0.00218    -0.00287     0.00000     0.00000     0.00000    -0.09716     0.00000
     1.67000     0.00092     0.00216    -0.00283     0.00000     0.00000     0.00000    -0.09680     0.00000
     1.67500     0.00091     0.00213    -0.00280     0.00000     0.00000     0.00000    -0.09644     0.00000
     1.68000     0.00090     0.00210    -0.00276     0.00000     0.00000     0.00000    -0.09608     0.00000
     1.68500     0.00089     0.00208    -0.00272     0.00000     0.00000     0.00000    -0.09572     0.00000
     1.69000     0.00088     0.00205    -0.00269     0.00000     0.00000     0.00000    -0.09537     0.00000
     1.69500     0.00087     0.00203    -0.00265     0.00000     0.00000     0.00000    -0.09501     0.00000
     1.70000     0.00086     0.00201    -0.00262     0.00000     0.00000     0.00000    -0.09466     0.00000
     1.70500     0.00085     0.00198    -0.00259     0.00000     0.00000     0.00000    -0.09431     0.00000
     1.71000     0.00083     0.00196    -0.00255     0.00000     0.00000     0.00000    -0.09396     0.00000
     1.71500     0.00082     0.00193    -0.00252     0.00000     0.00000     0.00000    -0.09362     0.00000
     1.72000     0.00081     0.00191    -0.00249     0.00000     0.00000     0.00000    -0.09327     0.00000
     1.72500     0.00080     0.00189    -0.00245     0.00000     0.00000     0.00000    -0.09293     0.00000
     1.73000     0.00079     0.00187    -0.00242     0.00000     0.00000     0.00000    -0.09259     0.00000
     1.73500     0.00078     0.00184    -0.00239     0.00000     0.00000     0.00000    -0.09225     0.00000
     1.74000     0.00077     0.00182    -0.00236     0.00000     0.00000     0.00000    -0.09192     0.00000
     1.74500     0.00077     0.00180    -0.00233     0.00000     0.00000     0.00000    -0.09158     0.00000
     1.75000     0.00076     0.00178    -0.00230     0.00000     0.00000     0.00000    -0.09125     0.00000
     1.75500     0.00075     0.00176    -0.00227     0.00000     0.00000     0.00000    -0.09092     0.00000
     1.76000     0.00074     0.00174    -0.00224     0.00000     0.00000     0.00000    -0.09059     0.00000
     1.76500     0.00073     0.00172    -0.00221     0.00000     0.00000     0.00000    -0.09026     0.00000
     1.77000     0.00072     0.00170    -0.00218     0.00000     0.00000     0.00000    -0.08994     0.00000
     1.77500     0.00071     0.00168    -0.00216     0.00000     0.00000     0.00000    -0.08961     0.00000
     1.78000     0.00070     0.00166    -0.00213     0.00000     0.00000     0.00000    -0.08929     0.00000
     1.78500     0.00069     0.00164    -0.00210     0.00000     0.00000     0.00000    -0.08897     0.00000
     1.79000     0.00068     0.00162    -0.00207     0.00000     0.00000     0.00000    -0.08865     0.00000
     1.79500     0.00068     0.00160    -0.00205     0.00000     0.00000     0.00000    -0.08834     0.00000
     1.80000     0.00067     0.00158    -0.00202     0.00000     0.00000     0.00000    -0.08802     0.00000
     1.80500     0.00066     0.00156    -0.00200     0.00000     0.00000     0.00000    -0.08771     0.00000
     1.81000     0.00065     0.00154    -0.00197     0.00000     0.00000     0.00000    -0.08740     0.00000
     1.81500     0.00064     0.00152    -0.00194     0.00000     0.00000     0.00000    -0.08708     0.00000
     1.82000     0.00064     0.00150    -0.00192     0.00000     0.00000     0.00000    -0.08678     0.00000
     1.82500     0.00063     0.00149    -0.00189     0.00000     0.00000     0.00000    -0.08647     0.00000
     1.83000     0.00062     0.00147    -0.00187     0.00000     0.00000     0.00000    -0.08616     0.00000
     1.83500     0.00061     0.00145    -0.00185     0.00000     0.00000     0.00000    -0.08586     0.00000
     1.84000     0.00060     0.00143    -0.00182     0.00000     0.00000     0.00000    -0.08556     0.00000
     1.84500     0.00060     0.00142    -0.00180     0.00000     0.00000     0.00000    -0.08526     0.00000
     1.85000     0.00059     0.00140    -0.00178     0.00000     0.00000     0.00000    -0.08496     0.00000
     1.85500     0.00058     0.00138    -0.00175     0.00000     0.00000     0.00000    -0.08466     0.00000
     1.86000     0.00058     0.00137    -0.00173     0.00000     0.00000     0.00000    -0.08437     0.00000
     1.86500     0.00057     0.00135    -0.00171     0.00000     0.00000     0.00000    -0.08407     0.00000
     1.87000     0.00056     0.00134    -0.00169     0.00000     0.00000     0.00000    -0.08378     0.00000
     1.87500     0.00055     0.00132    -0.00167     0.00000     0.00000     0.00000    -0.08349     0.00000
     1.88000     0.00055     0.00130    -0.00164     0.00000     0.00000     0.00000    -0.08320     0.00000
     1.88500     0.00054     0.00129    -0.00162     0.00000     0.00000     0.00000    -0.08291     0.00000
     1.89000     0.00053     0.00127    -0.00160     0.00000     0.00000     0.00000    -0.08262     0.00000
     1.89500     0.00053     0.00126    -0.00158     0.00000     0.00000     0.00000    -0.08234     0.00000
     1.90000     0.00052     0.00124    -0.00156     0.00000     0.00000     0.00000    -0.08205     0.00000
     1.90500     0.00052     0.00123    -0.00154     0.00000     0.00000     0.00000    -0.08177     0.00000
     1.91000     0.00051     0.00122    -0.00152     0.00000     0.00000     0.00000    -0.08149     0.00000
     1.91500     0.00050     0.00120    -0.00150     0.00000     0.00000     0.00000    -0.08121     0.00000
     1.92000     0.00050     0.00119    -0.00148     0.00000     0.00000     0.00000    -0.08093     0.00000
     1.92500     0.00049     0.00117    -0.00147     0.00000     0.00000     0.00000    -0.08066     0.00000
     1.93000     0.00048     0.00116    -0.00145     0.00000     0.00000     0.00000    -0.08038     0.00000
     1.93500     0.00048     0.00115    -0.00143     0.00000     0.00000     0.00000    -0.08011     0.00000
     1.94000     0.00047     0.00113    -0.00141     0.00000     0.00000     0.00000    -0.07984     0.00000
     1.94500     0.00047     0.00112    -0.00139     0.00000     0.00000     0.00000    -0.07957     0.00000
     1.95000     0.00046     0.00111    -0.00137     0.00000     0.00000     0.00000    -0.07930     0.00000
     1.95500     0.00046     0.00109    -0.00136     0.00000     0.00000     0.00000    -0.07903     0.00000
     1.96000     0.00045     0.00108    -0.00134     0.00000     0.00000     0.00000    -0.07876     0.00000
     1.96500     0.00045     0.00107    -0.00132     0.00000     0.00000     0.00000    -0.07850     0.00000
     1.97000     0.00044     0.00105    -0.00131     0.00000     0.00000     0.00000    -0.07823     0.00000
     1.97500     0.00043     0.00104    -0.00129     0.00000     0.00000     0.00000    -0.07797     0.00000
     1.98000     0.00043     0.00103    -0.00127     0.00000     0.00000     0.00000    -0.07771     0.00000
     1.98500     0.00042     0.00102    -0.00126     0.00000     0.00000     0.00000    -0.07745     0.00000
     1.99000     0.00042     0.00101    -0.00124     0.00000     0.00000     0.00000    -0.07719     0.00000
     1.99500     0.00041     0.00099    -0.00123     0.00000     0.00000     0.00000    -0.07693     0.00000
     2.00000     0.00041     0.00098    -0.00121     0.00000     0.00000     0.00000    -0.07668     0.00000
     2.00500     0.00040     0.00097    -0.00119     0.00000     0.00000     0.00000    -0.07642     0.00000
     2.01000     0.00040     0.00096    -0.00118     0.00000     0.00000     0.00000    -0.07617     0.00000
     2.01500     0.00039     0.00095    -0.00116     0.00000     0.00000     0.00000    -0.07591     0.00000
     2.02000     0.00039     0.00094    -0.00115     0.00000     0.00000     0.00000    -0.07566     0.00000
     2.02500     0.00038     0.00093    -0.00114     0.00000     0.00000     0.00000    -0.07541     0.00000
     2.03000     0.00038     0.00092    -0.00112     0.00000     0.00000     0.00000    -0.07516     0.00000
     2.03500     0.00038     0.00090    -0.00111     0.00000     0.00000     0.00000    -0.07492     0.00000
     2.04000     0.00037     0.00089    -0.00109     0.00000     0.00000     0.00000    -0.07467     0.00000
     2.04500     0.00037     0.00088    -0.00108     0.00000     0.00000     0.00000    -0.07443     0.00000
     2.05000     0.00036     0.00087    -0.00107     0.00000     0.00000     0.00000    -0.07418     0.00000
     2.05500     0.00036     0.00086    -0.00105     0.00000     0.00000     0.00000    -0.07394     0.00000
     2.06000     0.00035     0.00085    -0.00104     0.00000     0.00000     0.00000    -0.07370     0.00000
     2.06500     0.00035     0.00084    -0.00103     0.00000     0.00000     0.00000    -0.07346     0.00000
     2.07000     0.00034     0.00083    -0.00101     0.00000     0.00000     0.00000    -0.07322     0.00000
     2.07500     0.00034     0.00082    -0.00100     0.00000     0.00000     0.00000    -0.07298     0.00000
     2.08000     0.00034     0.00081    -0.00099     0.00000     0.00000     0.00000    -0.07274     0.00000
     2.08500     0.00033     0.00080    -0.00097     0.00000     0.00000     0.00000    -0.07251     0.00000
     2.09000     0.00033     0.00079    -0.00096     0.00000     0.00000     0.00000    -0.07227     0.00000
     2.09500     0.00032     0.00079    -0.00095     0.00000     0.00000     0.00000    -0.07204     0.00000
     2.10000     0.00032     0.00078    -0.00094     0.00000     0.00000     0.00000    -0.07181     0.00000
     2.10500     0.00032     0.00077    -0.00093     0.00000     0.00000     0.00000    -0.07158     0.00000
     2.11000     0.00031     0.00076    -0.00091     0.00000     0.00000     0.00000    -0.07135     0.00000
     2.11500     0.00031     0.00075    -0.00090     0.00000     0.00000     0.00000    -0.07112     0.00000
     2.12000     0.00031     0.00074    -0.00089     0.00000     0.00000     0.00000    -0.07089     0.00000
     2.12500     0.00030     0.00073    -0.00088     0.00000     0.00000     0.00000    -0.07066     0.00000
     2.13000     0.00030     0.00072    -0.00087     0.00000     0.00000     0.00000    -0.07044     0.00000
     2.13500     0.00029     0.00072    -0.00086     0.00000     0.00000     0.00000    -0.07021     0.00000
     2.14000     0.00029     0.00071    -0.00085     0.00000     0.00000     0.00000    -0.06999     0.00000
     2.14500     0.00029     0.00070    -0.00084     0.00000     0.00000     0.00000    -0.06977     0.00000
     2.15000     0.00028     0.00069    -0.00083     0.00000     0.00000     0.00000    -0.06955     0.00000
     2.15500     0.00028     0.00068    -0.00082     0.00000     0.00000     0.00000    -0.06933     0.00000
     2.16000     0.00028     0.00067    -0.00081     0.00000     0.00000     0.00000    -0.06911     0.00000
     2.16500     0.00027     0.00067    -0.00080     0.00000     0.00000     0.00000    -0.06889     0.00000
     2.17000     0.00027     0.00066    -0.00079     0.00000     0.00000     0.00000    -0.06867     0.00000
     2.17500     0.00027     0.00065    -0.00078     0.00000     0.00000     0.00000    -0.06846     0.00000
     2.18000     0.00026     0.00064    -0.00077     0.00000     0.00000     0.00000    -0.06824     0.00000
     2.18500     0.00026     0.00064    -0.00076     0.00000     0.00000     0.00000    -0.06803     0.00000
     2.19000     0.00026     0.00063    -0.00075     0.00000     0.00000     0.00000    -0.06781     0.00000
     2.19500     0.00025     0.00062    -0.00074     0.00000     0.00000     0.00000    -0.06760     0.00000
     2.20000     0.00025     0.00061    -0.00073     0.00000     0.00000     0.00000    -0.06739     0.00000
     2.20500     0.00025     0.00061    -0.00072     0.00000     0.00000     0.00000    -0.06718     0.00000
     2.21000     0.00025     0.00060    -0.00071     0.00000     0.00000     0.00000    -0.06697     0.00000
     2.21500     0.00024     0.00059    -0.00070     0.00000     0.00000     0.00000    -0.06676     0.00000
     2.22000     0.00024     0.00059    -0.00069     0.00000     0.00000     0.00000    -0.06656     0.00000
     2.22500     0.00024     0.00058    -0.00068     0.00000     0.00000     0.00000    -0.06635     0.00000
     2.23000     0.00023     0.00057    -0.00068     0.00000     0.00000     0.00000    -0.06614     0.00000
     2.23500     0.00023     0.00057    -0.00067     0.00000     0.00000     0.00000    -0.06594     0.00000
     2.24000     0.00023     0.00056    -0.00066     0.00000     0.00000     0.00000    -0.06574     0.00000
     2.24500     0.00023     0.00055    -0.00065     0.00000     0.00000     0.00000    -0.06553     0.00000
     2.25000     0.00022     0.00055    -0.00064     0.00000     0.00000     0.00000    -0.06533     0.00000
     2.25500     0.00022     0.00054    -0.00064     0.00000     0.00000     0.00000    -0.06513     0.00000
     2.26000     0.00022     0.00053    -0.00063     0.00000     0.00000     0.00000    -0.06493     0.00000
     2.26500     0.00022     0.00053    -0.00062     0.00000     0.00000     0.00000    -0.06473     0.00000
     2.27000     0.00021     0.00052    -0.00061     0.00000     0.00000     0.00000    -0.06454     0.00000
     2.27500     0.00021     0.00052    -0.00060     0.00000     0.00000     0.00000    -0.06434     0.00000
     2.28000     0.00021     0.00051    -0.00060     0.00000     0.00000     0.00000    -0.06414     0.00000
     2.28500     0.00021     0.00050    -0.00059     0.00000     0.00000     0.00000    -0.06395     0.00000
     2.29000     0.00020     0.00050    -0.00058     0.00000     0.00000     0.00000    -0.06375     0.00000
     2.29500     0.00020     0.00049    -0.00057     0.00000     0.00000     0.00000    -0.06356     0.00000
     2.30000     0.00020     0.00049    -0.00057     0.00000     0.00000     0.00000    -0.06337     0.00000
     2.30500     0.00020     0.00048    -0.00056     0.00000     0.00000     0.00000    -0.06318     0.00000
     2.31000     0.00019     0.00048    -0.00055     0.00000     0.00000     0.00000    -0.06299     0.00000
     2.31500     0.00019     0.00047    -0.00055     0.00000     0.00000     0.00000    -0.06280     0.00000
     2.32000     0.00019     0.00046    -0.00054     0.00000     0.00000     0.00000    -0.06261     0.00000
     2.32500     0.00019     0.00046    -0.00053     0.00000     0.00000     0.00000    -0.06242     0.00000
     2.33000     0.00018     0.00045    -0.00053     0.00000     0.00000     0.00000    -0.06223     0.00000
     2.33500     0.00018     0.00045    -0.00052     0.00000     0.00000     0.00000    -0.06205     0.00000
     2.34000     0.00018     0.00044    -0.00051     0.00000     0.00000     0.00000    -0.06186     0.00000
     2.34500     0.00018     0.00044    -0.00051     0.00000     0.00000     0.00000    -0.06167     0.00000
     2.35000     0.00018     0.00043    -0.00050     0.00000     0.00000     0.00000    -0.06149     0.00000
     2.35500     0.00017     0.00043    -0.00049     0.00000     0.00000     0.00000    -0.06131     0.00000
     2.36000     0.00017     0.00042    -0.00049     0.00000     0.00000     0.00000    -0.06113     0.00000
     2.36500     0.00017     0.00042    -0.00048     0.00000     0.00000     0.00000    -0.06094     0.00000
     2.37000     0.00017     0.00041    -0.00048     0.00000     0.00000     0.00000    -0.06076     0.00000
     2.37500     0.00017     0.00041    -0.00047     0.00000     0.00000     0.00000    -0.06058     0.00000
     2.38000     0.00016     0.00040    -0.00046     0.00000     0.00000     0.00000    -0.06040     0.00000
     2.38500     0.00016     0.00040    -0.00046     0.00000     0.00000     0.00000    -0.06023     0.00000
     2.39000     0.00016     0.00040    -0.00045     0.00000     0.00000     0.00000    -0.06005     0.00000
     2.39500     0.00016     0.00039    -0.00045     0.00000     0.00000     0.00000    -0.05987     0.00000
     2.40000     0.00016     0.00039    -0.00044     0.00000     0.00000     0.00000    -0.05970     0.00000
     2.40500     0.00015     0.00038    -0.00044     0.00000     0.00000     0.00000    -0.05952     0.00000
     2.41000     0.00015     0.00038    -0.00043     0.00000     0.00000     0.00000    -0.05935     0.00000
     2.41500     0.00015     0.00037    -0.00043     0.00000     0.00000     0.00000    -0.05917     0.00000
     2.42000     0.00015     0.00037    -0.00042     0.00000     0.00000     0.00000    -0.05900     0.00000
     2.42500     0.00015     0.00036    -0.00042     0.00000     0.00000     0.00000    -0.05883     0.00000
     2.43000     0.00015     0.00036    -0.00041     0.00000     0.00000     0.00000    -0.05866     0.00000
     2.43500     0.00014     0.00036    -0.00041     0.00000     0.00000     0.00000    -0.05849     0.00000
     2.44000     0.00014     0.00035    -0.00040     0.00000     0.00000     0.00000    -0.05832     0.00000
     2.44500     0.00014     0.00035    -0.00040     0.00000     0.00000     0.00000    -0.05815     0.00000
     2.45000     0.00014     0.00034    -0.00039     0.00000     0.00000     0.00000    -0.05798     0.00000
     2.45500     0.00014     0.00034    -0.00039     0.00000     0.00000     0.00000    -0.05781     0.00000
     2.46000     0.00014     0.00034    -0.00038     0.00000     0.00000     0.00000    -0.05764     0.00000
     2.46500     0.00013     0.00033    -0.00038     0.00000     0.00000     0.00000    -0.05748     0.00000
     2.47000     0.00013     0.00033    -0.00037     0.00000     0.00000     0.00000    -0.05731     0.00000
     2.47500     0.00013     0.00032    -0.00037     0.00000     0.00000     0.00000    -0.05715     0.00000
     2.48000     0.00013     0.00032    -0.00036     0.00000     0.00000     0.00000    -0.05698     0.00000
     2.48500     0.00013     0.00032    -0.00036     0.00000     0.00000     0.00000    -0.05682     0.00000
     2.49000     0.00013     0.00031    -0.00035     0.00000     0.00000     0.00000    -0.05666     0.00000
     2.49500     0.00012     0.00031    -0.00035     0.00000     0.00000     0.00000    -0.05649     0.00000
     2.50000     0.00012     0.00031    -0.00034     0.00000     0.00000     0.00000    -0.05633     0.00000
     2.50500     0.00012     0.00030    -0.00034     0.00000     0.00000     0.00000    -0.05617     0.00000
     2.51000     0.00012     0.00030    -0.00034     0.00000     0.00000     0.00000    -0.05601     0.00000
     2.51500     0.00012     0.00030    -0.00033     0.00000     0.00000     0.00000    -0.05585     0.00000
     2.52000     0.00012     0.00029    -0.00033     0.00000     0.00000     0.00000    -0.05569     0.00000
     2.52500     0.00012     0.00029    -0.00032     0.00000     0.00000     0.00000    -0.05554     0.00000
     2.53000     0.00011     0.00029    -0.00032     0.00000     0.00000     0.00000    -0.05538     0.00000
     2.53500     0.00011     0.00028    -0.00032     0.00000     0.00000     0.00000    -0.05522     0.00000
     2.54000     0.00011     0.00028    -0.00031     0.00000     0.00000     0.00000    -0.05507     0.00000
     2.54500     0.00011     0.00028    -0.00031     0.00000     0.00000     0.00000    -0.05491     0.00000
     2.55000     0.00011     0.00027    -0.00030     0.00000     0.00000     0.00000    -0.05476     0.00000
     2.55500     0.00011     0.00027    -0.00030     0.00000     0.00000     0.00000    -0.05460     0.00000
     2.56000     0.00011     0.00027    -0.00030     0.00000     0.00000     0.00000    -0.05445     0.00000
     2.56500     0.00011     0.00026    -0.00029     0.00000     0.00000     0.00000    -0.05430     0.00000
     2.57000     0.00010     0.00026    -0.00029     0.00000     0.00000     0.00000    -0.05415     0.00000
     2.57500     0.00010     0.00026    -0.00029     0.00000     0.00000     0.00000    -0.05399     0.00000
     2.58000     0.00010     0.00026    -0.00028     0.00000     0.00000     0.00000    -0.05384     0.00000
     2.58500     0.00010     0.00025    -0.00028     0.00000     0.00000     0.00000    -0.05369     0.00000
     2.59000     0.00010     0.00025    -0.00028     0.00000     0.00000     0.00000    -0.05354     0.00000
     2.59500     0.00010     0.00025    -0.00027     0.00000     0.00000     0.00000    -0.05340     0.00000
     2.60000     0.00010     0.00024    -0.00027     0.00000     0.00000     0.00000    -0.05325     0.00000
     2.60500     0.00010     0.00024    -0.00027     0.00000     0.00000     0.00000    -0.05310     0.00000
     2.61000     0.00009     0.00024    -0.00026     0.00000     0.00000     0.00000    -0.05295     0.00000
     2.61500     0.00009     0.00024    -0.00026     0.00000     0.00000     0.00000    -0.05281     0.00000
     2.62000     0.00009     0.00023    -0.00026     0.00000     0.00000     0.00000    -0.05266     0.00000
     2.62500     0.00009     0.00023    -0.00025     0.00000     0.00000     0.00000    -0.05252     0.00000
     2.63000     0.00009     0.00023    -0.00025     0.00000     0.00000     0.00000    -0.05237     0.00000
     2.63500     0.00009     0.00022    -0.00025     0.00000     0.00000     0.00000    -0.05223     0.00000
     2.64000     0.00009     0.00022    -0.00024     0.00000     0.00000     0.00000    -0.05208     0.00000
     2.64500     0.00009     0.00022    -0.00024     0.00000     0.00000     0.00000    -0.05194     0.00000
     2.65000     0.00009     0.00022    -0.00024     0.00000     0.00000     0.00000    -0.05180     0.00000
     2.65500     0.00009     0.00021    -0.00024     0.00000     0.00000     0.00000    -0.05166     0.00000
     2.66000     0.00008     0.00021    -0.00023     0.00000     0.00000     0.00000    -0.05152     0.00000
     2.66500     0.00008     0.00021    -0.00023     0.00000     0.00000     0.00000    -0.05137     0.00000
     2.67000     0.00008     0.00021    -0.00023     0.00000     0.00000     0.00000    -0.05124     0.00000
     2.67500     0.00008     0.00021    -0.00022     0.00000     0.00000     0.00000    -0.05110     0.00000
     2.68000     0.00008     0.00020    -0.00022     0.00000     0.00000     0.00000    -0.05096     0.00000
     2.68500     0.00008     0.00020    -0.00022     0.00000     0.00000     0.00000    -0.05082     0.00000
     2.69000     0.00008     0.00020    -0.00022     0.00000     0.00000     0.00000    -0.05068     0.00000
     2.69500     0.00008     0.00020    -0.00021     0.00000     0.00000     0.00000    -0.05054     0.00000
     2.70000     0.00008     0.00019    -0.00021     0.00000     0.00000     0.00000    -0.05041     0.00000
     2.70500     0.00008     0.00019    -0.00021     0.00000     0.00000     0.00000    -0.05027     0.00000
     2.71000     0.00007     0.00019    -0.00021     0.00000     0.00000     0.00000    -0.05014     0.00000
     2.71500     0.00007     0.00019    -0.00020     0.00000     0.00000     0.00000    -0.05000     0.00000
     2.72000     0.00007     0.00019    -0.00020     0.00000     0.00000     0.00000    -0.04987     0.00000
     2.72500     0.00007     0.00018    -0.00020     0.00000     0.00000     0.00000    -0.04973     0.00000
     2.73000     0.00007     0.00018    -0.00020     0.00000     0.00000     0.00000    -0.04960     0.00000
     2.73500     0.00007     0.00018    -0.00019     0.00000     0.00000     0.00000    -0.04947     0.00000
     2.74000     0.00007     0.00018    -0.00019     0.00000     0.00000     0.00000    -0.04934     0.00000
     2.74500     0.00007     0.00017    -0.00019     0.00000     0.00000     0.00000    -0.04920     0.00000
     2.75000     0.00007     0.00017    -0.00019     0.00000     0.00000     0.00000    -0.04907     0.00000
     2.75500     0.00007     0.00017    -0.00018     0.00000     0.00000     0.00000    -0.04894     0.00000
     2.76000     0.00007     0.00017    -0.00018     0.00000     0.00000     0.00000    -0.04881     0.00000
     2.76500     0.00007     0.00017    -0.00018     0.00000     0.00000     0.00000    -0.04868     0.00000
     2.77000     0.00007     0.00017    -0.00018     0.00000     0.00000     0.00000    -0.04855     0.00000
     2.77500     0.00006     0.00016    -0.00018     0.00000     0.00000     0.00000    -0.04842     0.00000
     2.78000     0.00006     0.00016    -0.00017     0.00000     0.00000     0.00000    -0.04830     0.00000
     2.78500     0.00006     0.00016    -0.00017     0.00000     0.00000     0.00000    -0.04817     0.00000
     2.79000     0.00006     0.00016    -0.00017     0.00000     0.00000     0.00000    -0.04804     0.00000
     2.79500     0.00006     0.00016    -0.00017     0.00000     0.00000     0.00000    -0.04792     0.00000
     2.80000     0.00006     0.00015    -0.00017     0.00000     0.00000     0.00000    -0.04779     0.00000
     2.80500     0.00006     0.00015    -0.00016     0.00000     0.00000     0.00000    -0.04766     0.00000
     2.81000     0.00006     0.00015    -0.00016     0.00000     0.00000     0.00000    -0.04754     0.00000
     2.81500     0.00006     0.00015    -0.00016     0.00000     0.00000     0.00000    -0.04741     0.00000
     2.82000     0.00006     0.00015    -0.00016     0.00000     0.00000     0.00000    -0.04729     0.00000
     2.82500     0.00006     0.00015    -0.00016     0.00000     0.00000     0.00000    -0.04717     0.00000
     2.83000     0.00006     0.00014    -0.00015     0.00000     0.00000     0.00000    -0.04704     0.00000
     2.83500     0.00006     0.00014    -0.00015     0.00000     0.00000     0.00000    -0.04692     0.00000
     2.84000     0.00006     0.00014    -0.00015     0.00000     0.00000     0.00000    -0.04680     0.00000
     2.84500     0.00005     0.00014    -0.00015     0.00000     0.00000     0.00000    -0.04668     0.00000
     2.85000     0.00005     0.00014    -0.00015     0.00000     0.00000     0.00000    -0.04656     0.00000
     2.85500     0.00005     0.00014    -0.00014     0.00000     0.00000     0.00000    -0.04644     0.00000
     2.86000     0.00005     0.00013    -0.00014     0.00000     0.00000     0.00000    -0.04632     0.00000
     2.86500     0.00005     0.00013    -0.00014     0.00000     0.00000     0.00000    -0.04620     0.00000
     2.87000     0.00005     0.00013    -0.00014     0.00000     0.00000     0.00000    -0.04608     0.00000
     2.87500     0.00005     0.00013    -0.00014     0.00000     0.00000     0.00000    -0.04596     0.00000
     2.88000     0.00005     0.00013    -0.00014     0.00000     0.00000     0.00000    -0.04584     0.00000
     2.88500     0.00005     0.00013    -0.00013     0.00000     0.00000     0.00000    -0.04572     0.00000
     2.89000     0.00005     0.00013    -0.00013     0.00000     0.00000     0.00000    -0.04560     0.00000
     2.89500     0.00005     0.00012    -0.00013     0.00000     0.00000     0.00000    -0.04549     0.00000
     2.90000     0.00005     0.00012    -0.00013     0.00000     0.00000     0.00000    -0.04537     0.00000
     2.90500     0.00005     0.00012    -0.00013     0.00000     0.00000     0.00000    -0.04525     0.00000
     2.91000     0.00005     0.00012    -0.00013     0.00000     0.00000     0.00000    -0.04514     0.00000
     2.91500     0.00005     0.00012    -0.00012     0.00000     0.00000     0.00000    -0.04502     0.00000
     2.92000     0.00005     0.00012    -0.00012     0.00000     0.00000     0.00000    -0.04491     0.00000
     2.92500     0.00005     0.00012    -0.00012     0.00000     0.00000     0.00000    -0.04479     0.00000
     2.93000     0.00004     0.00011    -0.00012     0.00000     0.00000     0.00000    -0.04468     0.00000
     2.93500     0.00004     0.00011    -0.00012     0.00000     0.00000     0.00000    -0.04457     0.00000
     2.94000     0.00004     0.00011    -0.00012     0.00000     0.00000     0.00000    -0.04445     0.00000
     2.94500     0.00004     0.00011    -0.00012     0.00000     0.00000     0.00000    -0.04434     0.00000
     2.95000     0.00004     0.00011    -0.00011     0.00000     0.00000     0.00000    -0.04423     0.00000
     2.95500     0.00004     0.00011    -0.00011     0.00000     0.00000     0.00000    -0.04412     0.00000
     2.96000     0.00004     0.00011    -0.00011     0.00000     0.00000     0.00000    -0.04401     0.00000
     2.96500     0.00004     0.00011    -0.00011     0.00000     0.00000     0.00000    -0.04389     0.00000
     2.97000     0.00004     0.00010    -0.00011     0.00000     0.00000     0.00000    -0.04378     0.00000
     2.97500     0.00004     0.00010    -0.00011     0.00000     0.00000     0.00000    -0.04367     0.00000
     2.98000     0.00004     0.00010    -0.00011     0.00000     0.00000     0.00000    -0.04356     0.00000
     2.98500     0.00004     0.00010    -0.00011     0.00000     0.00000     0.00000    -0.04346     0.00000
     2.99000     0.00004     0.00010    -0.00010     0.00000     0.00000     0.00000    -0.04335     0.00000
     2.99500     0.00004     0.00010    -0.00010     0.00000     0.00000     0.00000    -0.04324     0.00000
     3.00000     0.00004     0.00010    -0.00010     0.00000     0.00000     0.00000    -0.04313     0.00000
     3.00500     0.00004     0.00010    -0.00010     0.00000     0.00000     0.00000    -0.04302     0.00000
     3.01000     0.00004     0.00010    -0.00010     0.00000     0.00000     0.00000    -0.04292     0.00000
     3.01500     0.00004     0.00009    -0.00010     0.00000     0.00000     0.00000    -0.04281     0.00000
     3.02000     0.00004     0.00009    -0.00010     0.00000     0.00000     0.00000    -0.04270     0.00000
     3.02500     0.00004     0.00009    -0.00010     0.00000     0.00000     0.00000    -0.04260     0.00000
     3.03000     0.00004     0.00009    -0.00009     0.00000     0.00000     0.00000    -0.04249     0.00000
     3.03500     0.00004     0.00009    -0.00009     0.00000     0.00000     0.00000    -0.04239     0.00000
     3.04000     0.00003     0.00009    -0.00009     0.00000     0.00000     0.00000    -0.04228     0.00000
     3.04500     0.00003     0.00009    -0.00009     0.00000     0.00000     0.00000    -0.04218     0.00000
     3.05000     0.00003     0.00009    -0.00009     0.00000     0.00000     0.00000    -0.04207     0.00000
     3.05500     0.00003     0.00009    -0.00009     0.00000     0.00000     0.00000    -0.04197     0.00000
     3.06000     0.00003     0.00009    -0.00009     0.00000     0.00000     0.00000    -0.04186     0.00000
     3.06500     0.00003     0.00008    -0.00009     0.00000     0.00000     0.00000    -0.04176     0.00000
     3.07000     0.00003     0.00008    -0.00009     0.00000     0.00000     0.00000    -0.04166     0.00000
     3.07500     0.00003     0.00008    -0.00008     0.00000     0.00000     0.00000    -0.04156     0.00000
     3.08000     0.00003     0.00008    -0.00008     0.00000     0.00000     0.00000    -0.04146     0.00000
     3.08500     0.00003     0.00008    -0.00008     0.00000     0.00000     0.00000    -0.04135     0.00000
     3.09000     0.00003     0.00008    -0.00008     0.00000     0.00000     0.00000    -0.04125     0.00000
     3.09500     0.00003     0.00008    -0.00008     0.00000     0.00000     0.00000    -0.04115     0.00000
     3.10000     0.00003     0.00008    -0.00008     0.00000     0.00000     0.00000    -0.04105     0.00000
     3.10500     0.00003     0.00008    -0.00008     0.00000     0.00000     0.00000    -0.04095     0.00000
     3.11000     0.00003     0.00008    -0.00008     0.00000     0.00000     0.00000    -0.04085     0.00000
     3.11500     0.00003     0.00008    -0.00008     0.00000     0.00000     0.00000    -0.04075     0.00000
     3.12000     0.00003     0.00007    -0.00008     0.00000     0.00000     0.00000    -0.04065     0.00000
     3.12500     0.00003     0.00007    -0.00008     0.00000     0.00000     0.00000    -0.04056     0.00000
     3.13000     0.00003     0.00007    -0.00007     0.00000     0.00000     0.00000    -0.04046     0.00000
     3.13500     0.00003     0.00007    -0.00007     0.00000     0.00000     0.00000    -0.04036     0.00000
     3.14000     0.00003     0.00007    -0.00007     0.00000     0.00000     0.00000    -0.04026     0.00000
     3.14500     0.00003     0.00007    -0.00007     0.00000     0.00000     0.00000    -0.04017     0.00000
     3.15000     0.00003     0.00007    -0.00007     0.00000     0.00000     0.00000    -0.04007     0.00000
     3.15500     0.00003     0.00007    -0.00007     0.00000     0.00000     0.00000    -0.03997     0.00000
     3.16000     0.00003     0.00007    -0.00007     0.00000     0.00000     0.00000    -0.03988     0.00000
     3.16500     0.00003     0.00007    -0.00007     0.00000     0.00000     0.00000    -0.03978     0.00000
     3.17000     0.00003     0.00007    -0.00007     0.00000     0.00000     0.00000    -0.03969     0.00000
     3.17500     0.00003     0.00007    -0.00007     0.00000     0.00000     0.00000    -0.03959     0.00000
     3.18000     0.00003     0.00007    -0.00007     0.00000     0.00000     0.00000    -0.03950     0.00000
     3.18500     0.00002     0.00006    -0.00006     0.00000     0.00000     0.00000    -0.03940     0.00000
     3.19000     0.00002     0.00006    -0.00006     0.00000     0.00000     0.00000    -0.03931     0.00000
     3.19500     0.00002     0.00006    -0.00006     0.00000     0.00000     0.00000    -0.03921     0.00000
     3.20000     0.00002     0.00006    -0.00006     0.00000     0.00000     0.00000    -0.03912     0.00000
     3.20500     0.00002     0.00006    -0.00006     0.00000     0.00000     0.00000    -0.03903     0.00000
     3.21000     0.00002     0.00006    -0.00006     0.00000     0.00000     0.00000    -0.03893     0.00000
     3.21500     0.00002     0.00006    -0.00006     0.00000     0.00000     0.00000    -0.03884     0.00000
     3.22000     0.00002     0.00006    -0.00006     0.00000     0.00000     0.00000    -0.03875     0.00000
     3.22500     0.00002     0.00006    -0.00006     0.00000     0.00000     0.00000    -0.03866     0.00000
     3.23000     0.00002     0.00006    -0.00006     0.00000     0.00000     0.00000    -0.03857     0.00000
     3.23500     0.00002     0.00006    -0.00006     0.00000     0.00000     0.00000    -0.03848     0.00000
     3.24000     0.00002     0.00006    -0.00006     0.00000     0.00000     0.00000    -0.03839     0.00000
     3.24500     0.00002     0.00006    -0.00006     0.00000     0.00000     0.00000    -0.03830     0.00000
     3.25000     0.00002     0.00006    -0.00006     0.00000     0.00000     0.00000    -0.03821     0.00000
     3.25500     0.00002     0.00006    -0.00005     0.00000     0.00000     0.00000    -0.03812     0.00000
     3.26000     0.00002     0.00005    -0.00005     0.00000     0.00000     0.00000    -0.03803     0.00000
     3.26500     0.00002     0.00005    -0.00005     0.00000     0.00000     0.00000    -0.03794     0.00000
     3.27000     0.00002     0.00005    -0.00005     0.00000     0.00000     0.00000    -0.03785     0.00000
     3.27500     0.00002     0.00005    -0.00005     0.00000     0.00000     0.00000    -0.03776     0.00000
     3.28000     0.00002     0.00005    -0.00005     0.00000     0.00000     0.00000    -0.03767     0.00000
     3.28500     0.00002     0.00005    -0.00005     0.00000     0.00000     0.00000    -0.03758     0.00000
     3.29000     0.00002     0.00005    -0.00005     0.00000     0.00000     0.00000    -0.03750     0.00000
     3.29500     0.00002     0.00005    -0.00005     0.00000     0.00000     0.00000    -0.03741     0.00000
     3.30000     0.00002     0.00005    -0.00005     0.00000     0.00000     0.00000    -0.03732     0.00000
     3.30500     0.00002     0.00005    -0.00005     0.00000     0.00000     0.00000    -0.03724     0.00000
     3.31000     0.00002     0.00005    -0.00005     0.00000     0.00000     0.00000    -0.03715     0.00000
     3.31500     0.00002     0.00005    -0.00005     0.00000     0.00000     0.00000    -0.03706     0.00000
     3.32000     0.00002     0.00005    -0.00005     0.00000     0.00000     0.00000    -0.03698     0.00000
     3.32500     0.00002     0.00005    -0.00005     0.00000     0.00000     0.00000    -0.03689     0.00000
     3.33000     0.00002     0.00005    -0.00005     0.00000     0.00000     0.00000    -0.03681     0.00000
     3.33500     0.00002     0.00005    -0.00005     0.00000     0.00000     0.00000    -0.03672     0.00000
     3.34000     0.00002     0.00005    -0.00004     0.00000     0.00000     0.00000    -0.03664     0.00000
     3.34500     0.00002     0.00005    -0.00004     0.00000     0.00000     0.00000    -0.03655     0.00000
     3.35000     0.00002     0.00004    -0.00004     0.00000     0.00000     0.00000    -0.03647     0.00000
     3.35500     0.00002     0.00004    -0.00004     0.00000     0.00000     0.00000    -0.03639     0.00000
     3.36000     0.00002     0.00004    -0.00004     0.00000     0.00000     0.00000    -0.03630     0.00000
     3.36500     0.00002     0.00004    -0.00004     0.00000     0.00000     0.00000    -0.03622     0.00000
     3.37000     0.00002     0.00004    -0.00004     0.00000     0.00000     0.00000    -0.03614     0.00000
     3.37500     0.00002     0.00004    -0.00004     0.00000     0.00000     0.00000    -0.03605     0.00000
     3.38000     0.00002     0.00004    -0.00004     0.00000     0.00000     0.00000    -0.03597     0.00000
     3.38500     0.00002     0.00004    -0.00004     0.00000     0.00000     0.00000    -0.03589     0.00000
     3.39000     0.00002     0.00004    -0.00004     0.00000     0.00000     0.00000    -0.03581     0.00000
     3.39500     0.00002     0.00004    -0.00004     0.00000     0.00000     0.00000    -0.03573     0.00000
     3.40000     0.00002     0.00004    -0.00004     0.00000     0.00000     0.00000    -0.03564     0.00000
     3.40500     0.00001     0.00004    -0.00004     0.00000     0.00000     0.00000    -0.03556     0.00000
     3.41000     0.00001     0.00004    -0.00004     0.00000     0.00000     0.00000    -0.03548     0.00000
     3.41500     0.00001     0.00004    -0.00004     0.00000     0.00000     0.00000    -0.03540     0.00000
     3.42000     0.00001     0.00004    -0.00004     0.00000     0.00000     0.00000    -0.03532     0.00000
     3.42500     0.00001     0.00004    -0.00004     0.00000     0.00000     0.00000    -0.03524     0.00000
     3.43000     0.00001     0.00004    -0.00004     0.00000     0.00000     0.00000    -0.03516     0.00000
     3.43500     0.00001     0.00004    -0.00004     0.00000     0.00000     0.00000    -0.03508     0.00000
     3.44000     0.00001     0.00004    -0.00004     0.00000     0.00000     0.00000    -0.03501     0.00000
     3.44500     0.00001     0.00004    -0.00003     0.00000     0.00000     0.00000    -0.03493     0.00000
     3.45000     0.00001     0.00004    -0.00003     0.00000     0.00000     0.00000    -0.03485     0.00000
     3.45500     0.00001     0.00004    -0.00003     0.00000     0.00000     0.00000    -0.03477     0.00000
     3.46000     0.00001     0.00003    -0.00003     0.00000     0.00000     0.00000    -0.03469     0.00000
     3.46500     0.00001     0.00003    -0.00003     0.00000     0.00000     0.00000    -0.03461     0.00000
     3.47000     0.00001     0.00003    -0.00003     0.00000     0.00000     0.00000    -0.03454     0.00000
     3.47500     0.00001     0.00003    -0.00003     0.00000     0.00000     0.00000    -0.03446     0.00000
     3.48000     0.00001     0.00003    -0.00003     0.00000     0.00000     0.00000    -0.03438     0.00000
     3.48500     0.00001     0.00003    -0.00003     0.00000     0.00000     0.00000    -0.03431     0.00000
     3.49000     0.00001     0.00003    -0.00003     0.00000     0.00000     0.00000    -0.03423     0.00000
     3.49500     0.00001     0.00003    -0.00003     0.00000     0.00000     0.00000    -0.03415     0.00000
     3.50000     0.00001     0.00003    -0.00003     0.00000     0.00000     0.00000    -0.03408     0.00000
     3.50500     0.00001     0.00003    -0.00003     0.00000     0.00000     0.00000    -0.03400     0.00000
     3.51000     0.00001     0.00003    -0.00003     0.00000     0.00000     0.00000    -0.03393     0.00000
     3.51500     0.00001     0.00003    -0.00003     0.00000     0.00000     0.00000    -0.03385     0.00000
     3.52000     0.00001     0.00003    -0.00003     0.00000     0.00000     0.00000    -0.03378     0.00000
     3.52500     0.00001     0.00003    -0.00003     0.00000     0.00000     0.00000    -0.03370     0.00000
     3.53000     0.00001     0.00003    -0.00003     0.00000     0.00000     0.00000    -0.03363     0.00000
     3.53500     0.00001     0.00003    -0.00003     0.00000     0.00000     0.00000    -0.03355     0.00000
     3.54000     0.00001     0.00003    -0.00003     0.00000     0.00000     0.00000    -0.03348     0.00000
     3.54500     0.00001     0.00003    -0.00003     0.00000     0.00000     0.00000    -0.03341     0.00000
     3.55000     0.00001     0.00003    -0.00003     0.00000     0.00000     0.00000    -0.03333     0.00000
     3.55500     0.00001     0.00003    -0.00003     0.00000     0.00000     0.00000    -0.03326     0.00000
     3.56000     0.00001     0.00003    -0.00003     0.00000     0.00000     0.00000    -0.03319     0.00000
     3.56500     0.00001     0.00003    -0.00003     0.00000     0.00000     0.00000    -0.03311     0.00000
     3.57000     0.00001     0.00003    -0.00003     0.00000     0.00000     0.00000    -0.03304     0.00000
     3.57500     0.00001     0.00003    -0.00003     0.00000     0.00000     0.00000    -0.03297     0.00000
     3.58000     0.00001     0.00003    -0.00003     0.00000     0.00000     0.00000    -0.03290     0.00000
     3.58500     0.00001     0.00003    -0.00002     0.00000     0.00000     0.00000    -0.03283     0.00000
     3.59000     0.00001     0.00003    -0.00002     0.00000     0.00000     0.00000    -0.03275     0.00000
     3.59500     0.00001     0.00003    -0.00002     0.00000     0.00000     0.00000    -0.03268     0.00000
     3.60000     0.00001     0.00003    -0.00002     0.00000     0.00000     0.00000    -0.03261     0.00000
     3.60500     0.00001     0.00003    -0.00002     0.00000     0.00000     0.00000    -0.03254     0.00000
     3.61000     0.00001     0.00002    -0.00002     0.00000     0.00000     0.00000    -0.03247     0.00000
     3.61500     0.00001     0.00002    -0.00002     0.00000     0.00000     0.00000    -0.03240     0.00000
     3.62000     0.00001     0.00002    -0.00002     0.00000     0.00000     0.00000    -0.03233     0.00000
     3.62500     0.00001     0.00002    -0.00002     0.00000     0.00000     0.00000    -0.03226     0.00000
     3.63000     0.00001     0.00002    -0.00002     0.00000     0.00000     0.00000    -0.03219     0.00000
     3.63500     0.00001     0.00002    -0.00002     0.00000     0.00000     0.00000    -0.03212     0.00000
     3.64000     0.00001     0.00002    -0.00002     0.00000     0.00000     0.00000    -0.03205     0.00000
     3.64500     0.00001     0.00002    -0.00002     0.00000     0.00000     0.00000    -0.03198     0.00000
     3.65000     0.00001     0.00002    -0.00002     0.00000     0.00000     0.00000    -0.03191     0.00000
     3.65500     0.00001     0.00002    -0.00002     0.00000     0.00000     0.00000    -0.03185     0.00000
     3.66000     0.00001     0.00002    -0.00002     0.00000     0.00000     0.00000    -0.03178     0.00000
     3.66500     0.00001     0.00002    -0.00002     0.00000     0.00000     0.00000    -0.03171     0.00000
     3.67000     0.00001     0.00002    -0.00002     0.00000     0.00000     0.00000    -0.03164     0.00000
     3.67500     0.00001     0.00002    -0.00002     0.00000     0.00000     0.00000    -0.03157     0.00000
     3.68000     0.00001     0.00002    -0.00002     0.00000     0.00000     0.00000    -0.03151     0.00000
     3.68500     0.00001     0.00002    -0.00002     0.00000     0.00000     0.00000    -0.03144     0.00000
     3.69000     0.00001     0.00002    -0.00002     0.00000     0.00000     0.00000    -0.03137     0.00000
     3.69500     0.00001     0.00002    -0.00002     0.00000     0.00000     0.00000    -0.03131     0.00000
     3.70000     0.00001     0.00002    -0.00002     0.00000     0.00000     0.00000    -0.03124     0.00000
     3.70500     0.00001     0.00002    -0.00002     0.00000     0.00000     0.00000    -0.03117     0.00000
     3.71000     0.00001     0.00002    -0.00002     0.00000     0.00000     0.00000    -0.03111     0.00000
     3.71500     0.00001     0.00002    -0.00002     0.00000     0.00000     0.00000    -0.03104     0.00000
     3.72000     0.00001     0.00002    -0.00002     0.00000     0.00000     0.00000    -0.03098     0.00000
     3.72500     0.00001     0.00002    -0.00002     0.00000     0.00000     0.00000    -0.03091     0.00000
     3.73000     0.00001     0.00002    -0.00002     0.00000     0.00000     0.00000    -0.03084     0.00000
     3.73500     0.00001     0.00002    -0.00002     0.00000     0.00000     0.00000    -0.03078     0.00000
     3.74000     0.00001     0.00002    -0.00002     0.00000     0.00000     0.00000    -0.03071     0.00000
     3.74500     0.00001     0.00002    -0.00002     0.00000     0.00000     0.00000    -0.03065     0.00000
     3.75000     0.00001     0.00002    -0.00002     0.00000     0.00000     0.00000    -0.03059     0.00000
     3.75500     0.00001     0.00002    -0.00002     0.00000     0.00000     0.00000    -0.03052     0.00000
     3.76000     0.00001     0.00002    -0.00002     0.00000     0.00000     0.00000    -0.03046     0.00000
     3.76500     0.00001     0.00002    -0.00002     0.00000     0.00000     0.00000    -0.03039     0.00000
     3.77000     0.00001     0.00002    -0.00002     0.00000     0.00000     0.00000    -0.03033     0.00000
     3.77500     0.00001     0.00002    -0.00002     0.00000     0.00000     0.00000    -0.03027     0.00000
     3.78000     0.00001     0.00002    -0.00002     0.00000     0.00000     0.00000    -0.03020     0.00000
     3.78500     0.00001     0.00002    -0.00002     0.00000     0.00000     0.00000    -0.03014     0.00000
     3.79000     0.00001     0.00002    -0.00002     0.00000     0.00000     0.00000    -0.03008     0.00000
     3.79500     0.00001     0.00002    -0.00002     0.00000     0.00000     0.00000    -0.03001     0.00000
     3.80000     0.00001     0.00002    -0.00002     0.00000     0.00000     0.00000    -0.02995     0.00000
     3.80500     0.00001     0.00002    -0.00001     0.00000     0.00000     0.00000    -0.02989     0.00000
     3.81000     0.00001     0.00002    -0.00001     0.00000     0.00000     0.00000    -0.02983     0.00000
     3.81500     0.00001     0.00002    -0.00001     0.00000     0.00000     0.00000    -0.02977     0.00000
     3.82000     0.00001     0.00002    -0.00001     0.00000     0.00000     0.00000    -0.02970     0.00000
     3.82500     0.00001     0.00002    -0.00001     0.00000     0.00000     0.00000    -0.02964     0.00000
     3.83000     0.00001     0.00002    -0.00001     0.00000     0.00000     0.00000    -0.02958     0.00000
     3.83500     0.00001     0.00002    -0.00001     0.00000     0.00000     0.00000    -0.02952     0.00000
     3.84000     0.00001     0.00001    -0.00001     0.00000     0.00000     0.00000    -0.02946     0.00000
     3.84500     0.00001     0.00001    -0.00001     0.00000     0.00000     0.00000    -0.02940     0.00000
     3.85000     0.00001     0.00001    -0.00001     0.00000     0.00000     0.00000    -0.02934     0.00000
     3.85500     0.00001     0.00001    -0.00001     0.00000     0.00000     0.00000    -0.02928     0.00000
     3.86000     0.00001     0.00001    -0.00001     0.00000     0.00000     0.00000    -0.02922     0.00000
     3.86500     0.00001     0.00001    -0.00001     0.00000     0.00000     0.00000    -0.02916     0.00000
     3.87000     0.00001     0.00001    -0.00001     0.00000     0.00000     0.00000    -0.02910     0.00000
     3.87500     0.00001     0.00001    -0.00001     0.00000     0.00000     0.00000    -0.02904     0.00000
     3.88000     0.00001     0.00001    -0.00001     0.00000     0.00000     0.00000    -0.02898     0.00000
     3.88500     0.00001     0.00001    -0.00001     0.00000     0.00000     0.00000    -0.02892     0.00000
     3.89000     0.00000     0.00001    -0.00001     0.00000     0.00000     0.00000    -0.02886     0.00000
     3.89500     0.00000     0.00001    -0.00001     0.00000     0.00000     0.00000    -0.02880     0.00000
     3.90000     0.00000     0.00001    -0.00001     0.00000     0.00000     0.00000    -0.02874     0.00000
     3.90500     0.00000     0.00001    -0.00001     0.00000     0.00000     0.00000    -0.02868     0.00000
     3.91000     0.00000     0.00001    -0.00001     0.00000     0.00000     0.00000    -0.02862     0.00000
     3.91500     0.00000     0.00001    -0.00001     0.00000     0.00000     0.00000    -0.02857     0.00000
     3.92000     0.00000     0.00001    -0.00001     0.00000     0.00000     0.00000    -0.02851     0.00000
     3.92500     0.00000     0.00001    -0.00001     0.00000     0.00000     0.00000    -0.02845     0.00000
     3.93000     0.00000     0.00001    -0.00001     0.00000     0.00000     0.00000    -0.02839     0.00000
     3.93500     0.00000     0.00001    -0.00001     0.00000     0.00000     0.00000    -0.02834     0.00000
     3.94000     0.00000     0.00001    -0.00001     0.00000     0.00000     0.00000    -0.02828     0.00000
     3.94500     0.00000     0.00001    -0.00001     0.00000     0.00000     0.00000    -0.02822     0.00000
     3.95000     0.00000     0.00001    -0.00001     0.00000     0.00000     0.00000    -0.02816     0.00000
     3.95500     0.00000     0.00001    -0.00001     0.00000     0.00000     0.00000    -0.02811     0.00000
     3.96000     0.00000     0.00001    -0.00001     0.00000     0.00000     0.00000    -0.02805     0.00000
     3.96500     0.00000     0.00001    -0.00001     0.00000     0.00000     0.00000    -0.02799     0.00000
     3.97000     0.00000     0.00001    -0.00001     0.00000     0.00000     0.00000    -0.02794     0.00000
     3.97500     0.00000     0.00001    -0.00001     0.00000     0.00000     0.00000    -0.02788     0.00000
     3.98000     0.00000     0.00001    -0.00001     0.00000     0.00000     0.00000    -0.02783     0.00000
     3.98500     0.00000     0.00001    -0.00001     0.00000     0.00000     0.00000    -0.02777     0.00000
     3.99000     0.00000     0.00001    -0.00001     0.00000     0.00000     0.00000    -0.02771     0.00000
     3.99500     0.00000     0.00001    -0.00001     0.00000     0.00000     0.00000    -0.02766     0.00000
     4.00000     0.00000     0.00001    -0.00001     0.00000     0.00000     0.00000    -0.02760     0.00000
