 # D15_1675 FF
     0.00000     0.04743     0.10422    -0.20531     0.00000     0.00000     0.00000     0.00000     0.00000
     0.00500     0.04654     0.10239    -0.20139     0.00000     0.00000     0.00000     0.00000     0.00000
     0.01000     0.04567     0.10060    -0.19756     0.00000     0.00000     0.00000     0.00000     0.00000
     0.01500     0.04482     0.09884    -0.19382     0.00000     0.00000     0.00000     0.00000     0.00000
     0.02000     0.04398     0.09712    -0.19016     0.00000     0.00000     0.00000     0.00000     0.00000
     0.02500     0.04317     0.09544    -0.18659     0.00000     0.00000     0.00000     0.00000     0.00000
     0.03000     0.04237     0.09380    -0.18310     0.00000     0.00000     0.00000     0.00000     0.00000
     0.03500     0.04159     0.09219    -0.17968     0.00000     0.00000     0.00000     0.00000     0.00000
     0.04000     0.04083     0.09061    -0.17634     0.00000     0.00000     0.00000     0.00000     0.00000
     0.04500     0.04009     0.08907    -0.17307     0.00000     0.00000     0.00000     0.00000     0.00000
     0.05000     0.03936     0.08755    -0.16988     0.00000     0.00000     0.00000     0.00000     0.00000
     0.05500     0.03865     0.08607    -0.16676     0.00000     0.00000     0.00000     0.00000     0.00000
     0.06000     0.03796     0.08462    -0.16370     0.00000     0.00000     0.00000     0.00000     0.00000
     0.06500     0.03727     0.08320    -0.16071     0.00000     0.00000     0.00000     0.00000     0.00000
     0.07000     0.03661     0.08181    -0.15779     0.00000     0.00000     0.00000     0.00000     0.00000
     0.07500     0.03596     0.08044    -0.15492     0.00000     0.00000     0.00000     0.00000     0.00000
     0.08000     0.03532     0.07911    -0.15212     0.00000     0.00000     0.00000     0.00000     0.00000
     0.08500     0.03469     0.07780    -0.14938     0.00000     0.00000     0.00000     0.00000     0.00000
     0.09000     0.03408     0.07651    -0.14670     0.00000     0.00000     0.00000     0.00000     0.00000
     0.09500     0.03348     0.07525    -0.14407     0.00000     0.00000     0.00000     0.00000     0.00000
     0.10000     0.03290     0.07402    -0.14150     0.00000     0.00000     0.00000     0.00000     0.00000
     0.10500     0.03233     0.07281    -0.13898     0.00000     0.00000     0.00000     0.00000     0.00000
     0.11000     0.03176     0.07163    -0.13652     0.00000     0.00000     0.00000     0.00000     0.00000
     0.11500     0.03121     0.07046    -0.13410     0.00000     0.00000     0.00000     0.00000     0.00000
     0.12000     0.03067     0.06932    -0.13174     0.00000     0.00000     0.00000     0.00000     0.00000
     0.12500     0.03015     0.06820    -0.12943     0.00000     0.00000     0.00000     0.00000     0.00000
     0.13000     0.02963     0.06711    -0.12716     0.00000     0.00000     0.00000     0.00000     0.00000
     0.13500     0.02912     0.06603    -0.12494     0.00000     0.00000     0.00000     0.00000     0.00000
     0.14000     0.02863     0.06497    -0.12276     0.00000     0.00000     0.00000     0.00000     0.00000
     0.14500     0.02814     0.06394    -0.12063     0.00000     0.00000     0.00000     0.00000     0.00000
     0.15000     0.02766     0.06292    -0.11854     0.00000     0.00000     0.00000     0.00000     0.00000
     0.15500     0.02720     0.06192    -0.11649     0.00000     0.00000     0.00000     0.00000     0.00000
     0.16000     0.02674     0.06095    -0.11448     0.00000     0.00000     0.00000     0.00000     0.00000
     0.16500     0.02629     0.05999    -0.11251     0.00000     0.00000     0.00000     0.00000     0.00000
     0.17000     0.02585     0.05904    -0.11059     0.00000     0.00000     0.00000     0.00000     0.00000
     0.17500     0.02542     0.05812    -0.10870     0.00000     0.00000     0.00000     0.00000     0.00000
     0.18000     0.02499     0.05721    -0.10684     0.00000     0.00000     0.00000     0.00000     0.00000
     0.18500     0.02458     0.05632    -0.10503     0.00000     0.00000     0.00000     0.00000     0.00000
     0.19000     0.02417     0.05544    -0.10325     0.00000     0.00000     0.00000     0.00000     0.00000
     0.19500     0.02377     0.05458    -0.10150     0.00000     0.00000     0.00000     0.00000     0.00000
     0.20000     0.02338     0.05374    -0.09979     0.00000     0.00000     0.00000     0.00000     0.00000
     0.20500     0.02300     0.05291    -0.09811     0.00000     0.00000     0.00000     0.00000     0.00000
     0.21000     0.02262     0.05209    -0.09646     0.00000     0.00000     0.00000     0.00000     0.00000
     0.21500     0.02225     0.05130    -0.09485     0.00000     0.00000     0.00000     0.00000     0.00000
     0.22000     0.02189     0.05051    -0.09326     0.00000     0.00000     0.00000     0.00000     0.00000
     0.22500     0.02153     0.04974    -0.09171     0.00000     0.00000     0.00000     0.00000     0.00000
     0.23000     0.02118     0.04898    -0.09018     0.00000     0.00000     0.00000     0.00000     0.00000
     0.23500     0.02084     0.04824    -0.08869     0.00000     0.00000     0.00000     0.00000     0.00000
     0.24000     0.02051     0.04751    -0.08722     0.00000     0.00000     0.00000     0.00000     0.00000
     0.24500     0.02018     0.04679    -0.08578     0.00000     0.00000     0.00000     0.00000     0.00000
     0.25000     0.01985     0.04608    -0.08436     0.00000     0.00000     0.00000     0.00000     0.00000
     0.25500     0.01953     0.04539    -0.08298     0.00000     0.00000     0.00000     0.00000     0.00000
     0.26000     0.01922     0.04471    -0.08162     0.00000     0.00000     0.00000     0.00000     0.00000
     0.26500     0.01892     0.04404    -0.08028     0.00000     0.00000     0.00000     0.00000     0.00000
     0.27000     0.01861     0.04338    -0.07897     0.00000     0.00000     0.00000     0.00000     0.00000
     0.27500     0.01832     0.04273    -0.07768     0.00000     0.00000     0.00000     0.00000     0.00000
     0.28000     0.01803     0.04210    -0.07642     0.00000     0.00000     0.00000     0.00000     0.00000
     0.28500     0.01775     0.04147    -0.07518     0.00000     0.00000     0.00000     0.00000     0.00000
     0.29000     0.01747     0.04086    -0.07396     0.00000     0.00000     0.00000     0.00000     0.00000
     0.29500     0.01719     0.04025    -0.07277     0.00000     0.00000     0.00000     0.00000     0.00000
     0.30000     0.01692     0.03966    -0.07160     0.00000     0.00000     0.00000     0.00000     0.00000
     0.30500     0.01666     0.03907    -0.07044     0.00000     0.00000     0.00000     0.00000     0.00000
     0.31000     0.01640     0.03850    -0.06931     0.00000     0.00000     0.00000     0.00000     0.00000
     0.31500     0.01614     0.03793    -0.06820     0.00000     0.00000     0.00000     0.00000     0.00000
     0.32000     0.01589     0.03738    -0.06711     0.00000     0.00000     0.00000     0.00000     0.00000
     0.32500     0.01564     0.03683    -0.06604     0.00000     0.00000     0.00000     0.00000     0.00000
     0.33000     0.01540     0.03630    -0.06499     0.00000     0.00000     0.00000     0.00000     0.00000
     0.33500     0.01516     0.03577    -0.06395     0.00000     0.00000     0.00000     0.00000     0.00000
     0.34000     0.01493     0.03525    -0.06294     0.00000     0.00000     0.00000     0.00000     0.00000
     0.34500     0.01470     0.03474    -0.06194     0.00000     0.00000     0.00000     0.00000     0.00000
     0.35000     0.01448     0.03424    -0.06096     0.00000     0.00000     0.00000     0.00000     0.00000
     0.35500     0.01425     0.03374    -0.06000     0.00000     0.00000     0.00000     0.00000     0.00000
     0.36000     0.01404     0.03326    -0.05906     0.00000     0.00000     0.00000     0.00000     0.00000
     0.36500     0.01382     0.03278    -0.05813     0.00000     0.00000     0.00000     0.00000     0.00000
     0.37000     0.01361     0.03231    -0.05722     0.00000     0.00000     0.00000     0.00000     0.00000
     0.37500     0.01340     0.03185    -0.05632     0.00000     0.00000     0.00000     0.00000     0.00000
     0.38000     0.01320     0.03139    -0.05544     0.00000     0.00000     0.00000     0.00000     0.00000
     0.38500     0.01300     0.03094    -0.05457     0.00000     0.00000     0.00000     0.00000     0.00000
     0.39000     0.01280     0.03050    -0.05372     0.00000     0.00000     0.00000     0.00000     0.00000
     0.39500     0.01261     0.03007    -0.05289     0.00000     0.00000     0.00000     0.00000     0.00000
     0.40000     0.01242     0.02964    -0.05207     0.00000     0.00000     0.00000     0.00000     0.00000
     0.40500     0.01223     0.02922    -0.05126     0.00000     0.00000     0.00000     0.00000     0.00000
     0.41000     0.01205     0.02881    -0.05047     0.00000     0.00000     0.00000     0.00000     0.00000
     0.41500     0.01187     0.02840    -0.04969     0.00000     0.00000     0.00000     0.00000     0.00000
     0.42000     0.01169     0.02800    -0.04892     0.00000     0.00000     0.00000     0.00000     0.00000
     0.42500     0.01152     0.02761    -0.04817     0.00000     0.00000     0.00000     0.00000     0.00000
     0.43000     0.01135     0.02722    -0.04743     0.00000     0.00000     0.00000     0.00000     0.00000
     0.43500     0.01118     0.02684    -0.04670     0.00000     0.00000     0.00000     0.00000     0.00000
     0.44000     0.01101     0.02646    -0.04598     0.00000     0.00000     0.00000     0.00000     0.00000
     0.44500     0.01085     0.02609    -0.04528     0.00000     0.00000     0.00000     0.00000     0.00000
     0.45000     0.01069     0.02573    -0.04459     0.00000     0.00000     0.00000     0.00000     0.00000
     0.45500     0.01053     0.02537    -0.04391     0.00000     0.00000     0.00000     0.00000     0.00000
     0.46000     0.01038     0.02501    -0.04324     0.00000     0.00000     0.00000     0.00000     0.00000
     0.46500     0.01022     0.02467    -0.04258     0.00000     0.00000     0.00000     0.00000     0.00000
     0.47000     0.01007     0.02432    -0.04193     0.00000     0.00000     0.00000     0.00000     0.00000
     0.47500     0.00992     0.02399    -0.04130     0.00000     0.00000     0.00000     0.00000     0.00000
     0.48000     0.00978     0.02365    -0.04067     0.00000     0.00000     0.00000     0.00000     0.00000
     0.48500     0.00964     0.02333    -0.04006     0.00000     0.00000     0.00000     0.00000     0.00000
     0.49000     0.00950     0.02301    -0.03945     0.00000     0.00000     0.00000     0.00000     0.00000
     0.49500     0.00936     0.02269    -0.03886     0.00000     0.00000     0.00000     0.00000     0.00000
     0.50000     0.00922     0.02238    -0.03828     0.00000     0.00000     0.00000     0.00000     0.00000
     0.50500     0.00909     0.02207    -0.03770     0.00000     0.00000     0.00000     0.00000     0.00000
     0.51000     0.00896     0.02177    -0.03713     0.00000     0.00000     0.00000     0.00000     0.00000
     0.51500     0.00883     0.02147    -0.03658     0.00000     0.00000     0.00000     0.00000     0.00000
     0.52000     0.00870     0.02118    -0.03603     0.00000     0.00000     0.00000     0.00000     0.00000
     0.52500     0.00857     0.02089    -0.03549     0.00000     0.00000     0.00000     0.00000     0.00000
     0.53000     0.00845     0.02060    -0.03496     0.00000     0.00000     0.00000     0.00000     0.00000
     0.53500     0.00833     0.02032    -0.03444     0.00000     0.00000     0.00000     0.00000     0.00000
     0.54000     0.00821     0.02005    -0.03393     0.00000     0.00000     0.00000     0.00000     0.00000
     0.54500     0.00809     0.01977    -0.03343     0.00000     0.00000     0.00000     0.00000     0.00000
     0.55000     0.00797     0.01951    -0.03293     0.00000     0.00000     0.00000     0.00000     0.00000
     0.55500     0.00786     0.01924    -0.03244     0.00000     0.00000     0.00000     0.00000     0.00000
     0.56000     0.00775     0.01898    -0.03196     0.00000     0.00000     0.00000     0.00000     0.00000
     0.56500     0.00764     0.01873    -0.03149     0.00000     0.00000     0.00000     0.00000     0.00000
     0.57000     0.00753     0.01847    -0.03103     0.00000     0.00000     0.00000     0.00000     0.00000
     0.57500     0.00742     0.01822    -0.03057     0.00000     0.00000     0.00000     0.00000     0.00000
     0.58000     0.00731     0.01798    -0.03012     0.00000     0.00000     0.00000     0.00000     0.00000
     0.58500     0.00721     0.01774    -0.02968     0.00000     0.00000     0.00000     0.00000     0.00000
     0.59000     0.00711     0.01750    -0.02924     0.00000     0.00000     0.00000     0.00000     0.00000
     0.59500     0.00701     0.01727    -0.02881     0.00000     0.00000     0.00000     0.00000     0.00000
     0.60000     0.00691     0.01703    -0.02839     0.00000     0.00000     0.00000     0.00000     0.00000
     0.60500     0.00681     0.01681    -0.02797     0.00000     0.00000     0.00000     0.00000     0.00000
     0.61000     0.00672     0.01658    -0.02756     0.00000     0.00000     0.00000     0.00000     0.00000
     0.61500     0.00662     0.01636    -0.02716     0.00000     0.00000     0.00000     0.00000     0.00000
     0.62000     0.00653     0.01614    -0.02677     0.00000     0.00000     0.00000     0.00000     0.00000
     0.62500     0.00644     0.01593    -0.02638     0.00000     0.00000     0.00000     0.00000     0.00000
     0.63000     0.00635     0.01572    -0.02599     0.00000     0.00000     0.00000     0.00000     0.00000
     0.63500     0.00626     0.01551    -0.02562     0.00000     0.00000     0.00000     0.00000     0.00000
     0.64000     0.00617     0.01530    -0.02524     0.00000     0.00000     0.00000     0.00000     0.00000
     0.64500     0.00608     0.01510    -0.02488     0.00000     0.00000     0.00000     0.00000     0.00000
     0.65000     0.00600     0.01490    -0.02452     0.00000     0.00000     0.00000     0.00000     0.00000
     0.65500     0.00591     0.01470    -0.02416     0.00000     0.00000     0.00000     0.00000     0.00000
     0.66000     0.00583     0.01451    -0.02382     0.00000     0.00000     0.00000     0.00000     0.00000
     0.66500     0.00575     0.01432    -0.02347     0.00000     0.00000     0.00000     0.00000     0.00000
     0.67000     0.00567     0.01413    -0.02313     0.00000     0.00000     0.00000     0.00000     0.00000
     0.67500     0.00559     0.01394    -0.02280     0.00000     0.00000     0.00000     0.00000     0.00000
     0.68000     0.00551     0.01376    -0.02247     0.00000     0.00000     0.00000     0.00000     0.00000
     0.68500     0.00544     0.01358    -0.02215     0.00000     0.00000     0.00000     0.00000     0.00000
     0.69000     0.00536     0.01340    -0.02183     0.00000     0.00000     0.00000     0.00000     0.00000
     0.69500     0.00529     0.01323    -0.02152     0.00000     0.00000     0.00000     0.00000     0.00000
     0.70000     0.00522     0.01305    -0.02121     0.00000     0.00000     0.00000     0.00000     0.00000
     0.70500     0.00514     0.01288    -0.02091     0.00000     0.00000     0.00000     0.00000     0.00000
     0.71000     0.00507     0.01272    -0.02061     0.00000     0.00000     0.00000     0.00000     0.00000
     0.71500     0.00500     0.01255    -0.02032     0.00000     0.00000     0.00000     0.00000     0.00000
     0.72000     0.00493     0.01239    -0.02003     0.00000     0.00000     0.00000     0.00000     0.00000
     0.72500     0.00487     0.01223    -0.01974     0.00000     0.00000     0.00000     0.00000     0.00000
     0.73000     0.00480     0.01207    -0.01946     0.00000     0.00000     0.00000     0.00000     0.00000
     0.73500     0.00473     0.01191    -0.01919     0.00000     0.00000     0.00000     0.00000     0.00000
     0.74000     0.00467     0.01176    -0.01891     0.00000     0.00000     0.00000     0.00000     0.00000
     0.74500     0.00461     0.01160    -0.01865     0.00000     0.00000     0.00000     0.00000     0.00000
     0.75000     0.00454     0.01145    -0.01838     0.00000     0.00000     0.00000     0.00000     0.00000
     0.75500     0.00448     0.01131    -0.01812     0.00000     0.00000     0.00000     0.00000     0.00000
     0.76000     0.00442     0.01116    -0.01787     0.00000     0.00000     0.00000     0.00000     0.00000
     0.76500     0.00436     0.01102    -0.01761     0.00000     0.00000     0.00000     0.00000     0.00000
     0.77000     0.00430     0.01087    -0.01737     0.00000     0.00000     0.00000     0.00000     0.00000
     0.77500     0.00424     0.01073    -0.01712     0.00000     0.00000     0.00000     0.00000     0.00000
     0.78000     0.00419     0.01060    -0.01688     0.00000     0.00000     0.00000     0.00000     0.00000
     0.78500     0.00413     0.01046    -0.01664     0.00000     0.00000     0.00000     0.00000     0.00000
     0.79000     0.00407     0.01033    -0.01641     0.00000     0.00000     0.00000     0.00000     0.00000
     0.79500     0.00402     0.01019    -0.01618     0.00000     0.00000     0.00000     0.00000     0.00000
     0.80000     0.00396     0.01006    -0.01595     0.00000     0.00000     0.00000     0.00000     0.00000
     0.80500     0.00391     0.00993    -0.01573     0.00000     0.00000     0.00000     0.00000     0.00000
     0.81000     0.00386     0.00981    -0.01551     0.00000     0.00000     0.00000     0.00000     0.00000
     0.81500     0.00381     0.00968    -0.01529     0.00000     0.00000     0.00000     0.00000     0.00000
     0.82000     0.00375     0.00956    -0.01508     0.00000     0.00000     0.00000     0.00000     0.00000
     0.82500     0.00370     0.00944    -0.01487     0.00000     0.00000     0.00000     0.00000     0.00000
     0.83000     0.00365     0.00932    -0.01466     0.00000     0.00000     0.00000     0.00000     0.00000
     0.83500     0.00361     0.00920    -0.01446     0.00000     0.00000     0.00000     0.00000     0.00000
     0.84000     0.00356     0.00908    -0.01425     0.00000     0.00000     0.00000     0.00000     0.00000
     0.84500     0.00351     0.00896    -0.01406     0.00000     0.00000     0.00000     0.00000     0.00000
     0.85000     0.00346     0.00885    -0.01386     0.00000     0.00000     0.00000     0.00000     0.00000
     0.85500     0.00342     0.00874    -0.01367     0.00000     0.00000     0.00000     0.00000     0.00000
     0.86000     0.00337     0.00863    -0.01348     0.00000     0.00000     0.00000     0.00000     0.00000
     0.86500     0.00333     0.00852    -0.01329     0.00000     0.00000     0.00000     0.00000     0.00000
     0.87000     0.00328     0.00841    -0.01311     0.00000     0.00000     0.00000     0.00000     0.00000
     0.87500     0.00324     0.00830    -0.01293     0.00000     0.00000     0.00000     0.00000     0.00000
     0.88000     0.00319     0.00820    -0.01275     0.00000     0.00000     0.00000     0.00000     0.00000
     0.88500     0.00315     0.00810    -0.01257     0.00000     0.00000     0.00000     0.00000     0.00000
     0.89000     0.00311     0.00799    -0.01240     0.00000     0.00000     0.00000     0.00000     0.00000
     0.89500     0.00307     0.00789    -0.01223     0.00000     0.00000     0.00000     0.00000     0.00000
     0.90000     0.00303     0.00779    -0.01206     0.00000     0.00000     0.00000     0.00000     0.00000
     0.90500     0.00299     0.00770    -0.01189     0.00000     0.00000     0.00000     0.00000     0.00000
     0.91000     0.00295     0.00760    -0.01173     0.00000     0.00000     0.00000     0.00000     0.00000
     0.91500     0.00291     0.00750    -0.01157     0.00000     0.00000     0.00000     0.00000     0.00000
     0.92000     0.00287     0.00741    -0.01141     0.00000     0.00000     0.00000     0.00000     0.00000
     0.92500     0.00283     0.00732    -0.01125     0.00000     0.00000     0.00000     0.00000     0.00000
     0.93000     0.00280     0.00722    -0.01110     0.00000     0.00000     0.00000     0.00000     0.00000
     0.93500     0.00276     0.00713    -0.01095     0.00000     0.00000     0.00000     0.00000     0.00000
     0.94000     0.00272     0.00704    -0.01080     0.00000     0.00000     0.00000     0.00000     0.00000
     0.94500     0.00269     0.00696    -0.01065     0.00000     0.00000     0.00000     0.00000     0.00000
     0.95000     0.00265     0.00687    -0.01051     0.00000     0.00000     0.00000     0.00000     0.00000
     0.95500     0.00262     0.00678    -0.01036     0.00000     0.00000     0.00000     0.00000     0.00000
     0.96000     0.00258     0.00670    -0.01022     0.00000     0.00000     0.00000     0.00000     0.00000
     0.96500     0.00255     0.00662    -0.01008     0.00000     0.00000     0.00000     0.00000     0.00000
     0.97000     0.00252     0.00653    -0.00994     0.00000     0.00000     0.00000     0.00000     0.00000
     0.97500     0.00248     0.00645    -0.00981     0.00000     0.00000     0.00000     0.00000     0.00000
     0.98000     0.00245     0.00637    -0.00968     0.00000     0.00000     0.00000     0.00000     0.00000
     0.98500     0.00242     0.00629    -0.00954     0.00000     0.00000     0.00000     0.00000     0.00000
     0.99000     0.00239     0.00621    -0.00942     0.00000     0.00000     0.00000     0.00000     0.00000
     0.99500     0.00236     0.00614    -0.00929     0.00000     0.00000     0.00000     0.00000     0.00000
     1.00000     0.00233     0.00606    -0.00916     0.00000     0.00000     0.00000     0.00000     0.00000
     1.00500     0.00230     0.00599    -0.00904     0.00000     0.00000     0.00000     0.00000     0.00000
     1.01000     0.00227     0.00591    -0.00892     0.00000     0.00000     0.00000     0.00000     0.00000
     1.01500     0.00224     0.00584    -0.00879     0.00000     0.00000     0.00000     0.00000     0.00000
     1.02000     0.00221     0.00577    -0.00868     0.00000     0.00000     0.00000     0.00000     0.00000
     1.02500     0.00218     0.00570    -0.00856     0.00000     0.00000     0.00000     0.00000     0.00000
     1.03000     0.00215     0.00563    -0.00844     0.00000     0.00000     0.00000     0.00000     0.00000
     1.03500     0.00212     0.00556    -0.00833     0.00000     0.00000     0.00000     0.00000     0.00000
     1.04000     0.00209     0.00549    -0.00822     0.00000     0.00000     0.00000     0.00000     0.00000
     1.04500     0.00207     0.00542    -0.00811     0.00000     0.00000     0.00000     0.00000     0.00000
     1.05000     0.00204     0.00535    -0.00800     0.00000     0.00000     0.00000     0.00000     0.00000
     1.05500     0.00201     0.00529    -0.00789     0.00000     0.00000     0.00000     0.00000     0.00000
     1.06000     0.00199     0.00522    -0.00778     0.00000     0.00000     0.00000     0.00000     0.00000
     1.06500     0.00196     0.00516    -0.00768     0.00000     0.00000     0.00000     0.00000     0.00000
     1.07000     0.00194     0.00510    -0.00758     0.00000     0.00000     0.00000     0.00000     0.00000
     1.07500     0.00191     0.00503    -0.00748     0.00000     0.00000     0.00000     0.00000     0.00000
     1.08000     0.00189     0.00497    -0.00738     0.00000     0.00000     0.00000     0.00000     0.00000
     1.08500     0.00186     0.00491    -0.00728     0.00000     0.00000     0.00000     0.00000     0.00000
     1.09000     0.00184     0.00485    -0.00718     0.00000     0.00000     0.00000     0.00000     0.00000
     1.09500     0.00182     0.00479    -0.00708     0.00000     0.00000     0.00000     0.00000     0.00000
     1.10000     0.00179     0.00473    -0.00699     0.00000     0.00000     0.00000     0.00000     0.00000
     1.10500     0.00177     0.00467    -0.00690     0.00000     0.00000     0.00000     0.00000     0.00000
     1.11000     0.00175     0.00462    -0.00680     0.00000     0.00000     0.00000     0.00000     0.00000
     1.11500     0.00172     0.00456    -0.00671     0.00000     0.00000     0.00000     0.00000     0.00000
     1.12000     0.00170     0.00451    -0.00662     0.00000     0.00000     0.00000     0.00000     0.00000
     1.12500     0.00168     0.00445    -0.00654     0.00000     0.00000     0.00000     0.00000     0.00000
     1.13000     0.00166     0.00440    -0.00645     0.00000     0.00000     0.00000     0.00000     0.00000
     1.13500     0.00164     0.00434    -0.00636     0.00000     0.00000     0.00000     0.00000     0.00000
     1.14000     0.00162     0.00429    -0.00628     0.00000     0.00000     0.00000     0.00000     0.00000
     1.14500     0.00160     0.00424    -0.00619     0.00000     0.00000     0.00000     0.00000     0.00000
     1.15000     0.00158     0.00419    -0.00611     0.00000     0.00000     0.00000     0.00000     0.00000
     1.15500     0.00156     0.00414    -0.00603     0.00000     0.00000     0.00000     0.00000     0.00000
     1.16000     0.00154     0.00408    -0.00595     0.00000     0.00000     0.00000     0.00000     0.00000
     1.16500     0.00152     0.00404    -0.00587     0.00000     0.00000     0.00000     0.00000     0.00000
     1.17000     0.00150     0.00399    -0.00580     0.00000     0.00000     0.00000     0.00000     0.00000
     1.17500     0.00148     0.00394    -0.00572     0.00000     0.00000     0.00000     0.00000     0.00000
     1.18000     0.00146     0.00389    -0.00564     0.00000     0.00000     0.00000     0.00000     0.00000
     1.18500     0.00144     0.00384    -0.00557     0.00000     0.00000     0.00000     0.00000     0.00000
     1.19000     0.00142     0.00380    -0.00549     0.00000     0.00000     0.00000     0.00000     0.00000
     1.19500     0.00141     0.00375    -0.00542     0.00000     0.00000     0.00000     0.00000     0.00000
     1.20000     0.00139     0.00371    -0.00535     0.00000     0.00000     0.00000     0.00000     0.00000
     1.20500     0.00137     0.00366    -0.00528     0.00000     0.00000     0.00000     0.00000     0.00000
     1.21000     0.00135     0.00362    -0.00521     0.00000     0.00000     0.00000     0.00000     0.00000
     1.21500     0.00134     0.00357    -0.00514     0.00000     0.00000     0.00000     0.00000     0.00000
     1.22000     0.00132     0.00353    -0.00507     0.00000     0.00000     0.00000     0.00000     0.00000
     1.22500     0.00130     0.00349    -0.00501     0.00000     0.00000     0.00000     0.00000     0.00000
     1.23000     0.00129     0.00345    -0.00494     0.00000     0.00000     0.00000     0.00000     0.00000
     1.23500     0.00127     0.00340    -0.00488     0.00000     0.00000     0.00000     0.00000     0.00000
     1.24000     0.00125     0.00336    -0.00481     0.00000     0.00000     0.00000     0.00000     0.00000
     1.24500     0.00124     0.00332    -0.00475     0.00000     0.00000     0.00000     0.00000     0.00000
     1.25000     0.00122     0.00328    -0.00469     0.00000     0.00000     0.00000     0.00000     0.00000
     1.25500     0.00121     0.00324    -0.00463     0.00000     0.00000     0.00000     0.00000     0.00000
     1.26000     0.00119     0.00320    -0.00457     0.00000     0.00000     0.00000     0.00000     0.00000
     1.26500     0.00118     0.00317    -0.00451     0.00000     0.00000     0.00000     0.00000     0.00000
     1.27000     0.00116     0.00313    -0.00445     0.00000     0.00000     0.00000     0.00000     0.00000
     1.27500     0.00115     0.00309    -0.00439     0.00000     0.00000     0.00000     0.00000     0.00000
     1.28000     0.00113     0.00305    -0.00433     0.00000     0.00000     0.00000     0.00000     0.00000
     1.28500     0.00112     0.00302    -0.00428     0.00000     0.00000     0.00000     0.00000     0.00000
     1.29000     0.00110     0.00298    -0.00422     0.00000     0.00000     0.00000     0.00000     0.00000
     1.29500     0.00109     0.00295    -0.00416     0.00000     0.00000     0.00000     0.00000     0.00000
     1.30000     0.00108     0.00291    -0.00411     0.00000     0.00000     0.00000     0.00000     0.00000
     1.30500     0.00106     0.00288    -0.00406     0.00000     0.00000     0.00000     0.00000     0.00000
     1.31000     0.00105     0.00284    -0.00400     0.00000     0.00000     0.00000     0.00000     0.00000
     1.31500     0.00104     0.00281    -0.00395     0.00000     0.00000     0.00000     0.00000     0.00000
     1.32000     0.00102     0.00277    -0.00390     0.00000     0.00000     0.00000     0.00000     0.00000
     1.32500     0.00101     0.00274    -0.00385     0.00000     0.00000     0.00000     0.00000     0.00000
     1.33000     0.00100     0.00271    -0.00380     0.00000     0.00000     0.00000     0.00000     0.00000
     1.33500     0.00099     0.00268    -0.00375     0.00000     0.00000     0.00000     0.00000     0.00000
     1.34000     0.00097     0.00264    -0.00370     0.00000     0.00000     0.00000     0.00000     0.00000
     1.34500     0.00096     0.00261    -0.00365     0.00000     0.00000     0.00000     0.00000     0.00000
     1.35000     0.00095     0.00258    -0.00361     0.00000     0.00000     0.00000     0.00000     0.00000
     1.35500     0.00094     0.00255    -0.00356     0.00000     0.00000     0.00000     0.00000     0.00000
     1.36000     0.00093     0.00252    -0.00351     0.00000     0.00000     0.00000     0.00000     0.00000
     1.36500     0.00092     0.00249    -0.00347     0.00000     0.00000     0.00000     0.00000     0.00000
     1.37000     0.00090     0.00246    -0.00342     0.00000     0.00000     0.00000     0.00000     0.00000
     1.37500     0.00089     0.00243    -0.00338     0.00000     0.00000     0.00000     0.00000     0.00000
     1.38000     0.00088     0.00240    -0.00334     0.00000     0.00000     0.00000     0.00000     0.00000
     1.38500     0.00087     0.00237    -0.00329     0.00000     0.00000     0.00000     0.00000     0.00000
     1.39000     0.00086     0.00235    -0.00325     0.00000     0.00000     0.00000     0.00000     0.00000
     1.39500     0.00085     0.00232    -0.00321     0.00000     0.00000     0.00000     0.00000     0.00000
     1.40000     0.00084     0.00229    -0.00317     0.00000     0.00000     0.00000     0.00000     0.00000
     1.40500     0.00083     0.00226    -0.00313     0.00000     0.00000     0.00000     0.00000     0.00000
     1.41000     0.00082     0.00224    -0.00309     0.00000     0.00000     0.00000     0.00000     0.00000
     1.41500     0.00081     0.00221    -0.00305     0.00000     0.00000     0.00000     0.00000     0.00000
     1.42000     0.00080     0.00218    -0.00301     0.00000     0.00000     0.00000     0.00000     0.00000
     1.42500     0.00079     0.00216    -0.00297     0.00000     0.00000     0.00000     0.00000     0.00000
     1.43000     0.00078     0.00213    -0.00293     0.00000     0.00000     0.00000     0.00000     0.00000
     1.43500     0.00077     0.00211    -0.00289     0.00000     0.00000     0.00000     0.00000     0.00000
     1.44000     0.00076     0.00208    -0.00286     0.00000     0.00000     0.00000     0.00000     0.00000
     1.44500     0.00075     0.00206    -0.00282     0.00000     0.00000     0.00000     0.00000     0.00000
     1.45000     0.00074     0.00203    -0.00278     0.00000     0.00000     0.00000     0.00000     0.00000
     1.45500     0.00073     0.00201    -0.00275     0.00000     0.00000     0.00000     0.00000     0.00000
     1.46000     0.00072     0.00199    -0.00271     0.00000     0.00000     0.00000     0.00000     0.00000
     1.46500     0.00071     0.00196    -0.00268     0.00000     0.00000     0.00000     0.00000     0.00000
     1.47000     0.00071     0.00194    -0.00264     0.00000     0.00000     0.00000     0.00000     0.00000
     1.47500     0.00070     0.00192    -0.00261     0.00000     0.00000     0.00000     0.00000     0.00000
     1.48000     0.00069     0.00190    -0.00258     0.00000     0.00000     0.00000     0.00000     0.00000
     1.48500     0.00068     0.00187    -0.00254     0.00000     0.00000     0.00000     0.00000     0.00000
     1.49000     0.00067     0.00185    -0.00251     0.00000     0.00000     0.00000     0.00000     0.00000
     1.49500     0.00066     0.00183    -0.00248     0.00000     0.00000     0.00000     0.00000     0.00000
     1.50000     0.00066     0.00181    -0.00245     0.00000     0.00000     0.00000     0.00000     0.00000
     1.50500     0.00065     0.00179    -0.00242     0.00000     0.00000     0.00000     0.00000     0.00000
     1.51000     0.00064     0.00177    -0.00238     0.00000     0.00000     0.00000     0.00000     0.00000
     1.51500     0.00063     0.00174    -0.00235     0.00000     0.00000     0.00000     0.00000     0.00000
     1.52000     0.00062     0.00172    -0.00232     0.00000     0.00000     0.00000     0.00000     0.00000
     1.52500     0.00062     0.00170    -0.00229     0.00000     0.00000     0.00000     0.00000     0.00000
     1.53000     0.00061     0.00168    -0.00227     0.00000     0.00000     0.00000     0.00000     0.00000
     1.53500     0.00060     0.00166    -0.00224     0.00000     0.00000     0.00000     0.00000     0.00000
     1.54000     0.00059     0.00165    -0.00221     0.00000     0.00000     0.00000     0.00000     0.00000
     1.54500     0.00059     0.00163    -0.00218     0.00000     0.00000     0.00000     0.00000     0.00000
     1.55000     0.00058     0.00161    -0.00215     0.00000     0.00000     0.00000     0.00000     0.00000
     1.55500     0.00057     0.00159    -0.00212     0.00000     0.00000     0.00000     0.00000     0.00000
     1.56000     0.00057     0.00157    -0.00210     0.00000     0.00000     0.00000     0.00000     0.00000
     1.56500     0.00056     0.00155    -0.00207     0.00000     0.00000     0.00000     0.00000     0.00000
     1.57000     0.00055     0.00153    -0.00204     0.00000     0.00000     0.00000     0.00000     0.00000
     1.57500     0.00054     0.00152    -0.00202     0.00000     0.00000     0.00000     0.00000     0.00000
     1.58000     0.00054     0.00150    -0.00199     0.00000     0.00000     0.00000     0.00000     0.00000
     1.58500     0.00053     0.00148    -0.00197     0.00000     0.00000     0.00000     0.00000     0.00000
     1.59000     0.00053     0.00146    -0.00194     0.00000     0.00000     0.00000     0.00000     0.00000
     1.59500     0.00052     0.00145    -0.00192     0.00000     0.00000     0.00000     0.00000     0.00000
     1.60000     0.00051     0.00143    -0.00189     0.00000     0.00000     0.00000     0.00000     0.00000
     1.60500     0.00051     0.00141    -0.00187     0.00000     0.00000     0.00000     0.00000     0.00000
     1.61000     0.00050     0.00140    -0.00185     0.00000     0.00000     0.00000     0.00000     0.00000
     1.61500     0.00049     0.00138    -0.00182     0.00000     0.00000     0.00000     0.00000     0.00000
     1.62000     0.00049     0.00136    -0.00180     0.00000     0.00000     0.00000     0.00000     0.00000
     1.62500     0.00048     0.00135    -0.00178     0.00000     0.00000     0.00000     0.00000     0.00000
     1.63000     0.00048     0.00133    -0.00176     0.00000     0.00000     0.00000     0.00000     0.00000
     1.63500     0.00047     0.00132    -0.00173     0.00000     0.00000     0.00000     0.00000     0.00000
     1.64000     0.00047     0.00130    -0.00171     0.00000     0.00000     0.00000     0.00000     0.00000
     1.64500     0.00046     0.00129    -0.00169     0.00000     0.00000     0.00000     0.00000     0.00000
     1.65000     0.00045     0.00127    -0.00167     0.00000     0.00000     0.00000     0.00000     0.00000
     1.65500     0.00045     0.00126    -0.00165     0.00000     0.00000     0.00000     0.00000     0.00000
     1.66000     0.00044     0.00124    -0.00163     0.00000     0.00000     0.00000     0.00000     0.00000
     1.66500     0.00044     0.00123    -0.00161     0.00000     0.00000     0.00000     0.00000     0.00000
     1.67000     0.00043     0.00121    -0.00159     0.00000     0.00000     0.00000     0.00000     0.00000
     1.67500     0.00043     0.00120    -0.00157     0.00000     0.00000     0.00000     0.00000     0.00000
     1.68000     0.00042     0.00119    -0.00155     0.00000     0.00000     0.00000     0.00000     0.00000
     1.68500     0.00042     0.00117    -0.00153     0.00000     0.00000     0.00000     0.00000     0.00000
     1.69000     0.00041     0.00116    -0.00151     0.00000     0.00000     0.00000     0.00000     0.00000
     1.69500     0.00041     0.00115    -0.00149     0.00000     0.00000     0.00000     0.00000     0.00000
     1.70000     0.00040     0.00113    -0.00147     0.00000     0.00000     0.00000     0.00000     0.00000
     1.70500     0.00040     0.00112    -0.00145     0.00000     0.00000     0.00000     0.00000     0.00000
     1.71000     0.00039     0.00111    -0.00143     0.00000     0.00000     0.00000     0.00000     0.00000
     1.71500     0.00039     0.00109    -0.00142     0.00000     0.00000     0.00000     0.00000     0.00000
     1.72000     0.00038     0.00108    -0.00140     0.00000     0.00000     0.00000     0.00000     0.00000
     1.72500     0.00038     0.00107    -0.00138     0.00000     0.00000     0.00000     0.00000     0.00000
     1.73000     0.00037     0.00106    -0.00136     0.00000     0.00000     0.00000     0.00000     0.00000
     1.73500     0.00037     0.00104    -0.00135     0.00000     0.00000     0.00000     0.00000     0.00000
     1.74000     0.00037     0.00103    -0.00133     0.00000     0.00000     0.00000     0.00000     0.00000
     1.74500     0.00036     0.00102    -0.00131     0.00000     0.00000     0.00000     0.00000     0.00000
     1.75000     0.00036     0.00101    -0.00130     0.00000     0.00000     0.00000     0.00000     0.00000
     1.75500     0.00035     0.00100    -0.00128     0.00000     0.00000     0.00000     0.00000     0.00000
     1.76000     0.00035     0.00099    -0.00126     0.00000     0.00000     0.00000     0.00000     0.00000
     1.76500     0.00034     0.00097    -0.00125     0.00000     0.00000     0.00000     0.00000     0.00000
     1.77000     0.00034     0.00096    -0.00123     0.00000     0.00000     0.00000     0.00000     0.00000
     1.77500     0.00034     0.00095    -0.00122     0.00000     0.00000     0.00000     0.00000     0.00000
     1.78000     0.00033     0.00094    -0.00120     0.00000     0.00000     0.00000     0.00000     0.00000
     1.78500     0.00033     0.00093    -0.00119     0.00000     0.00000     0.00000     0.00000     0.00000
     1.79000     0.00032     0.00092    -0.00117     0.00000     0.00000     0.00000     0.00000     0.00000
     1.79500     0.00032     0.00091    -0.00116     0.00000     0.00000     0.00000     0.00000     0.00000
     1.80000     0.00032     0.00090    -0.00114     0.00000     0.00000     0.00000     0.00000     0.00000
     1.80500     0.00031     0.00089    -0.00113     0.00000     0.00000     0.00000     0.00000     0.00000
     1.81000     0.00031     0.00088    -0.00112     0.00000     0.00000     0.00000     0.00000     0.00000
     1.81500     0.00030     0.00087    -0.00110     0.00000     0.00000     0.00000     0.00000     0.00000
     1.82000     0.00030     0.00086    -0.00109     0.00000     0.00000     0.00000     0.00000     0.00000
     1.82500     0.00030     0.00085    -0.00107     0.00000     0.00000     0.00000     0.00000     0.00000
     1.83000     0.00029     0.00084    -0.00106     0.00000     0.00000     0.00000     0.00000     0.00000
     1.83500     0.00029     0.00083    -0.00105     0.00000     0.00000     0.00000     0.00000     0.00000
     1.84000     0.00029     0.00082    -0.00103     0.00000     0.00000     0.00000     0.00000     0.00000
     1.84500     0.00028     0.00081    -0.00102     0.00000     0.00000     0.00000     0.00000     0.00000
     1.85000     0.00028     0.00080    -0.00101     0.00000     0.00000     0.00000     0.00000     0.00000
     1.85500     0.00028     0.00079    -0.00100     0.00000     0.00000     0.00000     0.00000     0.00000
     1.86000     0.00027     0.00078    -0.00098     0.00000     0.00000     0.00000     0.00000     0.00000
     1.86500     0.00027     0.00077    -0.00097     0.00000     0.00000     0.00000     0.00000     0.00000
     1.87000     0.00027     0.00076    -0.00096     0.00000     0.00000     0.00000     0.00000     0.00000
     1.87500     0.00026     0.00076    -0.00095     0.00000     0.00000     0.00000     0.00000     0.00000
     1.88000     0.00026     0.00075    -0.00094     0.00000     0.00000     0.00000     0.00000     0.00000
     1.88500     0.00026     0.00074    -0.00092     0.00000     0.00000     0.00000     0.00000     0.00000
     1.89000     0.00025     0.00073    -0.00091     0.00000     0.00000     0.00000     0.00000     0.00000
     1.89500     0.00025     0.00072    -0.00090     0.00000     0.00000     0.00000     0.00000     0.00000
     1.90000     0.00025     0.00071    -0.00089     0.00000     0.00000     0.00000     0.00000     0.00000
     1.90500     0.00025     0.00071    -0.00088     0.00000     0.00000     0.00000     0.00000     0.00000
     1.91000     0.00024     0.00070    -0.00087     0.00000     0.00000     0.00000     0.00000     0.00000
     1.91500     0.00024     0.00069    -0.00086     0.00000     0.00000     0.00000     0.00000     0.00000
     1.92000     0.00024     0.00068    -0.00085     0.00000     0.00000     0.00000     0.00000     0.00000
     1.92500     0.00023     0.00067    -0.00084     0.00000     0.00000     0.00000     0.00000     0.00000
     1.93000     0.00023     0.00067    -0.00083     0.00000     0.00000     0.00000     0.00000     0.00000
     1.93500     0.00023     0.00066    -0.00082     0.00000     0.00000     0.00000     0.00000     0.00000
     1.94000     0.00023     0.00065    -0.00081     0.00000     0.00000     0.00000     0.00000     0.00000
     1.94500     0.00022     0.00064    -0.00080     0.00000     0.00000     0.00000     0.00000     0.00000
     1.95000     0.00022     0.00064    -0.00079     0.00000     0.00000     0.00000     0.00000     0.00000
     1.95500     0.00022     0.00063    -0.00078     0.00000     0.00000     0.00000     0.00000     0.00000
     1.96000     0.00022     0.00062    -0.00077     0.00000     0.00000     0.00000     0.00000     0.00000
     1.96500     0.00021     0.00061    -0.00076     0.00000     0.00000     0.00000     0.00000     0.00000
     1.97000     0.00021     0.00061    -0.00075     0.00000     0.00000     0.00000     0.00000     0.00000
     1.97500     0.00021     0.00060    -0.00074     0.00000     0.00000     0.00000     0.00000     0.00000
     1.98000     0.00021     0.00059    -0.00073     0.00000     0.00000     0.00000     0.00000     0.00000
     1.98500     0.00020     0.00059    -0.00072     0.00000     0.00000     0.00000     0.00000     0.00000
     1.99000     0.00020     0.00058    -0.00071     0.00000     0.00000     0.00000     0.00000     0.00000
     1.99500     0.00020     0.00057    -0.00070     0.00000     0.00000     0.00000     0.00000     0.00000
     2.00000     0.00020     0.00057    -0.00070     0.00000     0.00000     0.00000     0.00000     0.00000
     2.00500     0.00019     0.00056    -0.00069     0.00000     0.00000     0.00000     0.00000     0.00000
     2.01000     0.00019     0.00055    -0.00068     0.00000     0.00000     0.00000     0.00000     0.00000
     2.01500     0.00019     0.00055    -0.00067     0.00000     0.00000     0.00000     0.00000     0.00000
     2.02000     0.00019     0.00054    -0.00066     0.00000     0.00000     0.00000     0.00000     0.00000
     2.02500     0.00018     0.00054    -0.00065     0.00000     0.00000     0.00000     0.00000     0.00000
     2.03000     0.00018     0.00053    -0.00065     0.00000     0.00000     0.00000     0.00000     0.00000
     2.03500     0.00018     0.00052    -0.00064     0.00000     0.00000     0.00000     0.00000     0.00000
     2.04000     0.00018     0.00052    -0.00063     0.00000     0.00000     0.00000     0.00000     0.00000
     2.04500     0.00018     0.00051    -0.00062     0.00000     0.00000     0.00000     0.00000     0.00000
     2.05000     0.00017     0.00051    -0.00061     0.00000     0.00000     0.00000     0.00000     0.00000
     2.05500     0.00017     0.00050    -0.00061     0.00000     0.00000     0.00000     0.00000     0.00000
     2.06000     0.00017     0.00050    -0.00060     0.00000     0.00000     0.00000     0.00000     0.00000
     2.06500     0.00017     0.00049    -0.00059     0.00000     0.00000     0.00000     0.00000     0.00000
     2.07000     0.00017     0.00048    -0.00059     0.00000     0.00000     0.00000     0.00000     0.00000
     2.07500     0.00016     0.00048    -0.00058     0.00000     0.00000     0.00000     0.00000     0.00000
     2.08000     0.00016     0.00047    -0.00057     0.00000     0.00000     0.00000     0.00000     0.00000
     2.08500     0.00016     0.00047    -0.00056     0.00000     0.00000     0.00000     0.00000     0.00000
     2.09000     0.00016     0.00046    -0.00056     0.00000     0.00000     0.00000     0.00000     0.00000
     2.09500     0.00016     0.00046    -0.00055     0.00000     0.00000     0.00000     0.00000     0.00000
     2.10000     0.00016     0.00045    -0.00054     0.00000     0.00000     0.00000     0.00000     0.00000
     2.10500     0.00015     0.00045    -0.00054     0.00000     0.00000     0.00000     0.00000     0.00000
     2.11000     0.00015     0.00044    -0.00053     0.00000     0.00000     0.00000     0.00000     0.00000
     2.11500     0.00015     0.00044    -0.00052     0.00000     0.00000     0.00000     0.00000     0.00000
     2.12000     0.00015     0.00043    -0.00052     0.00000     0.00000     0.00000     0.00000     0.00000
     2.12500     0.00015     0.00043    -0.00051     0.00000     0.00000     0.00000     0.00000     0.00000
     2.13000     0.00014     0.00042    -0.00050     0.00000     0.00000     0.00000     0.00000     0.00000
     2.13500     0.00014     0.00042    -0.00050     0.00000     0.00000     0.00000     0.00000     0.00000
     2.14000     0.00014     0.00041    -0.00049     0.00000     0.00000     0.00000     0.00000     0.00000
     2.14500     0.00014     0.00041    -0.00049     0.00000     0.00000     0.00000     0.00000     0.00000
     2.15000     0.00014     0.00040    -0.00048     0.00000     0.00000     0.00000     0.00000     0.00000
     2.15500     0.00014     0.00040    -0.00047     0.00000     0.00000     0.00000     0.00000     0.00000
     2.16000     0.00013     0.00039    -0.00047     0.00000     0.00000     0.00000     0.00000     0.00000
     2.16500     0.00013     0.00039    -0.00046     0.00000     0.00000     0.00000     0.00000     0.00000
     2.17000     0.00013     0.00039    -0.00046     0.00000     0.00000     0.00000     0.00000     0.00000
     2.17500     0.00013     0.00038    -0.00045     0.00000     0.00000     0.00000     0.00000     0.00000
     2.18000     0.00013     0.00038    -0.00045     0.00000     0.00000     0.00000     0.00000     0.00000
     2.18500     0.00013     0.00037    -0.00044     0.00000     0.00000     0.00000     0.00000     0.00000
     2.19000     0.00013     0.00037    -0.00044     0.00000     0.00000     0.00000     0.00000     0.00000
     2.19500     0.00012     0.00036    -0.00043     0.00000     0.00000     0.00000     0.00000     0.00000
     2.20000     0.00012     0.00036    -0.00043     0.00000     0.00000     0.00000     0.00000     0.00000
     2.20500     0.00012     0.00036    -0.00042     0.00000     0.00000     0.00000     0.00000     0.00000
     2.21000     0.00012     0.00035    -0.00042     0.00000     0.00000     0.00000     0.00000     0.00000
     2.21500     0.00012     0.00035    -0.00041     0.00000     0.00000     0.00000     0.00000     0.00000
     2.22000     0.00012     0.00034    -0.00041     0.00000     0.00000     0.00000     0.00000     0.00000
     2.22500     0.00012     0.00034    -0.00040     0.00000     0.00000     0.00000     0.00000     0.00000
     2.23000     0.00011     0.00034    -0.00040     0.00000     0.00000     0.00000     0.00000     0.00000
     2.23500     0.00011     0.00033    -0.00039     0.00000     0.00000     0.00000     0.00000     0.00000
     2.24000     0.00011     0.00033    -0.00039     0.00000     0.00000     0.00000     0.00000     0.00000
     2.24500     0.00011     0.00033    -0.00038     0.00000     0.00000     0.00000     0.00000     0.00000
     2.25000     0.00011     0.00032    -0.00038     0.00000     0.00000     0.00000     0.00000     0.00000
     2.25500     0.00011     0.00032    -0.00037     0.00000     0.00000     0.00000     0.00000     0.00000
     2.26000     0.00011     0.00032    -0.00037     0.00000     0.00000     0.00000     0.00000     0.00000
     2.26500     0.00011     0.00031    -0.00036     0.00000     0.00000     0.00000     0.00000     0.00000
     2.27000     0.00010     0.00031    -0.00036     0.00000     0.00000     0.00000     0.00000     0.00000
     2.27500     0.00010     0.00030    -0.00035     0.00000     0.00000     0.00000     0.00000     0.00000
     2.28000     0.00010     0.00030    -0.00035     0.00000     0.00000     0.00000     0.00000     0.00000
     2.28500     0.00010     0.00030    -0.00035     0.00000     0.00000     0.00000     0.00000     0.00000
     2.29000     0.00010     0.00029    -0.00034     0.00000     0.00000     0.00000     0.00000     0.00000
     2.29500     0.00010     0.00029    -0.00034     0.00000     0.00000     0.00000     0.00000     0.00000
     2.30000     0.00010     0.00029    -0.00033     0.00000     0.00000     0.00000     0.00000     0.00000
     2.30500     0.00010     0.00028    -0.00033     0.00000     0.00000     0.00000     0.00000     0.00000
     2.31000     0.00009     0.00028    -0.00033     0.00000     0.00000     0.00000     0.00000     0.00000
     2.31500     0.00009     0.00028    -0.00032     0.00000     0.00000     0.00000     0.00000     0.00000
     2.32000     0.00009     0.00028    -0.00032     0.00000     0.00000     0.00000     0.00000     0.00000
     2.32500     0.00009     0.00027    -0.00031     0.00000     0.00000     0.00000     0.00000     0.00000
     2.33000     0.00009     0.00027    -0.00031     0.00000     0.00000     0.00000     0.00000     0.00000
     2.33500     0.00009     0.00027    -0.00031     0.00000     0.00000     0.00000     0.00000     0.00000
     2.34000     0.00009     0.00026    -0.00030     0.00000     0.00000     0.00000     0.00000     0.00000
     2.34500     0.00009     0.00026    -0.00030     0.00000     0.00000     0.00000     0.00000     0.00000
     2.35000     0.00009     0.00026    -0.00030     0.00000     0.00000     0.00000     0.00000     0.00000
     2.35500     0.00009     0.00025    -0.00029     0.00000     0.00000     0.00000     0.00000     0.00000
     2.36000     0.00008     0.00025    -0.00029     0.00000     0.00000     0.00000     0.00000     0.00000
     2.36500     0.00008     0.00025    -0.00029     0.00000     0.00000     0.00000     0.00000     0.00000
     2.37000     0.00008     0.00025    -0.00028     0.00000     0.00000     0.00000     0.00000     0.00000
     2.37500     0.00008     0.00024    -0.00028     0.00000     0.00000     0.00000     0.00000     0.00000
     2.38000     0.00008     0.00024    -0.00027     0.00000     0.00000     0.00000     0.00000     0.00000
     2.38500     0.00008     0.00024    -0.00027     0.00000     0.00000     0.00000     0.00000     0.00000
     2.39000     0.00008     0.00024    -0.00027     0.00000     0.00000     0.00000     0.00000     0.00000
     2.39500     0.00008     0.00023    -0.00027     0.00000     0.00000     0.00000     0.00000     0.00000
     2.40000     0.00008     0.00023    -0.00026     0.00000     0.00000     0.00000     0.00000     0.00000
     2.40500     0.00008     0.00023    -0.00026     0.00000     0.00000     0.00000     0.00000     0.00000
     2.41000     0.00008     0.00023    -0.00026     0.00000     0.00000     0.00000     0.00000     0.00000
     2.41500     0.00007     0.00022    -0.00025     0.00000     0.00000     0.00000     0.00000     0.00000
     2.42000     0.00007     0.00022    -0.00025     0.00000     0.00000     0.00000     0.00000     0.00000
     2.42500     0.00007     0.00022    -0.00025     0.00000     0.00000     0.00000     0.00000     0.00000
     2.43000     0.00007     0.00022    -0.00024     0.00000     0.00000     0.00000     0.00000     0.00000
     2.43500     0.00007     0.00021    -0.00024     0.00000     0.00000     0.00000     0.00000     0.00000
     2.44000     0.00007     0.00021    -0.00024     0.00000     0.00000     0.00000     0.00000     0.00000
     2.44500     0.00007     0.00021    -0.00023     0.00000     0.00000     0.00000     0.00000     0.00000
     2.45000     0.00007     0.00021    -0.00023     0.00000     0.00000     0.00000     0.00000     0.00000
     2.45500     0.00007     0.00020    -0.00023     0.00000     0.00000     0.00000     0.00000     0.00000
     2.46000     0.00007     0.00020    -0.00023     0.00000     0.00000     0.00000     0.00000     0.00000
     2.46500     0.00007     0.00020    -0.00022     0.00000     0.00000     0.00000     0.00000     0.00000
     2.47000     0.00007     0.00020    -0.00022     0.00000     0.00000     0.00000     0.00000     0.00000
     2.47500     0.00006     0.00019    -0.00022     0.00000     0.00000     0.00000     0.00000     0.00000
     2.48000     0.00006     0.00019    -0.00022     0.00000     0.00000     0.00000     0.00000     0.00000
     2.48500     0.00006     0.00019    -0.00021     0.00000     0.00000     0.00000     0.00000     0.00000
     2.49000     0.00006     0.00019    -0.00021     0.00000     0.00000     0.00000     0.00000     0.00000
     2.49500     0.00006     0.00019    -0.00021     0.00000     0.00000     0.00000     0.00000     0.00000
     2.50000     0.00006     0.00018    -0.00021     0.00000     0.00000     0.00000     0.00000     0.00000
     2.50500     0.00006     0.00018    -0.00020     0.00000     0.00000     0.00000     0.00000     0.00000
     2.51000     0.00006     0.00018    -0.00020     0.00000     0.00000     0.00000     0.00000     0.00000
     2.51500     0.00006     0.00018    -0.00020     0.00000     0.00000     0.00000     0.00000     0.00000
     2.52000     0.00006     0.00018    -0.00020     0.00000     0.00000     0.00000     0.00000     0.00000
     2.52500     0.00006     0.00017    -0.00019     0.00000     0.00000     0.00000     0.00000     0.00000
     2.53000     0.00006     0.00017    -0.00019     0.00000     0.00000     0.00000     0.00000     0.00000
     2.53500     0.00006     0.00017    -0.00019     0.00000     0.00000     0.00000     0.00000     0.00000
     2.54000     0.00006     0.00017    -0.00019     0.00000     0.00000     0.00000     0.00000     0.00000
     2.54500     0.00006     0.00017    -0.00018     0.00000     0.00000     0.00000     0.00000     0.00000
     2.55000     0.00005     0.00016    -0.00018     0.00000     0.00000     0.00000     0.00000     0.00000
     2.55500     0.00005     0.00016    -0.00018     0.00000     0.00000     0.00000     0.00000     0.00000
     2.56000     0.00005     0.00016    -0.00018     0.00000     0.00000     0.00000     0.00000     0.00000
     2.56500     0.00005     0.00016    -0.00018     0.00000     0.00000     0.00000     0.00000     0.00000
     2.57000     0.00005     0.00016    -0.00017     0.00000     0.00000     0.00000     0.00000     0.00000
     2.57500     0.00005     0.00016    -0.00017     0.00000     0.00000     0.00000     0.00000     0.00000
     2.58000     0.00005     0.00015    -0.00017     0.00000     0.00000     0.00000     0.00000     0.00000
     2.58500     0.00005     0.00015    -0.00017     0.00000     0.00000     0.00000     0.00000     0.00000
     2.59000     0.00005     0.00015    -0.00017     0.00000     0.00000     0.00000     0.00000     0.00000
     2.59500     0.00005     0.00015    -0.00016     0.00000     0.00000     0.00000     0.00000     0.00000
     2.60000     0.00005     0.00015    -0.00016     0.00000     0.00000     0.00000     0.00000     0.00000
     2.60500     0.00005     0.00015    -0.00016     0.00000     0.00000     0.00000     0.00000     0.00000
     2.61000     0.00005     0.00014    -0.00016     0.00000     0.00000     0.00000     0.00000     0.00000
     2.61500     0.00005     0.00014    -0.00016     0.00000     0.00000     0.00000     0.00000     0.00000
     2.62000     0.00005     0.00014    -0.00015     0.00000     0.00000     0.00000     0.00000     0.00000
     2.62500     0.00005     0.00014    -0.00015     0.00000     0.00000     0.00000     0.00000     0.00000
     2.63000     0.00005     0.00014    -0.00015     0.00000     0.00000     0.00000     0.00000     0.00000
     2.63500     0.00004     0.00014    -0.00015     0.00000     0.00000     0.00000     0.00000     0.00000
     2.64000     0.00004     0.00013    -0.00015     0.00000     0.00000     0.00000     0.00000     0.00000
     2.64500     0.00004     0.00013    -0.00015     0.00000     0.00000     0.00000     0.00000     0.00000
     2.65000     0.00004     0.00013    -0.00014     0.00000     0.00000     0.00000     0.00000     0.00000
     2.65500     0.00004     0.00013    -0.00014     0.00000     0.00000     0.00000     0.00000     0.00000
     2.66000     0.00004     0.00013    -0.00014     0.00000     0.00000     0.00000     0.00000     0.00000
     2.66500     0.00004     0.00013    -0.00014     0.00000     0.00000     0.00000     0.00000     0.00000
     2.67000     0.00004     0.00013    -0.00014     0.00000     0.00000     0.00000     0.00000     0.00000
     2.67500     0.00004     0.00012    -0.00014     0.00000     0.00000     0.00000     0.00000     0.00000
     2.68000     0.00004     0.00012    -0.00013     0.00000     0.00000     0.00000     0.00000     0.00000
     2.68500     0.00004     0.00012    -0.00013     0.00000     0.00000     0.00000     0.00000     0.00000
     2.69000     0.00004     0.00012    -0.00013     0.00000     0.00000     0.00000     0.00000     0.00000
     2.69500     0.00004     0.00012    -0.00013     0.00000     0.00000     0.00000     0.00000     0.00000
     2.70000     0.00004     0.00012    -0.00013     0.00000     0.00000     0.00000     0.00000     0.00000
     2.70500     0.00004     0.00012    -0.00013     0.00000     0.00000     0.00000     0.00000     0.00000
     2.71000     0.00004     0.00012    -0.00012     0.00000     0.00000     0.00000     0.00000     0.00000
     2.71500     0.00004     0.00011    -0.00012     0.00000     0.00000     0.00000     0.00000     0.00000
     2.72000     0.00004     0.00011    -0.00012     0.00000     0.00000     0.00000     0.00000     0.00000
     2.72500     0.00004     0.00011    -0.00012     0.00000     0.00000     0.00000     0.00000     0.00000
     2.73000     0.00004     0.00011    -0.00012     0.00000     0.00000     0.00000     0.00000     0.00000
     2.73500     0.00004     0.00011    -0.00012     0.00000     0.00000     0.00000     0.00000     0.00000
     2.74000     0.00004     0.00011    -0.00012     0.00000     0.00000     0.00000     0.00000     0.00000
     2.74500     0.00003     0.00011    -0.00011     0.00000     0.00000     0.00000     0.00000     0.00000
     2.75000     0.00003     0.00011    -0.00011     0.00000     0.00000     0.00000     0.00000     0.00000
     2.75500     0.00003     0.00010    -0.00011     0.00000     0.00000     0.00000     0.00000     0.00000
     2.76000     0.00003     0.00010    -0.00011     0.00000     0.00000     0.00000     0.00000     0.00000
     2.76500     0.00003     0.00010    -0.00011     0.00000     0.00000     0.00000     0.00000     0.00000
     2.77000     0.00003     0.00010    -0.00011     0.00000     0.00000     0.00000     0.00000     0.00000
     2.77500     0.00003     0.00010    -0.00011     0.00000     0.00000     0.00000     0.00000     0.00000
     2.78000     0.00003     0.00010    -0.00011     0.00000     0.00000     0.00000     0.00000     0.00000
     2.78500     0.00003     0.00010    -0.00010     0.00000     0.00000     0.00000     0.00000     0.00000
     2.79000     0.00003     0.00010    -0.00010     0.00000     0.00000     0.00000     0.00000     0.00000
     2.79500     0.00003     0.00010    -0.00010     0.00000     0.00000     0.00000     0.00000     0.00000
     2.80000     0.00003     0.00009    -0.00010     0.00000     0.00000     0.00000     0.00000     0.00000
     2.80500     0.00003     0.00009    -0.00010     0.00000     0.00000     0.00000     0.00000     0.00000
     2.81000     0.00003     0.00009    -0.00010     0.00000     0.00000     0.00000     0.00000     0.00000
     2.81500     0.00003     0.00009    -0.00010     0.00000     0.00000     0.00000     0.00000     0.00000
     2.82000     0.00003     0.00009    -0.00010     0.00000     0.00000     0.00000     0.00000     0.00000
     2.82500     0.00003     0.00009    -0.00009     0.00000     0.00000     0.00000     0.00000     0.00000
     2.83000     0.00003     0.00009    -0.00009     0.00000     0.00000     0.00000     0.00000     0.00000
     2.83500     0.00003     0.00009    -0.00009     0.00000     0.00000     0.00000     0.00000     0.00000
     2.84000     0.00003     0.00009    -0.00009     0.00000     0.00000     0.00000     0.00000     0.00000
     2.84500     0.00003     0.00009    -0.00009     0.00000     0.00000     0.00000     0.00000     0.00000
     2.85000     0.00003     0.00008    -0.00009     0.00000     0.00000     0.00000     0.00000     0.00000
     2.85500     0.00003     0.00008    -0.00009     0.00000     0.00000     0.00000     0.00000     0.00000
     2.86000     0.00003     0.00008    -0.00009     0.00000     0.00000     0.00000     0.00000     0.00000
     2.86500     0.00003     0.00008    -0.00009     0.00000     0.00000     0.00000     0.00000     0.00000
     2.87000     0.00003     0.00008    -0.00009     0.00000     0.00000     0.00000     0.00000     0.00000
     2.87500     0.00003     0.00008    -0.00008     0.00000     0.00000     0.00000     0.00000     0.00000
     2.88000     0.00003     0.00008    -0.00008     0.00000     0.00000     0.00000     0.00000     0.00000
     2.88500     0.00003     0.00008    -0.00008     0.00000     0.00000     0.00000     0.00000     0.00000
     2.89000     0.00003     0.00008    -0.00008     0.00000     0.00000     0.00000     0.00000     0.00000
     2.89500     0.00002     0.00008    -0.00008     0.00000     0.00000     0.00000     0.00000     0.00000
     2.90000     0.00002     0.00008    -0.00008     0.00000     0.00000     0.00000     0.00000     0.00000
     2.90500     0.00002     0.00008    -0.00008     0.00000     0.00000     0.00000     0.00000     0.00000
     2.91000     0.00002     0.00007    -0.00008     0.00000     0.00000     0.00000     0.00000     0.00000
     2.91500     0.00002     0.00007    -0.00008     0.00000     0.00000     0.00000     0.00000     0.00000
     2.92000     0.00002     0.00007    -0.00008     0.00000     0.00000     0.00000     0.00000     0.00000
     2.92500     0.00002     0.00007    -0.00007     0.00000     0.00000     0.00000     0.00000     0.00000
     2.93000     0.00002     0.00007    -0.00007     0.00000     0.00000     0.00000     0.00000     0.00000
     2.93500     0.00002     0.00007    -0.00007     0.00000     0.00000     0.00000     0.00000     0.00000
     2.94000     0.00002     0.00007    -0.00007     0.00000     0.00000     0.00000     0.00000     0.00000
     2.94500     0.00002     0.00007    -0.00007     0.00000     0.00000     0.00000     0.00000     0.00000
     2.95000     0.00002     0.00007    -0.00007     0.00000     0.00000     0.00000     0.00000     0.00000
     2.95500     0.00002     0.00007    -0.00007     0.00000     0.00000     0.00000     0.00000     0.00000
     2.96000     0.00002     0.00007    -0.00007     0.00000     0.00000     0.00000     0.00000     0.00000
     2.96500     0.00002     0.00007    -0.00007     0.00000     0.00000     0.00000     0.00000     0.00000
     2.97000     0.00002     0.00007    -0.00007     0.00000     0.00000     0.00000     0.00000     0.00000
     2.97500     0.00002     0.00006    -0.00007     0.00000     0.00000     0.00000     0.00000     0.00000
     2.98000     0.00002     0.00006    -0.00007     0.00000     0.00000     0.00000     0.00000     0.00000
     2.98500     0.00002     0.00006    -0.00006     0.00000     0.00000     0.00000     0.00000     0.00000
     2.99000     0.00002     0.00006    -0.00006     0.00000     0.00000     0.00000     0.00000     0.00000
     2.99500     0.00002     0.00006    -0.00006     0.00000     0.00000     0.00000     0.00000     0.00000
     3.00000     0.00002     0.00006    -0.00006     0.00000     0.00000     0.00000     0.00000     0.00000
     3.00500     0.00002     0.00006    -0.00006     0.00000     0.00000     0.00000     0.00000     0.00000
     3.01000     0.00002     0.00006    -0.00006     0.00000     0.00000     0.00000     0.00000     0.00000
     3.01500     0.00002     0.00006    -0.00006     0.00000     0.00000     0.00000     0.00000     0.00000
     3.02000     0.00002     0.00006    -0.00006     0.00000     0.00000     0.00000     0.00000     0.00000
     3.02500     0.00002     0.00006    -0.00006     0.00000     0.00000     0.00000     0.00000     0.00000
     3.03000     0.00002     0.00006    -0.00006     0.00000     0.00000     0.00000     0.00000     0.00000
     3.03500     0.00002     0.00006    -0.00006     0.00000     0.00000     0.00000     0.00000     0.00000
     3.04000     0.00002     0.00006    -0.00006     0.00000     0.00000     0.00000     0.00000     0.00000
     3.04500     0.00002     0.00006    -0.00006     0.00000     0.00000     0.00000     0.00000     0.00000
     3.05000     0.00002     0.00005    -0.00006     0.00000     0.00000     0.00000     0.00000     0.00000
     3.05500     0.00002     0.00005    -0.00006     0.00000     0.00000     0.00000     0.00000     0.00000
     3.06000     0.00002     0.00005    -0.00005     0.00000     0.00000     0.00000     0.00000     0.00000
     3.06500     0.00002     0.00005    -0.00005     0.00000     0.00000     0.00000     0.00000     0.00000
     3.07000     0.00002     0.00005    -0.00005     0.00000     0.00000     0.00000     0.00000     0.00000
     3.07500     0.00002     0.00005    -0.00005     0.00000     0.00000     0.00000     0.00000     0.00000
     3.08000     0.00002     0.00005    -0.00005     0.00000     0.00000     0.00000     0.00000     0.00000
     3.08500     0.00002     0.00005    -0.00005     0.00000     0.00000     0.00000     0.00000     0.00000
     3.09000     0.00002     0.00005    -0.00005     0.00000     0.00000     0.00000     0.00000     0.00000
     3.09500     0.00002     0.00005    -0.00005     0.00000     0.00000     0.00000     0.00000     0.00000
     3.10000     0.00002     0.00005    -0.00005     0.00000     0.00000     0.00000     0.00000     0.00000
     3.10500     0.00002     0.00005    -0.00005     0.00000     0.00000     0.00000     0.00000     0.00000
     3.11000     0.00002     0.00005    -0.00005     0.00000     0.00000     0.00000     0.00000     0.00000
     3.11500     0.00002     0.00005    -0.00005     0.00000     0.00000     0.00000     0.00000     0.00000
     3.12000     0.00001     0.00005    -0.00005     0.00000     0.00000     0.00000     0.00000     0.00000
     3.12500     0.00001     0.00005    -0.00005     0.00000     0.00000     0.00000     0.00000     0.00000
     3.13000     0.00001     0.00005    -0.00005     0.00000     0.00000     0.00000     0.00000     0.00000
     3.13500     0.00001     0.00005    -0.00005     0.00000     0.00000     0.00000     0.00000     0.00000
     3.14000     0.00001     0.00004    -0.00005     0.00000     0.00000     0.00000     0.00000     0.00000
     3.14500     0.00001     0.00004    -0.00004     0.00000     0.00000     0.00000     0.00000     0.00000
     3.15000     0.00001     0.00004    -0.00004     0.00000     0.00000     0.00000     0.00000     0.00000
     3.15500     0.00001     0.00004    -0.00004     0.00000     0.00000     0.00000     0.00000     0.00000
     3.16000     0.00001     0.00004    -0.00004     0.00000     0.00000     0.00000     0.00000     0.00000
     3.16500     0.00001     0.00004    -0.00004     0.00000     0.00000     0.00000     0.00000     0.00000
     3.17000     0.00001     0.00004    -0.00004     0.00000     0.00000     0.00000     0.00000     0.00000
     3.17500     0.00001     0.00004    -0.00004     0.00000     0.00000     0.00000     0.00000     0.00000
     3.18000     0.00001     0.00004    -0.00004     0.00000     0.00000     0.00000     0.00000     0.00000
     3.18500     0.00001     0.00004    -0.00004     0.00000     0.00000     0.00000     0.00000     0.00000
     3.19000     0.00001     0.00004    -0.00004     0.00000     0.00000     0.00000     0.00000     0.00000
     3.19500     0.00001     0.00004    -0.00004     0.00000     0.00000     0.00000     0.00000     0.00000
     3.20000     0.00001     0.00004    -0.00004     0.00000     0.00000     0.00000     0.00000     0.00000
     3.20500     0.00001     0.00004    -0.00004     0.00000     0.00000     0.00000     0.00000     0.00000
     3.21000     0.00001     0.00004    -0.00004     0.00000     0.00000     0.00000     0.00000     0.00000
     3.21500     0.00001     0.00004    -0.00004     0.00000     0.00000     0.00000     0.00000     0.00000
     3.22000     0.00001     0.00004    -0.00004     0.00000     0.00000     0.00000     0.00000     0.00000
     3.22500     0.00001     0.00004    -0.00004     0.00000     0.00000     0.00000     0.00000     0.00000
     3.23000     0.00001     0.00004    -0.00004     0.00000     0.00000     0.00000     0.00000     0.00000
     3.23500     0.00001     0.00004    -0.00004     0.00000     0.00000     0.00000     0.00000     0.00000
     3.24000     0.00001     0.00004    -0.00004     0.00000     0.00000     0.00000     0.00000     0.00000
     3.24500     0.00001     0.00004    -0.00004     0.00000     0.00000     0.00000     0.00000     0.00000
     3.25000     0.00001     0.00004    -0.00003     0.00000     0.00000     0.00000     0.00000     0.00000
     3.25500     0.00001     0.00003    -0.00003     0.00000     0.00000     0.00000     0.00000     0.00000
     3.26000     0.00001     0.00003    -0.00003     0.00000     0.00000     0.00000     0.00000     0.00000
     3.26500     0.00001     0.00003    -0.00003     0.00000     0.00000     0.00000     0.00000     0.00000
     3.27000     0.00001     0.00003    -0.00003     0.00000     0.00000     0.00000     0.00000     0.00000
     3.27500     0.00001     0.00003    -0.00003     0.00000     0.00000     0.00000     0.00000     0.00000
     3.28000     0.00001     0.00003    -0.00003     0.00000     0.00000     0.00000     0.00000     0.00000
     3.28500     0.00001     0.00003    -0.00003     0.00000     0.00000     0.00000     0.00000     0.00000
     3.29000     0.00001     0.00003    -0.00003     0.00000     0.00000     0.00000     0.00000     0.00000
     3.29500     0.00001     0.00003    -0.00003     0.00000     0.00000     0.00000     0.00000     0.00000
     3.30000     0.00001     0.00003    -0.00003     0.00000     0.00000     0.00000     0.00000     0.00000
     3.30500     0.00001     0.00003    -0.00003     0.00000     0.00000     0.00000     0.00000     0.00000
     3.31000     0.00001     0.00003    -0.00003     0.00000     0.00000     0.00000     0.00000     0.00000
     3.31500     0.00001     0.00003    -0.00003     0.00000     0.00000     0.00000     0.00000     0.00000
     3.32000     0.00001     0.00003    -0.00003     0.00000     0.00000     0.00000     0.00000     0.00000
     3.32500     0.00001     0.00003    -0.00003     0.00000     0.00000     0.00000     0.00000     0.00000
     3.33000     0.00001     0.00003    -0.00003     0.00000     0.00000     0.00000     0.00000     0.00000
     3.33500     0.00001     0.00003    -0.00003     0.00000     0.00000     0.00000     0.00000     0.00000
     3.34000     0.00001     0.00003    -0.00003     0.00000     0.00000     0.00000     0.00000     0.00000
     3.34500     0.00001     0.00003    -0.00003     0.00000     0.00000     0.00000     0.00000     0.00000
     3.35000     0.00001     0.00003    -0.00003     0.00000     0.00000     0.00000     0.00000     0.00000
     3.35500     0.00001     0.00003    -0.00003     0.00000     0.00000     0.00000     0.00000     0.00000
     3.36000     0.00001     0.00003    -0.00003     0.00000     0.00000     0.00000     0.00000     0.00000
     3.36500     0.00001     0.00003    -0.00003     0.00000     0.00000     0.00000     0.00000     0.00000
     3.37000     0.00001     0.00003    -0.00003     0.00000     0.00000     0.00000     0.00000     0.00000
     3.37500     0.00001     0.00003    -0.00003     0.00000     0.00000     0.00000     0.00000     0.00000
     3.38000     0.00001     0.00003    -0.00003     0.00000     0.00000     0.00000     0.00000     0.00000
     3.38500     0.00001     0.00003    -0.00003     0.00000     0.00000     0.00000     0.00000     0.00000
     3.39000     0.00001     0.00003    -0.00003     0.00000     0.00000     0.00000     0.00000     0.00000
     3.39500     0.00001     0.00003    -0.00002     0.00000     0.00000     0.00000     0.00000     0.00000
     3.40000     0.00001     0.00003    -0.00002     0.00000     0.00000     0.00000     0.00000     0.00000
     3.40500     0.00001     0.00003    -0.00002     0.00000     0.00000     0.00000     0.00000     0.00000
     3.41000     0.00001     0.00002    -0.00002     0.00000     0.00000     0.00000     0.00000     0.00000
     3.41500     0.00001     0.00002    -0.00002     0.00000     0.00000     0.00000     0.00000     0.00000
     3.42000     0.00001     0.00002    -0.00002     0.00000     0.00000     0.00000     0.00000     0.00000
     3.42500     0.00001     0.00002    -0.00002     0.00000     0.00000     0.00000     0.00000     0.00000
     3.43000     0.00001     0.00002    -0.00002     0.00000     0.00000     0.00000     0.00000     0.00000
     3.43500     0.00001     0.00002    -0.00002     0.00000     0.00000     0.00000     0.00000     0.00000
     3.44000     0.00001     0.00002    -0.00002     0.00000     0.00000     0.00000     0.00000     0.00000
     3.44500     0.00001     0.00002    -0.00002     0.00000     0.00000     0.00000     0.00000     0.00000
     3.45000     0.00001     0.00002    -0.00002     0.00000     0.00000     0.00000     0.00000     0.00000
     3.45500     0.00001     0.00002    -0.00002     0.00000     0.00000     0.00000     0.00000     0.00000
     3.46000     0.00001     0.00002    -0.00002     0.00000     0.00000     0.00000     0.00000     0.00000
     3.46500     0.00001     0.00002    -0.00002     0.00000     0.00000     0.00000     0.00000     0.00000
     3.47000     0.00001     0.00002    -0.00002     0.00000     0.00000     0.00000     0.00000     0.00000
     3.47500     0.00001     0.00002    -0.00002     0.00000     0.00000     0.00000     0.00000     0.00000
     3.48000     0.00001     0.00002    -0.00002     0.00000     0.00000     0.00000     0.00000     0.00000
     3.48500     0.00001     0.00002    -0.00002     0.00000     0.00000     0.00000     0.00000     0.00000
     3.49000     0.00001     0.00002    -0.00002     0.00000     0.00000     0.00000     0.00000     0.00000
     3.49500     0.00001     0.00002    -0.00002     0.00000     0.00000     0.00000     0.00000     0.00000
     3.50000     0.00001     0.00002    -0.00002     0.00000     0.00000     0.00000     0.00000     0.00000
     3.50500     0.00001     0.00002    -0.00002     0.00000     0.00000     0.00000     0.00000     0.00000
     3.51000     0.00001     0.00002    -0.00002     0.00000     0.00000     0.00000     0.00000     0.00000
     3.51500     0.00001     0.00002    -0.00002     0.00000     0.00000     0.00000     0.00000     0.00000
     3.52000     0.00001     0.00002    -0.00002     0.00000     0.00000     0.00000     0.00000     0.00000
     3.52500     0.00001     0.00002    -0.00002     0.00000     0.00000     0.00000     0.00000     0.00000
     3.53000     0.00001     0.00002    -0.00002     0.00000     0.00000     0.00000     0.00000     0.00000
     3.53500     0.00001     0.00002    -0.00002     0.00000     0.00000     0.00000     0.00000     0.00000
     3.54000     0.00001     0.00002    -0.00002     0.00000     0.00000     0.00000     0.00000     0.00000
     3.54500     0.00001     0.00002    -0.00002     0.00000     0.00000     0.00000     0.00000     0.00000
     3.55000     0.00001     0.00002    -0.00002     0.00000     0.00000     0.00000     0.00000     0.00000
     3.55500     0.00001     0.00002    -0.00002     0.00000     0.00000     0.00000     0.00000     0.00000
     3.56000     0.00001     0.00002    -0.00002     0.00000     0.00000     0.00000     0.00000     0.00000
     3.56500     0.00001     0.00002    -0.00002     0.00000     0.00000     0.00000     0.00000     0.00000
     3.57000     0.00001     0.00002    -0.00002     0.00000     0.00000     0.00000     0.00000     0.00000
     3.57500     0.00001     0.00002    -0.00002     0.00000     0.00000     0.00000     0.00000     0.00000
     3.58000     0.00001     0.00002    -0.00002     0.00000     0.00000     0.00000     0.00000     0.00000
     3.58500     0.00001     0.00002    -0.00002     0.00000     0.00000     0.00000     0.00000     0.00000
     3.59000     0.00001     0.00002    -0.00002     0.00000     0.00000     0.00000     0.00000     0.00000
     3.59500     0.00001     0.00002    -0.00002     0.00000     0.00000     0.00000     0.00000     0.00000
     3.60000     0.00001     0.00002    -0.00002     0.00000     0.00000     0.00000     0.00000     0.00000
     3.60500     0.00001     0.00002    -0.00002     0.00000     0.00000     0.00000     0.00000     0.00000
     3.61000     0.00001     0.00002    -0.00002     0.00000     0.00000     0.00000     0.00000     0.00000
     3.61500     0.00000     0.00002    -0.00001     0.00000     0.00000     0.00000     0.00000     0.00000
     3.62000     0.00000     0.00002    -0.00001     0.00000     0.00000     0.00000     0.00000     0.00000
     3.62500     0.00000     0.00002    -0.00001     0.00000     0.00000     0.00000     0.00000     0.00000
     3.63000     0.00000     0.00002    -0.00001     0.00000     0.00000     0.00000     0.00000     0.00000
     3.63500     0.00000     0.00002    -0.00001     0.00000     0.00000     0.00000     0.00000     0.00000
     3.64000     0.00000     0.00002    -0.00001     0.00000     0.00000     0.00000     0.00000     0.00000
     3.64500     0.00000     0.00002    -0.00001     0.00000     0.00000     0.00000     0.00000     0.00000
     3.65000     0.00000     0.00001    -0.00001     0.00000     0.00000     0.00000     0.00000     0.00000
     3.65500     0.00000     0.00001    -0.00001     0.00000     0.00000     0.00000     0.00000     0.00000
     3.66000     0.00000     0.00001    -0.00001     0.00000     0.00000     0.00000     0.00000     0.00000
     3.66500     0.00000     0.00001    -0.00001     0.00000     0.00000     0.00000     0.00000     0.00000
     3.67000     0.00000     0.00001    -0.00001     0.00000     0.00000     0.00000     0.00000     0.00000
     3.67500     0.00000     0.00001    -0.00001     0.00000     0.00000     0.00000     0.00000     0.00000
     3.68000     0.00000     0.00001    -0.00001     0.00000     0.00000     0.00000     0.00000     0.00000
     3.68500     0.00000     0.00001    -0.00001     0.00000     0.00000     0.00000     0.00000     0.00000
     3.69000     0.00000     0.00001    -0.00001     0.00000     0.00000     0.00000     0.00000     0.00000
     3.69500     0.00000     0.00001    -0.00001     0.00000     0.00000     0.00000     0.00000     0.00000
     3.70000     0.00000     0.00001    -0.00001     0.00000     0.00000     0.00000     0.00000     0.00000
     3.70500     0.00000     0.00001    -0.00001     0.00000     0.00000     0.00000     0.00000     0.00000
     3.71000     0.00000     0.00001    -0.00001     0.00000     0.00000     0.00000     0.00000     0.00000
     3.71500     0.00000     0.00001    -0.00001     0.00000     0.00000     0.00000     0.00000     0.00000
     3.72000     0.00000     0.00001    -0.00001     0.00000     0.00000     0.00000     0.00000     0.00000
     3.72500     0.00000     0.00001    -0.00001     0.00000     0.00000     0.00000     0.00000     0.00000
     3.73000     0.00000     0.00001    -0.00001     0.00000     0.00000     0.00000     0.00000     0.00000
     3.73500     0.00000     0.00001    -0.00001     0.00000     0.00000     0.00000     0.00000     0.00000
     3.74000     0.00000     0.00001    -0.00001     0.00000     0.00000     0.00000     0.00000     0.00000
     3.74500     0.00000     0.00001    -0.00001     0.00000     0.00000     0.00000     0.00000     0.00000
     3.75000     0.00000     0.00001    -0.00001     0.00000     0.00000     0.00000     0.00000     0.00000
     3.75500     0.00000     0.00001    -0.00001     0.00000     0.00000     0.00000     0.00000     0.00000
     3.76000     0.00000     0.00001    -0.00001     0.00000     0.00000     0.00000     0.00000     0.00000
     3.76500     0.00000     0.00001    -0.00001     0.00000     0.00000     0.00000     0.00000     0.00000
     3.77000     0.00000     0.00001    -0.00001     0.00000     0.00000     0.00000     0.00000     0.00000
     3.77500     0.00000     0.00001    -0.00001     0.00000     0.00000     0.00000     0.00000     0.00000
     3.78000     0.00000     0.00001    -0.00001     0.00000     0.00000     0.00000     0.00000     0.00000
     3.78500     0.00000     0.00001    -0.00001     0.00000     0.00000     0.00000     0.00000     0.00000
     3.79000     0.00000     0.00001    -0.00001     0.00000     0.00000     0.00000     0.00000     0.00000
     3.79500     0.00000     0.00001    -0.00001     0.00000     0.00000     0.00000     0.00000     0.00000
     3.80000     0.00000     0.00001    -0.00001     0.00000     0.00000     0.00000     0.00000     0.00000
     3.80500     0.00000     0.00001    -0.00001     0.00000     0.00000     0.00000     0.00000     0.00000
     3.81000     0.00000     0.00001    -0.00001     0.00000     0.00000     0.00000     0.00000     0.00000
     3.81500     0.00000     0.00001    -0.00001     0.00000     0.00000     0.00000     0.00000     0.00000
     3.82000     0.00000     0.00001    -0.00001     0.00000     0.00000     0.00000     0.00000     0.00000
     3.82500     0.00000     0.00001    -0.00001     0.00000     0.00000     0.00000     0.00000     0.00000
     3.83000     0.00000     0.00001    -0.00001     0.00000     0.00000     0.00000     0.00000     0.00000
     3.83500     0.00000     0.00001    -0.00001     0.00000     0.00000     0.00000     0.00000     0.00000
     3.84000     0.00000     0.00001    -0.00001     0.00000     0.00000     0.00000     0.00000     0.00000
     3.84500     0.00000     0.00001    -0.00001     0.00000     0.00000     0.00000     0.00000     0.00000
     3.85000     0.00000     0.00001    -0.00001     0.00000     0.00000     0.00000     0.00000     0.00000
     3.85500     0.00000     0.00001    -0.00001     0.00000     0.00000     0.00000     0.00000     0.00000
     3.86000     0.00000     0.00001    -0.00001     0.00000     0.00000     0.00000     0.00000     0.00000
     3.86500     0.00000     0.00001    -0.00001     0.00000     0.00000     0.00000     0.00000     0.00000
     3.87000     0.00000     0.00001    -0.00001     0.00000     0.00000     0.00000     0.00000     0.00000
     3.87500     0.00000     0.00001    -0.00001     0.00000     0.00000     0.00000     0.00000     0.00000
     3.88000     0.00000     0.00001    -0.00001     0.00000     0.00000     0.00000     0.00000     0.00000
     3.88500     0.00000     0.00001    -0.00001     0.00000     0.00000     0.00000     0.00000     0.00000
     3.89000     0.00000     0.00001    -0.00001     0.00000     0.00000     0.00000     0.00000     0.00000
     3.89500     0.00000     0.00001    -0.00001     0.00000     0.00000     0.00000     0.00000     0.00000
     3.90000     0.00000     0.00001    -0.00001     0.00000     0.00000     0.00000     0.00000     0.00000
     3.90500     0.00000     0.00001    -0.00001     0.00000     0.00000     0.00000     0.00000     0.00000
     3.91000     0.00000     0.00001    -0.00001     0.00000     0.00000     0.00000     0.00000     0.00000
     3.91500     0.00000     0.00001    -0.00001     0.00000     0.00000     0.00000     0.00000     0.00000
     3.92000     0.00000     0.00001    -0.00001     0.00000     0.00000     0.00000     0.00000     0.00000
     3.92500     0.00000     0.00001    -0.00001     0.00000     0.00000     0.00000     0.00000     0.00000
     3.93000     0.00000     0.00001    -0.00001     0.00000     0.00000     0.00000     0.00000     0.00000
     3.93500     0.00000     0.00001    -0.00001     0.00000     0.00000     0.00000     0.00000     0.00000
     3.94000     0.00000     0.00001    -0.00001     0.00000     0.00000     0.00000     0.00000     0.00000
     3.94500     0.00000     0.00001    -0.00001     0.00000     0.00000     0.00000     0.00000     0.00000
     3.95000     0.00000     0.00001    -0.00001     0.00000     0.00000     0.00000     0.00000     0.00000
     3.95500     0.00000     0.00001    -0.00001     0.00000     0.00000     0.00000     0.00000     0.00000
     3.96000     0.00000     0.00001    -0.00001     0.00000     0.00000     0.00000     0.00000     0.00000
     3.96500     0.00000     0.00001    -0.00001     0.00000     0.00000     0.00000     0.00000     0.00000
     3.97000     0.00000     0.00001    -0.00001     0.00000     0.00000     0.00000     0.00000     0.00000
     3.97500     0.00000     0.00001    -0.00001     0.00000     0.00000     0.00000     0.00000     0.00000
     3.98000     0.00000     0.00001    -0.00001     0.00000     0.00000     0.00000     0.00000     0.00000
     3.98500     0.00000     0.00001    -0.00001     0.00000     0.00000     0.00000     0.00000     0.00000
     3.99000     0.00000     0.00001    -0.00001     0.00000     0.00000     0.00000     0.00000     0.00000
     3.99500     0.00000     0.00001    -0.00001     0.00000     0.00000     0.00000     0.00000     0.00000
     4.00000     0.00000     0.00001    -0.00001     0.00000     0.00000     0.00000     0.00000     0.00000
