 # D15_1675 FF
     0.00000     0.27372     0.53208    -1.05559     0.00000     0.00000     0.00000    -1.38016   -63.76420
     0.00500     0.26846     0.52239    -1.03476     0.00000     0.00000     0.00000    -1.36646   -50.00302
     0.01000     0.26333     0.51291    -1.01442     0.00000     0.00000     0.00000    -1.35297   -40.98604
     0.01500     0.25832     0.50364    -0.99456     0.00000     0.00000     0.00000    -1.33967   -34.62282
     0.02000     0.25343     0.49457    -0.97517     0.00000     0.00000     0.00000    -1.32657   -29.89375
     0.02500     0.24865     0.48571    -0.95623     0.00000     0.00000     0.00000    -1.31366   -26.24222
     0.03000     0.24397     0.47704    -0.93773     0.00000     0.00000     0.00000    -1.30093   -23.33860
     0.03500     0.23940     0.46855    -0.91966     0.00000     0.00000     0.00000    -1.28839   -20.97524
     0.04000     0.23494     0.46026    -0.90200     0.00000     0.00000     0.00000    -1.27604   -19.01484
     0.04500     0.23058     0.45213    -0.88474     0.00000     0.00000     0.00000    -1.26385   -17.36297
     0.05000     0.22631     0.44419    -0.86788     0.00000     0.00000     0.00000    -1.25185   -15.95257
     0.05500     0.22214     0.43641    -0.85140     0.00000     0.00000     0.00000    -1.24001   -14.73467
     0.06000     0.21806     0.42880    -0.83528     0.00000     0.00000     0.00000    -1.22834   -13.67271
     0.06500     0.21407     0.42134    -0.81953     0.00000     0.00000     0.00000    -1.21683   -12.73882
     0.07000     0.21016     0.41405    -0.80413     0.00000     0.00000     0.00000    -1.20549   -11.91140
     0.07500     0.20634     0.40690    -0.78906     0.00000     0.00000     0.00000    -1.19430   -11.17344
     0.08000     0.20261     0.39991    -0.77434     0.00000     0.00000     0.00000    -1.18326   -10.51137
     0.08500     0.19895     0.39305    -0.75993     0.00000     0.00000     0.00000    -1.17238    -9.91422
     0.09000     0.19538     0.38634    -0.74584     0.00000     0.00000     0.00000    -1.16165    -9.37304
     0.09500     0.19187     0.37977    -0.73205     0.00000     0.00000     0.00000    -1.15107    -8.88044
     0.10000     0.18845     0.37333    -0.71856     0.00000     0.00000     0.00000    -1.14063    -8.43028
     0.10500     0.18509     0.36701    -0.70537     0.00000     0.00000     0.00000    -1.13033    -8.01742
     0.11000     0.18181     0.36083    -0.69245     0.00000     0.00000     0.00000    -1.12017    -7.63750
     0.11500     0.17860     0.35477    -0.67982     0.00000     0.00000     0.00000    -1.11014    -7.28682
     0.12000     0.17545     0.34883    -0.66745     0.00000     0.00000     0.00000    -1.10026    -6.96221
     0.12500     0.17236     0.34301    -0.65534     0.00000     0.00000     0.00000    -1.09050    -6.66093
     0.13000     0.16935     0.33730    -0.64349     0.00000     0.00000     0.00000    -1.08087    -6.38063
     0.13500     0.16639     0.33171    -0.63188     0.00000     0.00000     0.00000    -1.07137    -6.11926
     0.14000     0.16349     0.32622    -0.62052     0.00000     0.00000     0.00000    -1.06199    -5.87500
     0.14500     0.16065     0.32085    -0.60940     0.00000     0.00000     0.00000    -1.05273    -5.64630
     0.15000     0.15787     0.31557    -0.59850     0.00000     0.00000     0.00000    -1.04360    -5.43175
     0.15500     0.15515     0.31040    -0.58783     0.00000     0.00000     0.00000    -1.03458    -5.23013
     0.16000     0.15248     0.30533    -0.57738     0.00000     0.00000     0.00000    -1.02568    -5.04033
     0.16500     0.14987     0.30035    -0.56715     0.00000     0.00000     0.00000    -1.01690    -4.86140
     0.17000     0.14730     0.29547    -0.55712     0.00000     0.00000     0.00000    -1.00823    -4.69246
     0.17500     0.14479     0.29069    -0.54730     0.00000     0.00000     0.00000    -0.99966    -4.53272
     0.18000     0.14233     0.28599    -0.53767     0.00000     0.00000     0.00000    -0.99121    -4.38149
     0.18500     0.13992     0.28138    -0.52825     0.00000     0.00000     0.00000    -0.98286    -4.23813
     0.19000     0.13755     0.27686    -0.51901     0.00000     0.00000     0.00000    -0.97462    -4.10207
     0.19500     0.13523     0.27243    -0.50995     0.00000     0.00000     0.00000    -0.96648    -3.97280
     0.20000     0.13295     0.26807    -0.50108     0.00000     0.00000     0.00000    -0.95844    -3.84983
     0.20500     0.13072     0.26380    -0.49238     0.00000     0.00000     0.00000    -0.95051    -3.73274
     0.21000     0.12854     0.25961    -0.48385     0.00000     0.00000     0.00000    -0.94267    -3.62114
     0.21500     0.12639     0.25549    -0.47550     0.00000     0.00000     0.00000    -0.93493    -3.51467
     0.22000     0.12429     0.25145    -0.46730     0.00000     0.00000     0.00000    -0.92728    -3.41301
     0.22500     0.12222     0.24748    -0.45927     0.00000     0.00000     0.00000    -0.91972    -3.31585
     0.23000     0.12020     0.24359    -0.45140     0.00000     0.00000     0.00000    -0.91226    -3.22291
     0.23500     0.11821     0.23976    -0.44368     0.00000     0.00000     0.00000    -0.90489    -3.13395
     0.24000     0.11626     0.23601    -0.43611     0.00000     0.00000     0.00000    -0.89761    -3.04872
     0.24500     0.11435     0.23232    -0.42868     0.00000     0.00000     0.00000    -0.89041    -2.96702
     0.25000     0.11248     0.22870    -0.42140     0.00000     0.00000     0.00000    -0.88330    -2.88863
     0.25500     0.11064     0.22514    -0.41426     0.00000     0.00000     0.00000    -0.87628    -2.81337
     0.26000     0.10883     0.22165    -0.40725     0.00000     0.00000     0.00000    -0.86934    -2.74108
     0.26500     0.10706     0.21822    -0.40038     0.00000     0.00000     0.00000    -0.86248    -2.67158
     0.27000     0.10532     0.21485    -0.39364     0.00000     0.00000     0.00000    -0.85570    -2.60474
     0.27500     0.10361     0.21154    -0.38703     0.00000     0.00000     0.00000    -0.84900    -2.54040
     0.28000     0.10194     0.20829    -0.38055     0.00000     0.00000     0.00000    -0.84238    -2.47845
     0.28500     0.10029     0.20509    -0.37418     0.00000     0.00000     0.00000    -0.83584    -2.41876
     0.29000     0.09868     0.20195    -0.36794     0.00000     0.00000     0.00000    -0.82937    -2.36121
     0.29500     0.09709     0.19887    -0.36181     0.00000     0.00000     0.00000    -0.82298    -2.30571
     0.30000     0.09553     0.19584    -0.35580     0.00000     0.00000     0.00000    -0.81666    -2.25215
     0.30500     0.09401     0.19286    -0.34990     0.00000     0.00000     0.00000    -0.81042    -2.20044
     0.31000     0.09250     0.18994    -0.34411     0.00000     0.00000     0.00000    -0.80424    -2.15050
     0.31500     0.09103     0.18706    -0.33842     0.00000     0.00000     0.00000    -0.79814    -2.10223
     0.32000     0.08958     0.18423    -0.33285     0.00000     0.00000     0.00000    -0.79210    -2.05556
     0.32500     0.08816     0.18146    -0.32737     0.00000     0.00000     0.00000    -0.78614    -2.01043
     0.33000     0.08677     0.17873    -0.32200     0.00000     0.00000     0.00000    -0.78024    -1.96676
     0.33500     0.08540     0.17604    -0.31672     0.00000     0.00000     0.00000    -0.77440    -1.92449
     0.34000     0.08405     0.17340    -0.31154     0.00000     0.00000     0.00000    -0.76863    -1.88355
     0.34500     0.08273     0.17081    -0.30646     0.00000     0.00000     0.00000    -0.76293    -1.84390
     0.35000     0.08143     0.16826    -0.30146     0.00000     0.00000     0.00000    -0.75729    -1.80547
     0.35500     0.08015     0.16575    -0.29656     0.00000     0.00000     0.00000    -0.75171    -1.76821
     0.36000     0.07890     0.16329    -0.29175     0.00000     0.00000     0.00000    -0.74619    -1.73208
     0.36500     0.07767     0.16086    -0.28702     0.00000     0.00000     0.00000    -0.74074    -1.69703
     0.37000     0.07646     0.15848    -0.28238     0.00000     0.00000     0.00000    -0.73534    -1.66301
     0.37500     0.07527     0.15614    -0.27783     0.00000     0.00000     0.00000    -0.73000    -1.62999
     0.38000     0.07410     0.15383    -0.27335     0.00000     0.00000     0.00000    -0.72472    -1.59792
     0.38500     0.07295     0.15157    -0.26895     0.00000     0.00000     0.00000    -0.71950    -1.56678
     0.39000     0.07183     0.14934    -0.26464     0.00000     0.00000     0.00000    -0.71433    -1.53651
     0.39500     0.07072     0.14714    -0.26040     0.00000     0.00000     0.00000    -0.70922    -1.50709
     0.40000     0.06963     0.14499    -0.25623     0.00000     0.00000     0.00000    -0.70416    -1.47849
     0.40500     0.06856     0.14287    -0.25214     0.00000     0.00000     0.00000    -0.69916    -1.45068
     0.41000     0.06750     0.14078    -0.24812     0.00000     0.00000     0.00000    -0.69421    -1.42362
     0.41500     0.06647     0.13873    -0.24417     0.00000     0.00000     0.00000    -0.68931    -1.39730
     0.42000     0.06545     0.13671    -0.24029     0.00000     0.00000     0.00000    -0.68447    -1.37167
     0.42500     0.06445     0.13472    -0.23648     0.00000     0.00000     0.00000    -0.67967    -1.34673
     0.43000     0.06347     0.13277    -0.23274     0.00000     0.00000     0.00000    -0.67493    -1.32243
     0.43500     0.06251     0.13085    -0.22906     0.00000     0.00000     0.00000    -0.67023    -1.29877
     0.44000     0.06156     0.12896    -0.22544     0.00000     0.00000     0.00000    -0.66559    -1.27572
     0.44500     0.06062     0.12710    -0.22189     0.00000     0.00000     0.00000    -0.66099    -1.25326
     0.45000     0.05970     0.12527    -0.21840     0.00000     0.00000     0.00000    -0.65644    -1.23136
     0.45500     0.05880     0.12346    -0.21497     0.00000     0.00000     0.00000    -0.65193    -1.21001
     0.46000     0.05791     0.12169    -0.21160     0.00000     0.00000     0.00000    -0.64748    -1.18920
     0.46500     0.05704     0.11995    -0.20828     0.00000     0.00000     0.00000    -0.64306    -1.16889
     0.47000     0.05618     0.11823    -0.20503     0.00000     0.00000     0.00000    -0.63870    -1.14909
     0.47500     0.05534     0.11654    -0.20183     0.00000     0.00000     0.00000    -0.63437    -1.12976
     0.48000     0.05451     0.11488    -0.19868     0.00000     0.00000     0.00000    -0.63009    -1.11089
     0.48500     0.05369     0.11324    -0.19559     0.00000     0.00000     0.00000    -0.62586    -1.09248
     0.49000     0.05289     0.11163    -0.19255     0.00000     0.00000     0.00000    -0.62167    -1.07450
     0.49500     0.05210     0.11004    -0.18956     0.00000     0.00000     0.00000    -0.61751    -1.05695
     0.50000     0.05133     0.10848    -0.18663     0.00000     0.00000     0.00000    -0.61340    -1.03980
     0.50500     0.05056     0.10695    -0.18374     0.00000     0.00000     0.00000    -0.60934    -1.02304
     0.51000     0.04981     0.10543    -0.18090     0.00000     0.00000     0.00000    -0.60531    -1.00668
     0.51500     0.04907     0.10394    -0.17811     0.00000     0.00000     0.00000    -0.60132    -0.99068
     0.52000     0.04835     0.10248    -0.17537     0.00000     0.00000     0.00000    -0.59737    -0.97504
     0.52500     0.04763     0.10104    -0.17267     0.00000     0.00000     0.00000    -0.59346    -0.95976
     0.53000     0.04693     0.09961    -0.17002     0.00000     0.00000     0.00000    -0.58959    -0.94481
     0.53500     0.04624     0.09822    -0.16741     0.00000     0.00000     0.00000    -0.58575    -0.93020
     0.54000     0.04555     0.09684    -0.16485     0.00000     0.00000     0.00000    -0.58195    -0.91590
     0.54500     0.04489     0.09548    -0.16233     0.00000     0.00000     0.00000    -0.57819    -0.90191
     0.55000     0.04423     0.09415    -0.15985     0.00000     0.00000     0.00000    -0.57447    -0.88823
     0.55500     0.04358     0.09283    -0.15741     0.00000     0.00000     0.00000    -0.57078    -0.87484
     0.56000     0.04294     0.09154    -0.15501     0.00000     0.00000     0.00000    -0.56713    -0.86174
     0.56500     0.04231     0.09026    -0.15265     0.00000     0.00000     0.00000    -0.56351    -0.84891
     0.57000     0.04169     0.08901    -0.15034     0.00000     0.00000     0.00000    -0.55993    -0.83635
     0.57500     0.04109     0.08777    -0.14806     0.00000     0.00000     0.00000    -0.55638    -0.82405
     0.58000     0.04049     0.08656    -0.14581     0.00000     0.00000     0.00000    -0.55286    -0.81201
     0.58500     0.03990     0.08536    -0.14361     0.00000     0.00000     0.00000    -0.54938    -0.80022
     0.59000     0.03932     0.08418    -0.14144     0.00000     0.00000     0.00000    -0.54593    -0.78866
     0.59500     0.03875     0.08301    -0.13930     0.00000     0.00000     0.00000    -0.54251    -0.77735
     0.60000     0.03819     0.08187    -0.13720     0.00000     0.00000     0.00000    -0.53912    -0.76626
     0.60500     0.03764     0.08074    -0.13514     0.00000     0.00000     0.00000    -0.53577    -0.75539
     0.61000     0.03709     0.07963    -0.13310     0.00000     0.00000     0.00000    -0.53245    -0.74474
     0.61500     0.03656     0.07853    -0.13111     0.00000     0.00000     0.00000    -0.52916    -0.73430
     0.62000     0.03603     0.07746    -0.12914     0.00000     0.00000     0.00000    -0.52590    -0.72406
     0.62500     0.03551     0.07639    -0.12721     0.00000     0.00000     0.00000    -0.52266    -0.71402
     0.63000     0.03500     0.07535    -0.12530     0.00000     0.00000     0.00000    -0.51946    -0.70418
     0.63500     0.03450     0.07432    -0.12343     0.00000     0.00000     0.00000    -0.51629    -0.69453
     0.64000     0.03401     0.07330    -0.12159     0.00000     0.00000     0.00000    -0.51315    -0.68507
     0.64500     0.03352     0.07230    -0.11978     0.00000     0.00000     0.00000    -0.51003    -0.67578
     0.65000     0.03304     0.07132    -0.11799     0.00000     0.00000     0.00000    -0.50695    -0.66667
     0.65500     0.03257     0.07034    -0.11624     0.00000     0.00000     0.00000    -0.50389    -0.65773
     0.66000     0.03210     0.06939    -0.11451     0.00000     0.00000     0.00000    -0.50086    -0.64896
     0.66500     0.03165     0.06845    -0.11281     0.00000     0.00000     0.00000    -0.49785    -0.64036
     0.67000     0.03119     0.06752    -0.11114     0.00000     0.00000     0.00000    -0.49488    -0.63191
     0.67500     0.03075     0.06660    -0.10950     0.00000     0.00000     0.00000    -0.49193    -0.62362
     0.68000     0.03031     0.06570    -0.10788     0.00000     0.00000     0.00000    -0.48900    -0.61548
     0.68500     0.02989     0.06481    -0.10628     0.00000     0.00000     0.00000    -0.48610    -0.60748
     0.69000     0.02946     0.06394    -0.10472     0.00000     0.00000     0.00000    -0.48323    -0.59964
     0.69500     0.02905     0.06307    -0.10317     0.00000     0.00000     0.00000    -0.48039    -0.59193
     0.70000     0.02863     0.06222    -0.10165     0.00000     0.00000     0.00000    -0.47756    -0.58436
     0.70500     0.02823     0.06139    -0.10016     0.00000     0.00000     0.00000    -0.47477    -0.57693
     0.71000     0.02783     0.06056    -0.09869     0.00000     0.00000     0.00000    -0.47199    -0.56963
     0.71500     0.02744     0.05975    -0.09724     0.00000     0.00000     0.00000    -0.46925    -0.56245
     0.72000     0.02705     0.05895    -0.09582     0.00000     0.00000     0.00000    -0.46652    -0.55540
     0.72500     0.02667     0.05816    -0.09441     0.00000     0.00000     0.00000    -0.46382    -0.54848
     0.73000     0.02630     0.05738    -0.09303     0.00000     0.00000     0.00000    -0.46114    -0.54167
     0.73500     0.02593     0.05661    -0.09167     0.00000     0.00000     0.00000    -0.45849    -0.53498
     0.74000     0.02557     0.05585    -0.09034     0.00000     0.00000     0.00000    -0.45586    -0.52841
     0.74500     0.02521     0.05511    -0.08902     0.00000     0.00000     0.00000    -0.45325    -0.52195
     0.75000     0.02486     0.05437    -0.08772     0.00000     0.00000     0.00000    -0.45066    -0.51559
     0.75500     0.02451     0.05365    -0.08645     0.00000     0.00000     0.00000    -0.44810    -0.50935
     0.76000     0.02417     0.05293    -0.08519     0.00000     0.00000     0.00000    -0.44556    -0.50321
     0.76500     0.02383     0.05223    -0.08395     0.00000     0.00000     0.00000    -0.44304    -0.49717
     0.77000     0.02350     0.05154    -0.08274     0.00000     0.00000     0.00000    -0.44054    -0.49123
     0.77500     0.02317     0.05085    -0.08154     0.00000     0.00000     0.00000    -0.43806    -0.48539
     0.78000     0.02285     0.05018    -0.08036     0.00000     0.00000     0.00000    -0.43560    -0.47965
     0.78500     0.02254     0.04951    -0.07920     0.00000     0.00000     0.00000    -0.43316    -0.47400
     0.79000     0.02222     0.04886    -0.07805     0.00000     0.00000     0.00000    -0.43075    -0.46844
     0.79500     0.02192     0.04821    -0.07693     0.00000     0.00000     0.00000    -0.42835    -0.46298
     0.80000     0.02161     0.04758    -0.07582     0.00000     0.00000     0.00000    -0.42598    -0.45760
     0.80500     0.02131     0.04695    -0.07472     0.00000     0.00000     0.00000    -0.42362    -0.45230
     0.81000     0.02102     0.04633    -0.07365     0.00000     0.00000     0.00000    -0.42128    -0.44710
     0.81500     0.02073     0.04572    -0.07259     0.00000     0.00000     0.00000    -0.41896    -0.44197
     0.82000     0.02044     0.04512    -0.07155     0.00000     0.00000     0.00000    -0.41666    -0.43693
     0.82500     0.02016     0.04453    -0.07052     0.00000     0.00000     0.00000    -0.41438    -0.43196
     0.83000     0.01989     0.04394    -0.06951     0.00000     0.00000     0.00000    -0.41212    -0.42707
     0.83500     0.01961     0.04337    -0.06852     0.00000     0.00000     0.00000    -0.40988    -0.42226
     0.84000     0.01934     0.04280    -0.06753     0.00000     0.00000     0.00000    -0.40766    -0.41753
     0.84500     0.01908     0.04224    -0.06657     0.00000     0.00000     0.00000    -0.40545    -0.41286
     0.85000     0.01882     0.04168    -0.06562     0.00000     0.00000     0.00000    -0.40326    -0.40827
     0.85500     0.01856     0.04114    -0.06468     0.00000     0.00000     0.00000    -0.40109    -0.40375
     0.86000     0.01831     0.04060    -0.06376     0.00000     0.00000     0.00000    -0.39894    -0.39930
     0.86500     0.01806     0.04007    -0.06285     0.00000     0.00000     0.00000    -0.39680    -0.39491
     0.87000     0.01781     0.03955    -0.06196     0.00000     0.00000     0.00000    -0.39468    -0.39060
     0.87500     0.01757     0.03904    -0.06108     0.00000     0.00000     0.00000    -0.39258    -0.38634
     0.88000     0.01733     0.03853    -0.06021     0.00000     0.00000     0.00000    -0.39049    -0.38215
     0.88500     0.01709     0.03803    -0.05936     0.00000     0.00000     0.00000    -0.38842    -0.37803
     0.89000     0.01686     0.03753    -0.05851     0.00000     0.00000     0.00000    -0.38637    -0.37396
     0.89500     0.01663     0.03704    -0.05769     0.00000     0.00000     0.00000    -0.38434    -0.36996
     0.90000     0.01640     0.03656    -0.05687     0.00000     0.00000     0.00000    -0.38232    -0.36601
     0.90500     0.01618     0.03609    -0.05606     0.00000     0.00000     0.00000    -0.38031    -0.36212
     0.91000     0.01596     0.03562    -0.05527     0.00000     0.00000     0.00000    -0.37832    -0.35829
     0.91500     0.01575     0.03516    -0.05449     0.00000     0.00000     0.00000    -0.37635    -0.35451
     0.92000     0.01553     0.03471    -0.05372     0.00000     0.00000     0.00000    -0.37439    -0.35079
     0.92500     0.01532     0.03426    -0.05297     0.00000     0.00000     0.00000    -0.37245    -0.34712
     0.93000     0.01512     0.03382    -0.05222     0.00000     0.00000     0.00000    -0.37052    -0.34351
     0.93500     0.01491     0.03338    -0.05149     0.00000     0.00000     0.00000    -0.36861    -0.33994
     0.94000     0.01471     0.03295    -0.05076     0.00000     0.00000     0.00000    -0.36671    -0.33643
     0.94500     0.01451     0.03253    -0.05005     0.00000     0.00000     0.00000    -0.36483    -0.33297
     0.95000     0.01432     0.03211    -0.04935     0.00000     0.00000     0.00000    -0.36296    -0.32955
     0.95500     0.01413     0.03170    -0.04865     0.00000     0.00000     0.00000    -0.36111    -0.32618
     0.96000     0.01394     0.03129    -0.04797     0.00000     0.00000     0.00000    -0.35927    -0.32286
     0.96500     0.01375     0.03089    -0.04730     0.00000     0.00000     0.00000    -0.35744    -0.31959
     0.97000     0.01356     0.03049    -0.04664     0.00000     0.00000     0.00000    -0.35563    -0.31636
     0.97500     0.01338     0.03010    -0.04599     0.00000     0.00000     0.00000    -0.35383    -0.31318
     0.98000     0.01320     0.02971    -0.04534     0.00000     0.00000     0.00000    -0.35205    -0.31004
     0.98500     0.01303     0.02933    -0.04471     0.00000     0.00000     0.00000    -0.35027    -0.30695
     0.99000     0.01285     0.02896    -0.04409     0.00000     0.00000     0.00000    -0.34852    -0.30389
     0.99500     0.01268     0.02859    -0.04347     0.00000     0.00000     0.00000    -0.34677    -0.30088
     1.00000     0.01251     0.02822    -0.04287     0.00000     0.00000     0.00000    -0.34504    -0.29791
     1.00500     0.01234     0.02786    -0.04227     0.00000     0.00000     0.00000    -0.34332    -0.29498
     1.01000     0.01218     0.02751    -0.04168     0.00000     0.00000     0.00000    -0.34162    -0.29208
     1.01500     0.01202     0.02716    -0.04111     0.00000     0.00000     0.00000    -0.33992    -0.28923
     1.02000     0.01186     0.02681    -0.04053     0.00000     0.00000     0.00000    -0.33824    -0.28642
     1.02500     0.01170     0.02647    -0.03997     0.00000     0.00000     0.00000    -0.33657    -0.28364
     1.03000     0.01155     0.02614    -0.03942     0.00000     0.00000     0.00000    -0.33492    -0.28090
     1.03500     0.01139     0.02580    -0.03887     0.00000     0.00000     0.00000    -0.33327    -0.27819
     1.04000     0.01124     0.02548    -0.03833     0.00000     0.00000     0.00000    -0.33164    -0.27552
     1.04500     0.01109     0.02515    -0.03780     0.00000     0.00000     0.00000    -0.33002    -0.27289
     1.05000     0.01094     0.02483    -0.03728     0.00000     0.00000     0.00000    -0.32841    -0.27029
     1.05500     0.01080     0.02452    -0.03677     0.00000     0.00000     0.00000    -0.32682    -0.26773
     1.06000     0.01066     0.02421    -0.03626     0.00000     0.00000     0.00000    -0.32523    -0.26519
     1.06500     0.01052     0.02390    -0.03576     0.00000     0.00000     0.00000    -0.32366    -0.26269
     1.07000     0.01038     0.02360    -0.03527     0.00000     0.00000     0.00000    -0.32210    -0.26022
     1.07500     0.01024     0.02330    -0.03478     0.00000     0.00000     0.00000    -0.32055    -0.25779
     1.08000     0.01011     0.02301    -0.03430     0.00000     0.00000     0.00000    -0.31901    -0.25538
     1.08500     0.00997     0.02272    -0.03383     0.00000     0.00000     0.00000    -0.31748    -0.25301
     1.09000     0.00984     0.02243    -0.03337     0.00000     0.00000     0.00000    -0.31596    -0.25067
     1.09500     0.00971     0.02215    -0.03291     0.00000     0.00000     0.00000    -0.31446    -0.24835
     1.10000     0.00958     0.02187    -0.03246     0.00000     0.00000     0.00000    -0.31296    -0.24606
     1.10500     0.00946     0.02159    -0.03201     0.00000     0.00000     0.00000    -0.31148    -0.24381
     1.11000     0.00933     0.02132    -0.03157     0.00000     0.00000     0.00000    -0.31000    -0.24158
     1.11500     0.00921     0.02106    -0.03114     0.00000     0.00000     0.00000    -0.30854    -0.23938
     1.12000     0.00909     0.02079    -0.03071     0.00000     0.00000     0.00000    -0.30708    -0.23720
     1.12500     0.00897     0.02053    -0.03029     0.00000     0.00000     0.00000    -0.30564    -0.23506
     1.13000     0.00885     0.02027    -0.02988     0.00000     0.00000     0.00000    -0.30421    -0.23294
     1.13500     0.00874     0.02002    -0.02947     0.00000     0.00000     0.00000    -0.30278    -0.23084
     1.14000     0.00862     0.01977    -0.02907     0.00000     0.00000     0.00000    -0.30137    -0.22877
     1.14500     0.00851     0.01952    -0.02867     0.00000     0.00000     0.00000    -0.29997    -0.22673
     1.15000     0.00840     0.01928    -0.02828     0.00000     0.00000     0.00000    -0.29857    -0.22471
     1.15500     0.00829     0.01904    -0.02790     0.00000     0.00000     0.00000    -0.29719    -0.22272
     1.16000     0.00818     0.01880    -0.02752     0.00000     0.00000     0.00000    -0.29582    -0.22075
     1.16500     0.00808     0.01856    -0.02714     0.00000     0.00000     0.00000    -0.29445    -0.21880
     1.17000     0.00797     0.01833    -0.02678     0.00000     0.00000     0.00000    -0.29310    -0.21688
     1.17500     0.00787     0.01810    -0.02641     0.00000     0.00000     0.00000    -0.29175    -0.21498
     1.18000     0.00776     0.01788    -0.02605     0.00000     0.00000     0.00000    -0.29041    -0.21310
     1.18500     0.00766     0.01765    -0.02570     0.00000     0.00000     0.00000    -0.28909    -0.21125
     1.19000     0.00756     0.01743    -0.02535     0.00000     0.00000     0.00000    -0.28777    -0.20941
     1.19500     0.00747     0.01722    -0.02501     0.00000     0.00000     0.00000    -0.28646    -0.20760
     1.20000     0.00737     0.01700    -0.02467     0.00000     0.00000     0.00000    -0.28516    -0.20581
     1.20500     0.00727     0.01679    -0.02434     0.00000     0.00000     0.00000    -0.28387    -0.20404
     1.21000     0.00718     0.01658    -0.02401     0.00000     0.00000     0.00000    -0.28258    -0.20229
     1.21500     0.00709     0.01638    -0.02368     0.00000     0.00000     0.00000    -0.28131    -0.20057
     1.22000     0.00699     0.01617    -0.02336     0.00000     0.00000     0.00000    -0.28004    -0.19886
     1.22500     0.00690     0.01597    -0.02305     0.00000     0.00000     0.00000    -0.27879    -0.19717
     1.23000     0.00681     0.01578    -0.02274     0.00000     0.00000     0.00000    -0.27754    -0.19550
     1.23500     0.00673     0.01558    -0.02243     0.00000     0.00000     0.00000    -0.27630    -0.19385
     1.24000     0.00664     0.01539    -0.02213     0.00000     0.00000     0.00000    -0.27506    -0.19222
     1.24500     0.00655     0.01520    -0.02183     0.00000     0.00000     0.00000    -0.27384    -0.19061
     1.25000     0.00647     0.01501    -0.02154     0.00000     0.00000     0.00000    -0.27262    -0.18901
     1.25500     0.00639     0.01482    -0.02125     0.00000     0.00000     0.00000    -0.27142    -0.18744
     1.26000     0.00630     0.01464    -0.02096     0.00000     0.00000     0.00000    -0.27022    -0.18588
     1.26500     0.00622     0.01446    -0.02068     0.00000     0.00000     0.00000    -0.26903    -0.18434
     1.27000     0.00614     0.01428    -0.02040     0.00000     0.00000     0.00000    -0.26784    -0.18282
     1.27500     0.00606     0.01411    -0.02013     0.00000     0.00000     0.00000    -0.26667    -0.18131
     1.28000     0.00599     0.01393    -0.01986     0.00000     0.00000     0.00000    -0.26550    -0.17982
     1.28500     0.00591     0.01376    -0.01959     0.00000     0.00000     0.00000    -0.26434    -0.17835
     1.29000     0.00583     0.01359    -0.01933     0.00000     0.00000     0.00000    -0.26318    -0.17689
     1.29500     0.00576     0.01342    -0.01907     0.00000     0.00000     0.00000    -0.26204    -0.17545
     1.30000     0.00569     0.01326    -0.01881     0.00000     0.00000     0.00000    -0.26090    -0.17403
     1.30500     0.00561     0.01310    -0.01856     0.00000     0.00000     0.00000    -0.25977    -0.17262
     1.31000     0.00554     0.01293    -0.01832     0.00000     0.00000     0.00000    -0.25865    -0.17123
     1.31500     0.00547     0.01278    -0.01807     0.00000     0.00000     0.00000    -0.25753    -0.16985
     1.32000     0.00540     0.01262    -0.01783     0.00000     0.00000     0.00000    -0.25642    -0.16849
     1.32500     0.00533     0.01246    -0.01759     0.00000     0.00000     0.00000    -0.25532    -0.16714
     1.33000     0.00526     0.01231    -0.01736     0.00000     0.00000     0.00000    -0.25422    -0.16580
     1.33500     0.00520     0.01216    -0.01713     0.00000     0.00000     0.00000    -0.25314    -0.16449
     1.34000     0.00513     0.01201    -0.01690     0.00000     0.00000     0.00000    -0.25206    -0.16318
     1.34500     0.00506     0.01186    -0.01667     0.00000     0.00000     0.00000    -0.25098    -0.16189
     1.35000     0.00500     0.01172    -0.01645     0.00000     0.00000     0.00000    -0.24992    -0.16061
     1.35500     0.00494     0.01158    -0.01623     0.00000     0.00000     0.00000    -0.24886    -0.15935
     1.36000     0.00487     0.01144    -0.01602     0.00000     0.00000     0.00000    -0.24780    -0.15810
     1.36500     0.00481     0.01130    -0.01580     0.00000     0.00000     0.00000    -0.24676    -0.15686
     1.37000     0.00475     0.01116    -0.01559     0.00000     0.00000     0.00000    -0.24572    -0.15564
     1.37500     0.00469     0.01102    -0.01539     0.00000     0.00000     0.00000    -0.24468    -0.15443
     1.38000     0.00463     0.01089    -0.01518     0.00000     0.00000     0.00000    -0.24366    -0.15323
     1.38500     0.00457     0.01075    -0.01498     0.00000     0.00000     0.00000    -0.24263    -0.15205
     1.39000     0.00451     0.01062    -0.01478     0.00000     0.00000     0.00000    -0.24162    -0.15087
     1.39500     0.00446     0.01049    -0.01459     0.00000     0.00000     0.00000    -0.24061    -0.14971
     1.40000     0.00440     0.01037    -0.01439     0.00000     0.00000     0.00000    -0.23961    -0.14857
     1.40500     0.00434     0.01024    -0.01420     0.00000     0.00000     0.00000    -0.23862    -0.14743
     1.41000     0.00429     0.01012    -0.01402     0.00000     0.00000     0.00000    -0.23763    -0.14630
     1.41500     0.00423     0.00999    -0.01383     0.00000     0.00000     0.00000    -0.23664    -0.14519
     1.42000     0.00418     0.00987    -0.01365     0.00000     0.00000     0.00000    -0.23567    -0.14409
     1.42500     0.00413     0.00975    -0.01347     0.00000     0.00000     0.00000    -0.23470    -0.14300
     1.43000     0.00408     0.00963    -0.01329     0.00000     0.00000     0.00000    -0.23373    -0.14192
     1.43500     0.00402     0.00952    -0.01312     0.00000     0.00000     0.00000    -0.23277    -0.14085
     1.44000     0.00397     0.00940    -0.01294     0.00000     0.00000     0.00000    -0.23182    -0.13979
     1.44500     0.00392     0.00929    -0.01277     0.00000     0.00000     0.00000    -0.23087    -0.13875
     1.45000     0.00387     0.00917    -0.01260     0.00000     0.00000     0.00000    -0.22993    -0.13771
     1.45500     0.00382     0.00906    -0.01244     0.00000     0.00000     0.00000    -0.22900    -0.13669
     1.46000     0.00378     0.00895    -0.01227     0.00000     0.00000     0.00000    -0.22807    -0.13567
     1.46500     0.00373     0.00884    -0.01211     0.00000     0.00000     0.00000    -0.22714    -0.13466
     1.47000     0.00368     0.00874    -0.01195     0.00000     0.00000     0.00000    -0.22622    -0.13367
     1.47500     0.00364     0.00863    -0.01180     0.00000     0.00000     0.00000    -0.22531    -0.13268
     1.48000     0.00359     0.00853    -0.01164     0.00000     0.00000     0.00000    -0.22440    -0.13171
     1.48500     0.00355     0.00843    -0.01149     0.00000     0.00000     0.00000    -0.22350    -0.13074
     1.49000     0.00350     0.00832    -0.01134     0.00000     0.00000     0.00000    -0.22260    -0.12979
     1.49500     0.00346     0.00822    -0.01119     0.00000     0.00000     0.00000    -0.22171    -0.12884
     1.50000     0.00341     0.00812    -0.01104     0.00000     0.00000     0.00000    -0.22083    -0.12790
     1.50500     0.00337     0.00803    -0.01090     0.00000     0.00000     0.00000    -0.21994    -0.12698
     1.51000     0.00333     0.00793    -0.01076     0.00000     0.00000     0.00000    -0.21907    -0.12606
     1.51500     0.00329     0.00783    -0.01062     0.00000     0.00000     0.00000    -0.21820    -0.12515
     1.52000     0.00325     0.00774    -0.01048     0.00000     0.00000     0.00000    -0.21733    -0.12425
     1.52500     0.00320     0.00765    -0.01034     0.00000     0.00000     0.00000    -0.21647    -0.12335
     1.53000     0.00316     0.00755    -0.01021     0.00000     0.00000     0.00000    -0.21562    -0.12247
     1.53500     0.00313     0.00746    -0.01007     0.00000     0.00000     0.00000    -0.21477    -0.12160
     1.54000     0.00309     0.00737    -0.00994     0.00000     0.00000     0.00000    -0.21393    -0.12073
     1.54500     0.00305     0.00728    -0.00981     0.00000     0.00000     0.00000    -0.21309    -0.11987
     1.55000     0.00301     0.00720    -0.00968     0.00000     0.00000     0.00000    -0.21225    -0.11902
     1.55500     0.00297     0.00711    -0.00956     0.00000     0.00000     0.00000    -0.21142    -0.11818
     1.56000     0.00293     0.00703    -0.00943     0.00000     0.00000     0.00000    -0.21060    -0.11734
     1.56500     0.00290     0.00694    -0.00931     0.00000     0.00000     0.00000    -0.20978    -0.11652
     1.57000     0.00286     0.00686    -0.00919     0.00000     0.00000     0.00000    -0.20896    -0.11570
     1.57500     0.00283     0.00678    -0.00907     0.00000     0.00000     0.00000    -0.20815    -0.11489
     1.58000     0.00279     0.00669    -0.00895     0.00000     0.00000     0.00000    -0.20734    -0.11409
     1.58500     0.00276     0.00661    -0.00883     0.00000     0.00000     0.00000    -0.20654    -0.11329
     1.59000     0.00272     0.00654    -0.00872     0.00000     0.00000     0.00000    -0.20575    -0.11250
     1.59500     0.00269     0.00646    -0.00861     0.00000     0.00000     0.00000    -0.20495    -0.11172
     1.60000     0.00265     0.00638    -0.00850     0.00000     0.00000     0.00000    -0.20417    -0.11095
     1.60500     0.00262     0.00630    -0.00838     0.00000     0.00000     0.00000    -0.20338    -0.11018
     1.61000     0.00259     0.00623    -0.00828     0.00000     0.00000     0.00000    -0.20260    -0.10943
     1.61500     0.00256     0.00615    -0.00817     0.00000     0.00000     0.00000    -0.20183    -0.10867
     1.62000     0.00253     0.00608    -0.00806     0.00000     0.00000     0.00000    -0.20106    -0.10793
     1.62500     0.00249     0.00601    -0.00796     0.00000     0.00000     0.00000    -0.20030    -0.10719
     1.63000     0.00246     0.00594    -0.00786     0.00000     0.00000     0.00000    -0.19953    -0.10646
     1.63500     0.00243     0.00587    -0.00775     0.00000     0.00000     0.00000    -0.19878    -0.10574
     1.64000     0.00240     0.00580    -0.00765     0.00000     0.00000     0.00000    -0.19803    -0.10502
     1.64500     0.00237     0.00573    -0.00755     0.00000     0.00000     0.00000    -0.19728    -0.10431
     1.65000     0.00234     0.00566    -0.00746     0.00000     0.00000     0.00000    -0.19653    -0.10360
     1.65500     0.00231     0.00559    -0.00736     0.00000     0.00000     0.00000    -0.19579    -0.10291
     1.66000     0.00229     0.00552    -0.00727     0.00000     0.00000     0.00000    -0.19506    -0.10221
     1.66500     0.00226     0.00546    -0.00717     0.00000     0.00000     0.00000    -0.19433    -0.10153
     1.67000     0.00223     0.00539    -0.00708     0.00000     0.00000     0.00000    -0.19360    -0.10085
     1.67500     0.00220     0.00533    -0.00699     0.00000     0.00000     0.00000    -0.19288    -0.10018
     1.68000     0.00218     0.00527    -0.00690     0.00000     0.00000     0.00000    -0.19216    -0.09951
     1.68500     0.00215     0.00520    -0.00681     0.00000     0.00000     0.00000    -0.19144    -0.09885
     1.69000     0.00212     0.00514    -0.00672     0.00000     0.00000     0.00000    -0.19073    -0.09819
     1.69500     0.00210     0.00508    -0.00664     0.00000     0.00000     0.00000    -0.19003    -0.09754
     1.70000     0.00207     0.00502    -0.00655     0.00000     0.00000     0.00000    -0.18932    -0.09690
     1.70500     0.00204     0.00496    -0.00647     0.00000     0.00000     0.00000    -0.18862    -0.09626
     1.71000     0.00202     0.00490    -0.00638     0.00000     0.00000     0.00000    -0.18793    -0.09563
     1.71500     0.00199     0.00484    -0.00630     0.00000     0.00000     0.00000    -0.18724    -0.09500
     1.72000     0.00197     0.00479    -0.00622     0.00000     0.00000     0.00000    -0.18655    -0.09438
     1.72500     0.00195     0.00473    -0.00614     0.00000     0.00000     0.00000    -0.18586    -0.09377
     1.73000     0.00192     0.00467    -0.00606     0.00000     0.00000     0.00000    -0.18518    -0.09316
     1.73500     0.00190     0.00462    -0.00598     0.00000     0.00000     0.00000    -0.18451    -0.09255
     1.74000     0.00187     0.00456    -0.00591     0.00000     0.00000     0.00000    -0.18384    -0.09195
     1.74500     0.00185     0.00451    -0.00583     0.00000     0.00000     0.00000    -0.18317    -0.09136
     1.75000     0.00183     0.00446    -0.00576     0.00000     0.00000     0.00000    -0.18250    -0.09077
     1.75500     0.00181     0.00440    -0.00568     0.00000     0.00000     0.00000    -0.18184    -0.09018
     1.76000     0.00178     0.00435    -0.00561     0.00000     0.00000     0.00000    -0.18118    -0.08960
     1.76500     0.00176     0.00430    -0.00554     0.00000     0.00000     0.00000    -0.18053    -0.08903
     1.77000     0.00174     0.00425    -0.00547     0.00000     0.00000     0.00000    -0.17987    -0.08846
     1.77500     0.00172     0.00420    -0.00540     0.00000     0.00000     0.00000    -0.17923    -0.08790
     1.78000     0.00170     0.00415    -0.00533     0.00000     0.00000     0.00000    -0.17858    -0.08734
     1.78500     0.00168     0.00410    -0.00526     0.00000     0.00000     0.00000    -0.17794    -0.08678
     1.79000     0.00166     0.00405    -0.00519     0.00000     0.00000     0.00000    -0.17731    -0.08623
     1.79500     0.00164     0.00400    -0.00513     0.00000     0.00000     0.00000    -0.17667    -0.08569
     1.80000     0.00162     0.00396    -0.00506     0.00000     0.00000     0.00000    -0.17604    -0.08515
     1.80500     0.00160     0.00391    -0.00500     0.00000     0.00000     0.00000    -0.17541    -0.08461
     1.81000     0.00158     0.00386    -0.00493     0.00000     0.00000     0.00000    -0.17479    -0.08408
     1.81500     0.00156     0.00382    -0.00487     0.00000     0.00000     0.00000    -0.17417    -0.08355
     1.82000     0.00154     0.00377    -0.00481     0.00000     0.00000     0.00000    -0.17355    -0.08303
     1.82500     0.00152     0.00373    -0.00475     0.00000     0.00000     0.00000    -0.17294    -0.08251
     1.83000     0.00150     0.00369    -0.00469     0.00000     0.00000     0.00000    -0.17233    -0.08200
     1.83500     0.00148     0.00364    -0.00463     0.00000     0.00000     0.00000    -0.17172    -0.08149
     1.84000     0.00147     0.00360    -0.00457     0.00000     0.00000     0.00000    -0.17112    -0.08099
     1.84500     0.00145     0.00356    -0.00451     0.00000     0.00000     0.00000    -0.17052    -0.08048
     1.85000     0.00143     0.00352    -0.00445     0.00000     0.00000     0.00000    -0.16992    -0.07999
     1.85500     0.00141     0.00347    -0.00440     0.00000     0.00000     0.00000    -0.16932    -0.07950
     1.86000     0.00140     0.00343    -0.00434     0.00000     0.00000     0.00000    -0.16873    -0.07901
     1.86500     0.00138     0.00339    -0.00428     0.00000     0.00000     0.00000    -0.16814    -0.07852
     1.87000     0.00136     0.00335    -0.00423     0.00000     0.00000     0.00000    -0.16756    -0.07804
     1.87500     0.00135     0.00331    -0.00418     0.00000     0.00000     0.00000    -0.16698    -0.07757
     1.88000     0.00133     0.00328    -0.00412     0.00000     0.00000     0.00000    -0.16640    -0.07709
     1.88500     0.00131     0.00324    -0.00407     0.00000     0.00000     0.00000    -0.16582    -0.07662
     1.89000     0.00130     0.00320    -0.00402     0.00000     0.00000     0.00000    -0.16525    -0.07616
     1.89500     0.00128     0.00316    -0.00397     0.00000     0.00000     0.00000    -0.16468    -0.07570
     1.90000     0.00127     0.00312    -0.00392     0.00000     0.00000     0.00000    -0.16411    -0.07524
     1.90500     0.00125     0.00309    -0.00387     0.00000     0.00000     0.00000    -0.16354    -0.07479
     1.91000     0.00123     0.00305    -0.00382     0.00000     0.00000     0.00000    -0.16298    -0.07434
     1.91500     0.00122     0.00302    -0.00377     0.00000     0.00000     0.00000    -0.16242    -0.07389
     1.92000     0.00121     0.00298    -0.00372     0.00000     0.00000     0.00000    -0.16187    -0.07345
     1.92500     0.00119     0.00295    -0.00368     0.00000     0.00000     0.00000    -0.16132    -0.07301
     1.93000     0.00118     0.00291    -0.00363     0.00000     0.00000     0.00000    -0.16077    -0.07257
     1.93500     0.00116     0.00288    -0.00358     0.00000     0.00000     0.00000    -0.16022    -0.07214
     1.94000     0.00115     0.00284    -0.00354     0.00000     0.00000     0.00000    -0.15967    -0.07171
     1.94500     0.00113     0.00281    -0.00349     0.00000     0.00000     0.00000    -0.15913    -0.07129
     1.95000     0.00112     0.00278    -0.00345     0.00000     0.00000     0.00000    -0.15859    -0.07087
     1.95500     0.00111     0.00275    -0.00341     0.00000     0.00000     0.00000    -0.15806    -0.07045
     1.96000     0.00109     0.00271    -0.00336     0.00000     0.00000     0.00000    -0.15752    -0.07003
     1.96500     0.00108     0.00268    -0.00332     0.00000     0.00000     0.00000    -0.15699    -0.06962
     1.97000     0.00107     0.00265    -0.00328     0.00000     0.00000     0.00000    -0.15646    -0.06921
     1.97500     0.00105     0.00262    -0.00324     0.00000     0.00000     0.00000    -0.15594    -0.06881
     1.98000     0.00104     0.00259    -0.00320     0.00000     0.00000     0.00000    -0.15542    -0.06840
     1.98500     0.00103     0.00256    -0.00316     0.00000     0.00000     0.00000    -0.15490    -0.06800
     1.99000     0.00102     0.00253    -0.00312     0.00000     0.00000     0.00000    -0.15438    -0.06761
     1.99500     0.00100     0.00250    -0.00308     0.00000     0.00000     0.00000    -0.15386    -0.06722
     2.00000     0.00099     0.00247    -0.00304     0.00000     0.00000     0.00000    -0.15335    -0.06683
     2.00500     0.00098     0.00244    -0.00300     0.00000     0.00000     0.00000    -0.15284    -0.06644
     2.01000     0.00097     0.00241    -0.00296     0.00000     0.00000     0.00000    -0.15233    -0.06606
     2.01500     0.00096     0.00239    -0.00293     0.00000     0.00000     0.00000    -0.15183    -0.06568
     2.02000     0.00095     0.00236    -0.00289     0.00000     0.00000     0.00000    -0.15133    -0.06530
     2.02500     0.00093     0.00233    -0.00285     0.00000     0.00000     0.00000    -0.15083    -0.06492
     2.03000     0.00092     0.00230    -0.00282     0.00000     0.00000     0.00000    -0.15033    -0.06455
     2.03500     0.00091     0.00228    -0.00278     0.00000     0.00000     0.00000    -0.14983    -0.06418
     2.04000     0.00090     0.00225    -0.00275     0.00000     0.00000     0.00000    -0.14934    -0.06381
     2.04500     0.00089     0.00222    -0.00271     0.00000     0.00000     0.00000    -0.14885    -0.06345
     2.05000     0.00088     0.00220    -0.00268     0.00000     0.00000     0.00000    -0.14836    -0.06309
     2.05500     0.00087     0.00217    -0.00264     0.00000     0.00000     0.00000    -0.14788    -0.06273
     2.06000     0.00086     0.00215    -0.00261     0.00000     0.00000     0.00000    -0.14740    -0.06238
     2.06500     0.00085     0.00212    -0.00258     0.00000     0.00000     0.00000    -0.14692    -0.06203
     2.07000     0.00084     0.00210    -0.00255     0.00000     0.00000     0.00000    -0.14644    -0.06168
     2.07500     0.00083     0.00207    -0.00251     0.00000     0.00000     0.00000    -0.14596    -0.06133
     2.08000     0.00082     0.00205    -0.00248     0.00000     0.00000     0.00000    -0.14549    -0.06098
     2.08500     0.00081     0.00203    -0.00245     0.00000     0.00000     0.00000    -0.14502    -0.06064
     2.09000     0.00080     0.00200    -0.00242     0.00000     0.00000     0.00000    -0.14455    -0.06030
     2.09500     0.00079     0.00198    -0.00239     0.00000     0.00000     0.00000    -0.14408    -0.05997
     2.10000     0.00078     0.00196    -0.00236     0.00000     0.00000     0.00000    -0.14362    -0.05963
     2.10500     0.00077     0.00193    -0.00233     0.00000     0.00000     0.00000    -0.14315    -0.05930
     2.11000     0.00076     0.00191    -0.00230     0.00000     0.00000     0.00000    -0.14269    -0.05897
     2.11500     0.00075     0.00189    -0.00227     0.00000     0.00000     0.00000    -0.14224    -0.05864
     2.12000     0.00074     0.00187    -0.00225     0.00000     0.00000     0.00000    -0.14178    -0.05832
     2.12500     0.00073     0.00185    -0.00222     0.00000     0.00000     0.00000    -0.14133    -0.05800
     2.13000     0.00072     0.00182    -0.00219     0.00000     0.00000     0.00000    -0.14088    -0.05768
     2.13500     0.00072     0.00180    -0.00216     0.00000     0.00000     0.00000    -0.14043    -0.05736
     2.14000     0.00071     0.00178    -0.00214     0.00000     0.00000     0.00000    -0.13998    -0.05704
     2.14500     0.00070     0.00176    -0.00211     0.00000     0.00000     0.00000    -0.13954    -0.05673
     2.15000     0.00069     0.00174    -0.00208     0.00000     0.00000     0.00000    -0.13909    -0.05642
     2.15500     0.00068     0.00172    -0.00206     0.00000     0.00000     0.00000    -0.13865    -0.05611
     2.16000     0.00067     0.00170    -0.00203     0.00000     0.00000     0.00000    -0.13822    -0.05581
     2.16500     0.00067     0.00168    -0.00201     0.00000     0.00000     0.00000    -0.13778    -0.05550
     2.17000     0.00066     0.00166    -0.00198     0.00000     0.00000     0.00000    -0.13734    -0.05520
     2.17500     0.00065     0.00164    -0.00196     0.00000     0.00000     0.00000    -0.13691    -0.05490
     2.18000     0.00064     0.00162    -0.00193     0.00000     0.00000     0.00000    -0.13648    -0.05461
     2.18500     0.00064     0.00161    -0.00191     0.00000     0.00000     0.00000    -0.13605    -0.05431
     2.19000     0.00063     0.00159    -0.00188     0.00000     0.00000     0.00000    -0.13563    -0.05402
     2.19500     0.00062     0.00157    -0.00186     0.00000     0.00000     0.00000    -0.13520    -0.05373
     2.20000     0.00061     0.00155    -0.00184     0.00000     0.00000     0.00000    -0.13478    -0.05344
     2.20500     0.00061     0.00153    -0.00181     0.00000     0.00000     0.00000    -0.13436    -0.05315
     2.21000     0.00060     0.00151    -0.00179     0.00000     0.00000     0.00000    -0.13394    -0.05287
     2.21500     0.00059     0.00150    -0.00177     0.00000     0.00000     0.00000    -0.13353    -0.05259
     2.22000     0.00058     0.00148    -0.00175     0.00000     0.00000     0.00000    -0.13311    -0.05231
     2.22500     0.00058     0.00146    -0.00173     0.00000     0.00000     0.00000    -0.13270    -0.05203
     2.23000     0.00057     0.00145    -0.00170     0.00000     0.00000     0.00000    -0.13229    -0.05175
     2.23500     0.00056     0.00143    -0.00168     0.00000     0.00000     0.00000    -0.13188    -0.05148
     2.24000     0.00056     0.00141    -0.00166     0.00000     0.00000     0.00000    -0.13147    -0.05121
     2.24500     0.00055     0.00140    -0.00164     0.00000     0.00000     0.00000    -0.13107    -0.05094
     2.25000     0.00054     0.00138    -0.00162     0.00000     0.00000     0.00000    -0.13067    -0.05067
     2.25500     0.00054     0.00137    -0.00160     0.00000     0.00000     0.00000    -0.13026    -0.05040
     2.26000     0.00053     0.00135    -0.00158     0.00000     0.00000     0.00000    -0.12987    -0.05014
     2.26500     0.00052     0.00133    -0.00156     0.00000     0.00000     0.00000    -0.12947    -0.04987
     2.27000     0.00052     0.00132    -0.00154     0.00000     0.00000     0.00000    -0.12907    -0.04961
     2.27500     0.00051     0.00130    -0.00152     0.00000     0.00000     0.00000    -0.12868    -0.04935
     2.28000     0.00051     0.00129    -0.00151     0.00000     0.00000     0.00000    -0.12829    -0.04910
     2.28500     0.00050     0.00127    -0.00149     0.00000     0.00000     0.00000    -0.12790    -0.04884
     2.29000     0.00049     0.00126    -0.00147     0.00000     0.00000     0.00000    -0.12751    -0.04859
     2.29500     0.00049     0.00124    -0.00145     0.00000     0.00000     0.00000    -0.12712    -0.04833
     2.30000     0.00048     0.00123    -0.00143     0.00000     0.00000     0.00000    -0.12674    -0.04808
     2.30500     0.00048     0.00122    -0.00141     0.00000     0.00000     0.00000    -0.12635    -0.04784
     2.31000     0.00047     0.00120    -0.00140     0.00000     0.00000     0.00000    -0.12597    -0.04759
     2.31500     0.00047     0.00119    -0.00138     0.00000     0.00000     0.00000    -0.12559    -0.04734
     2.32000     0.00046     0.00118    -0.00136     0.00000     0.00000     0.00000    -0.12521    -0.04710
     2.32500     0.00045     0.00116    -0.00135     0.00000     0.00000     0.00000    -0.12484    -0.04686
     2.33000     0.00045     0.00115    -0.00133     0.00000     0.00000     0.00000    -0.12446    -0.04662
     2.33500     0.00044     0.00114    -0.00131     0.00000     0.00000     0.00000    -0.12409    -0.04638
     2.34000     0.00044     0.00112    -0.00130     0.00000     0.00000     0.00000    -0.12372    -0.04614
     2.34500     0.00043     0.00111    -0.00128     0.00000     0.00000     0.00000    -0.12335    -0.04591
     2.35000     0.00043     0.00110    -0.00126     0.00000     0.00000     0.00000    -0.12298    -0.04567
     2.35500     0.00042     0.00108    -0.00125     0.00000     0.00000     0.00000    -0.12262    -0.04544
     2.36000     0.00042     0.00107    -0.00123     0.00000     0.00000     0.00000    -0.12225    -0.04521
     2.36500     0.00041     0.00106    -0.00122     0.00000     0.00000     0.00000    -0.12189    -0.04498
     2.37000     0.00041     0.00105    -0.00120     0.00000     0.00000     0.00000    -0.12153    -0.04476
     2.37500     0.00040     0.00104    -0.00119     0.00000     0.00000     0.00000    -0.12117    -0.04453
     2.38000     0.00040     0.00102    -0.00117     0.00000     0.00000     0.00000    -0.12081    -0.04431
     2.38500     0.00039     0.00101    -0.00116     0.00000     0.00000     0.00000    -0.12045    -0.04408
     2.39000     0.00039     0.00100    -0.00115     0.00000     0.00000     0.00000    -0.12010    -0.04386
     2.39500     0.00038     0.00099    -0.00113     0.00000     0.00000     0.00000    -0.11974    -0.04364
     2.40000     0.00038     0.00098    -0.00112     0.00000     0.00000     0.00000    -0.11939    -0.04342
     2.40500     0.00038     0.00097    -0.00110     0.00000     0.00000     0.00000    -0.11904    -0.04321
     2.41000     0.00037     0.00096    -0.00109     0.00000     0.00000     0.00000    -0.11869    -0.04299
     2.41500     0.00037     0.00094    -0.00108     0.00000     0.00000     0.00000    -0.11834    -0.04278
     2.42000     0.00036     0.00093    -0.00106     0.00000     0.00000     0.00000    -0.11800    -0.04257
     2.42500     0.00036     0.00092    -0.00105     0.00000     0.00000     0.00000    -0.11765    -0.04236
     2.43000     0.00035     0.00091    -0.00104     0.00000     0.00000     0.00000    -0.11731    -0.04215
     2.43500     0.00035     0.00090    -0.00103     0.00000     0.00000     0.00000    -0.11697    -0.04194
     2.44000     0.00035     0.00089    -0.00101     0.00000     0.00000     0.00000    -0.11663    -0.04173
     2.44500     0.00034     0.00088    -0.00100     0.00000     0.00000     0.00000    -0.11629    -0.04152
     2.45000     0.00034     0.00087    -0.00099     0.00000     0.00000     0.00000    -0.11596    -0.04132
     2.45500     0.00033     0.00086    -0.00098     0.00000     0.00000     0.00000    -0.11562    -0.04112
     2.46000     0.00033     0.00085    -0.00096     0.00000     0.00000     0.00000    -0.11529    -0.04092
     2.46500     0.00033     0.00084    -0.00095     0.00000     0.00000     0.00000    -0.11495    -0.04072
     2.47000     0.00032     0.00083    -0.00094     0.00000     0.00000     0.00000    -0.11462    -0.04052
     2.47500     0.00032     0.00082    -0.00093     0.00000     0.00000     0.00000    -0.11429    -0.04032
     2.48000     0.00031     0.00081    -0.00092     0.00000     0.00000     0.00000    -0.11396    -0.04012
     2.48500     0.00031     0.00080    -0.00091     0.00000     0.00000     0.00000    -0.11364    -0.03993
     2.49000     0.00031     0.00080    -0.00090     0.00000     0.00000     0.00000    -0.11331    -0.03974
     2.49500     0.00030     0.00079    -0.00088     0.00000     0.00000     0.00000    -0.11299    -0.03954
     2.50000     0.00030     0.00078    -0.00087     0.00000     0.00000     0.00000    -0.11267    -0.03935
     2.50500     0.00030     0.00077    -0.00086     0.00000     0.00000     0.00000    -0.11234    -0.03916
     2.51000     0.00029     0.00076    -0.00085     0.00000     0.00000     0.00000    -0.11203    -0.03897
     2.51500     0.00029     0.00075    -0.00084     0.00000     0.00000     0.00000    -0.11171    -0.03879
     2.52000     0.00029     0.00074    -0.00083     0.00000     0.00000     0.00000    -0.11139    -0.03860
     2.52500     0.00028     0.00073    -0.00082     0.00000     0.00000     0.00000    -0.11107    -0.03841
     2.53000     0.00028     0.00073    -0.00081     0.00000     0.00000     0.00000    -0.11076    -0.03823
     2.53500     0.00028     0.00072    -0.00080     0.00000     0.00000     0.00000    -0.11045    -0.03805
     2.54000     0.00027     0.00071    -0.00079     0.00000     0.00000     0.00000    -0.11013    -0.03787
     2.54500     0.00027     0.00070    -0.00078     0.00000     0.00000     0.00000    -0.10982    -0.03769
     2.55000     0.00027     0.00069    -0.00077     0.00000     0.00000     0.00000    -0.10951    -0.03751
     2.55500     0.00026     0.00069    -0.00076     0.00000     0.00000     0.00000    -0.10921    -0.03733
     2.56000     0.00026     0.00068    -0.00075     0.00000     0.00000     0.00000    -0.10890    -0.03715
     2.56500     0.00026     0.00067    -0.00074     0.00000     0.00000     0.00000    -0.10860    -0.03698
     2.57000     0.00025     0.00066    -0.00074     0.00000     0.00000     0.00000    -0.10829    -0.03680
     2.57500     0.00025     0.00066    -0.00073     0.00000     0.00000     0.00000    -0.10799    -0.03663
     2.58000     0.00025     0.00065    -0.00072     0.00000     0.00000     0.00000    -0.10769    -0.03645
     2.58500     0.00025     0.00064    -0.00071     0.00000     0.00000     0.00000    -0.10739    -0.03628
     2.59000     0.00024     0.00063    -0.00070     0.00000     0.00000     0.00000    -0.10709    -0.03611
     2.59500     0.00024     0.00063    -0.00069     0.00000     0.00000     0.00000    -0.10679    -0.03594
     2.60000     0.00024     0.00062    -0.00068     0.00000     0.00000     0.00000    -0.10649    -0.03578
     2.60500     0.00023     0.00061    -0.00068     0.00000     0.00000     0.00000    -0.10620    -0.03561
     2.61000     0.00023     0.00060    -0.00067     0.00000     0.00000     0.00000    -0.10590    -0.03544
     2.61500     0.00023     0.00060    -0.00066     0.00000     0.00000     0.00000    -0.10561    -0.03528
     2.62000     0.00023     0.00059    -0.00065     0.00000     0.00000     0.00000    -0.10532    -0.03511
     2.62500     0.00022     0.00058    -0.00064     0.00000     0.00000     0.00000    -0.10503    -0.03495
     2.63000     0.00022     0.00058    -0.00064     0.00000     0.00000     0.00000    -0.10474    -0.03479
     2.63500     0.00022     0.00057    -0.00063     0.00000     0.00000     0.00000    -0.10445    -0.03463
     2.64000     0.00022     0.00057    -0.00062     0.00000     0.00000     0.00000    -0.10417    -0.03447
     2.64500     0.00021     0.00056    -0.00061     0.00000     0.00000     0.00000    -0.10388    -0.03431
     2.65000     0.00021     0.00055    -0.00060     0.00000     0.00000     0.00000    -0.10360    -0.03415
     2.65500     0.00021     0.00055    -0.00060     0.00000     0.00000     0.00000    -0.10331    -0.03399
     2.66000     0.00021     0.00054    -0.00059     0.00000     0.00000     0.00000    -0.10303    -0.03384
     2.66500     0.00020     0.00053    -0.00058     0.00000     0.00000     0.00000    -0.10275    -0.03368
     2.67000     0.00020     0.00053    -0.00058     0.00000     0.00000     0.00000    -0.10247    -0.03353
     2.67500     0.00020     0.00052    -0.00057     0.00000     0.00000     0.00000    -0.10219    -0.03337
     2.68000     0.00020     0.00052    -0.00056     0.00000     0.00000     0.00000    -0.10191    -0.03322
     2.68500     0.00019     0.00051    -0.00056     0.00000     0.00000     0.00000    -0.10164    -0.03307
     2.69000     0.00019     0.00050    -0.00055     0.00000     0.00000     0.00000    -0.10136    -0.03292
     2.69500     0.00019     0.00050    -0.00054     0.00000     0.00000     0.00000    -0.10109    -0.03277
     2.70000     0.00019     0.00049    -0.00054     0.00000     0.00000     0.00000    -0.10082    -0.03262
     2.70500     0.00019     0.00049    -0.00053     0.00000     0.00000     0.00000    -0.10054    -0.03247
     2.71000     0.00018     0.00048    -0.00052     0.00000     0.00000     0.00000    -0.10027    -0.03233
     2.71500     0.00018     0.00048    -0.00052     0.00000     0.00000     0.00000    -0.10000    -0.03218
     2.72000     0.00018     0.00047    -0.00051     0.00000     0.00000     0.00000    -0.09973    -0.03204
     2.72500     0.00018     0.00047    -0.00050     0.00000     0.00000     0.00000    -0.09947    -0.03189
     2.73000     0.00018     0.00046    -0.00050     0.00000     0.00000     0.00000    -0.09920    -0.03175
     2.73500     0.00017     0.00046    -0.00049     0.00000     0.00000     0.00000    -0.09893    -0.03161
     2.74000     0.00017     0.00045    -0.00049     0.00000     0.00000     0.00000    -0.09867    -0.03147
     2.74500     0.00017     0.00045    -0.00048     0.00000     0.00000     0.00000    -0.09841    -0.03132
     2.75000     0.00017     0.00044    -0.00047     0.00000     0.00000     0.00000    -0.09814    -0.03118
     2.75500     0.00017     0.00044    -0.00047     0.00000     0.00000     0.00000    -0.09788    -0.03105
     2.76000     0.00016     0.00043    -0.00046     0.00000     0.00000     0.00000    -0.09762    -0.03091
     2.76500     0.00016     0.00043    -0.00046     0.00000     0.00000     0.00000    -0.09736    -0.03077
     2.77000     0.00016     0.00042    -0.00045     0.00000     0.00000     0.00000    -0.09711    -0.03063
     2.77500     0.00016     0.00042    -0.00045     0.00000     0.00000     0.00000    -0.09685    -0.03050
     2.78000     0.00016     0.00041    -0.00044     0.00000     0.00000     0.00000    -0.09659    -0.03036
     2.78500     0.00015     0.00041    -0.00044     0.00000     0.00000     0.00000    -0.09634    -0.03023
     2.79000     0.00015     0.00040    -0.00043     0.00000     0.00000     0.00000    -0.09608    -0.03010
     2.79500     0.00015     0.00040    -0.00042     0.00000     0.00000     0.00000    -0.09583    -0.02996
     2.80000     0.00015     0.00039    -0.00042     0.00000     0.00000     0.00000    -0.09558    -0.02983
     2.80500     0.00015     0.00039    -0.00041     0.00000     0.00000     0.00000    -0.09533    -0.02970
     2.81000     0.00015     0.00038    -0.00041     0.00000     0.00000     0.00000    -0.09508    -0.02957
     2.81500     0.00014     0.00038    -0.00040     0.00000     0.00000     0.00000    -0.09483    -0.02944
     2.82000     0.00014     0.00038    -0.00040     0.00000     0.00000     0.00000    -0.09458    -0.02931
     2.82500     0.00014     0.00037    -0.00040     0.00000     0.00000     0.00000    -0.09433    -0.02918
     2.83000     0.00014     0.00037    -0.00039     0.00000     0.00000     0.00000    -0.09409    -0.02906
     2.83500     0.00014     0.00036    -0.00039     0.00000     0.00000     0.00000    -0.09384    -0.02893
     2.84000     0.00014     0.00036    -0.00038     0.00000     0.00000     0.00000    -0.09360    -0.02880
     2.84500     0.00013     0.00036    -0.00038     0.00000     0.00000     0.00000    -0.09335    -0.02868
     2.85000     0.00013     0.00035    -0.00037     0.00000     0.00000     0.00000    -0.09311    -0.02855
     2.85500     0.00013     0.00035    -0.00037     0.00000     0.00000     0.00000    -0.09287    -0.02843
     2.86000     0.00013     0.00034    -0.00036     0.00000     0.00000     0.00000    -0.09263    -0.02831
     2.86500     0.00013     0.00034    -0.00036     0.00000     0.00000     0.00000    -0.09239    -0.02819
     2.87000     0.00013     0.00034    -0.00035     0.00000     0.00000     0.00000    -0.09215    -0.02806
     2.87500     0.00012     0.00033    -0.00035     0.00000     0.00000     0.00000    -0.09191    -0.02794
     2.88000     0.00012     0.00033    -0.00035     0.00000     0.00000     0.00000    -0.09168    -0.02782
     2.88500     0.00012     0.00032    -0.00034     0.00000     0.00000     0.00000    -0.09144    -0.02770
     2.89000     0.00012     0.00032    -0.00034     0.00000     0.00000     0.00000    -0.09121    -0.02759
     2.89500     0.00012     0.00032    -0.00033     0.00000     0.00000     0.00000    -0.09097    -0.02747
     2.90000     0.00012     0.00031    -0.00033     0.00000     0.00000     0.00000    -0.09074    -0.02735
     2.90500     0.00012     0.00031    -0.00033     0.00000     0.00000     0.00000    -0.09051    -0.02723
     2.91000     0.00012     0.00031    -0.00032     0.00000     0.00000     0.00000    -0.09028    -0.02712
     2.91500     0.00011     0.00030    -0.00032     0.00000     0.00000     0.00000    -0.09005    -0.02700
     2.92000     0.00011     0.00030    -0.00031     0.00000     0.00000     0.00000    -0.08982    -0.02689
     2.92500     0.00011     0.00030    -0.00031     0.00000     0.00000     0.00000    -0.08959    -0.02677
     2.93000     0.00011     0.00029    -0.00031     0.00000     0.00000     0.00000    -0.08936    -0.02666
     2.93500     0.00011     0.00029    -0.00030     0.00000     0.00000     0.00000    -0.08913    -0.02655
     2.94000     0.00011     0.00029    -0.00030     0.00000     0.00000     0.00000    -0.08891    -0.02644
     2.94500     0.00011     0.00028    -0.00030     0.00000     0.00000     0.00000    -0.08868    -0.02632
     2.95000     0.00011     0.00028    -0.00029     0.00000     0.00000     0.00000    -0.08846    -0.02621
     2.95500     0.00010     0.00028    -0.00029     0.00000     0.00000     0.00000    -0.08823    -0.02610
     2.96000     0.00010     0.00027    -0.00029     0.00000     0.00000     0.00000    -0.08801    -0.02599
     2.96500     0.00010     0.00027    -0.00028     0.00000     0.00000     0.00000    -0.08779    -0.02588
     2.97000     0.00010     0.00027    -0.00028     0.00000     0.00000     0.00000    -0.08757    -0.02578
     2.97500     0.00010     0.00027    -0.00027     0.00000     0.00000     0.00000    -0.08735    -0.02567
     2.98000     0.00010     0.00026    -0.00027     0.00000     0.00000     0.00000    -0.08713    -0.02556
     2.98500     0.00010     0.00026    -0.00027     0.00000     0.00000     0.00000    -0.08691    -0.02545
     2.99000     0.00010     0.00026    -0.00027     0.00000     0.00000     0.00000    -0.08669    -0.02535
     2.99500     0.00009     0.00025    -0.00026     0.00000     0.00000     0.00000    -0.08648    -0.02524
     3.00000     0.00009     0.00025    -0.00026     0.00000     0.00000     0.00000    -0.08626    -0.02514
     3.00500     0.00009     0.00025    -0.00026     0.00000     0.00000     0.00000    -0.08604    -0.02503
     3.01000     0.00009     0.00024    -0.00025     0.00000     0.00000     0.00000    -0.08583    -0.02493
     3.01500     0.00009     0.00024    -0.00025     0.00000     0.00000     0.00000    -0.08562    -0.02483
     3.02000     0.00009     0.00024    -0.00025     0.00000     0.00000     0.00000    -0.08540    -0.02473
     3.02500     0.00009     0.00024    -0.00024     0.00000     0.00000     0.00000    -0.08519    -0.02462
     3.03000     0.00009     0.00023    -0.00024     0.00000     0.00000     0.00000    -0.08498    -0.02452
     3.03500     0.00009     0.00023    -0.00024     0.00000     0.00000     0.00000    -0.08477    -0.02442
     3.04000     0.00009     0.00023    -0.00024     0.00000     0.00000     0.00000    -0.08456    -0.02432
     3.04500     0.00008     0.00023    -0.00023     0.00000     0.00000     0.00000    -0.08435    -0.02422
     3.05000     0.00008     0.00022    -0.00023     0.00000     0.00000     0.00000    -0.08414    -0.02412
     3.05500     0.00008     0.00022    -0.00023     0.00000     0.00000     0.00000    -0.08394    -0.02402
     3.06000     0.00008     0.00022    -0.00022     0.00000     0.00000     0.00000    -0.08373    -0.02393
     3.06500     0.00008     0.00022    -0.00022     0.00000     0.00000     0.00000    -0.08352    -0.02383
     3.07000     0.00008     0.00021    -0.00022     0.00000     0.00000     0.00000    -0.08332    -0.02373
     3.07500     0.00008     0.00021    -0.00022     0.00000     0.00000     0.00000    -0.08311    -0.02363
     3.08000     0.00008     0.00021    -0.00021     0.00000     0.00000     0.00000    -0.08291    -0.02354
     3.08500     0.00008     0.00021    -0.00021     0.00000     0.00000     0.00000    -0.08271    -0.02344
     3.09000     0.00008     0.00020    -0.00021     0.00000     0.00000     0.00000    -0.08251    -0.02335
     3.09500     0.00008     0.00020    -0.00021     0.00000     0.00000     0.00000    -0.08230    -0.02325
     3.10000     0.00007     0.00020    -0.00020     0.00000     0.00000     0.00000    -0.08210    -0.02316
     3.10500     0.00007     0.00020    -0.00020     0.00000     0.00000     0.00000    -0.08190    -0.02307
     3.11000     0.00007     0.00020    -0.00020     0.00000     0.00000     0.00000    -0.08170    -0.02297
     3.11500     0.00007     0.00019    -0.00020     0.00000     0.00000     0.00000    -0.08151    -0.02288
     3.12000     0.00007     0.00019    -0.00019     0.00000     0.00000     0.00000    -0.08131    -0.02279
     3.12500     0.00007     0.00019    -0.00019     0.00000     0.00000     0.00000    -0.08111    -0.02270
     3.13000     0.00007     0.00019    -0.00019     0.00000     0.00000     0.00000    -0.08092    -0.02261
     3.13500     0.00007     0.00019    -0.00019     0.00000     0.00000     0.00000    -0.08072    -0.02252
     3.14000     0.00007     0.00018    -0.00019     0.00000     0.00000     0.00000    -0.08052    -0.02243
     3.14500     0.00007     0.00018    -0.00018     0.00000     0.00000     0.00000    -0.08033    -0.02234
     3.15000     0.00007     0.00018    -0.00018     0.00000     0.00000     0.00000    -0.08014    -0.02225
     3.15500     0.00007     0.00018    -0.00018     0.00000     0.00000     0.00000    -0.07994    -0.02216
     3.16000     0.00006     0.00018    -0.00018     0.00000     0.00000     0.00000    -0.07975    -0.02207
     3.16500     0.00006     0.00017    -0.00017     0.00000     0.00000     0.00000    -0.07956    -0.02198
     3.17000     0.00006     0.00017    -0.00017     0.00000     0.00000     0.00000    -0.07937    -0.02190
     3.17500     0.00006     0.00017    -0.00017     0.00000     0.00000     0.00000    -0.07918    -0.02181
     3.18000     0.00006     0.00017    -0.00017     0.00000     0.00000     0.00000    -0.07899    -0.02173
     3.18500     0.00006     0.00017    -0.00017     0.00000     0.00000     0.00000    -0.07880    -0.02164
     3.19000     0.00006     0.00016    -0.00016     0.00000     0.00000     0.00000    -0.07861    -0.02155
     3.19500     0.00006     0.00016    -0.00016     0.00000     0.00000     0.00000    -0.07843    -0.02147
     3.20000     0.00006     0.00016    -0.00016     0.00000     0.00000     0.00000    -0.07824    -0.02139
     3.20500     0.00006     0.00016    -0.00016     0.00000     0.00000     0.00000    -0.07805    -0.02130
     3.21000     0.00006     0.00016    -0.00016     0.00000     0.00000     0.00000    -0.07787    -0.02122
     3.21500     0.00006     0.00015    -0.00015     0.00000     0.00000     0.00000    -0.07768    -0.02113
     3.22000     0.00006     0.00015    -0.00015     0.00000     0.00000     0.00000    -0.07750    -0.02105
     3.22500     0.00006     0.00015    -0.00015     0.00000     0.00000     0.00000    -0.07732    -0.02097
     3.23000     0.00006     0.00015    -0.00015     0.00000     0.00000     0.00000    -0.07713    -0.02089
     3.23500     0.00005     0.00015    -0.00015     0.00000     0.00000     0.00000    -0.07695    -0.02081
     3.24000     0.00005     0.00015    -0.00015     0.00000     0.00000     0.00000    -0.07677    -0.02073
     3.24500     0.00005     0.00014    -0.00014     0.00000     0.00000     0.00000    -0.07659    -0.02065
     3.25000     0.00005     0.00014    -0.00014     0.00000     0.00000     0.00000    -0.07641    -0.02057
     3.25500     0.00005     0.00014    -0.00014     0.00000     0.00000     0.00000    -0.07623    -0.02049
     3.26000     0.00005     0.00014    -0.00014     0.00000     0.00000     0.00000    -0.07605    -0.02041
     3.26500     0.00005     0.00014    -0.00014     0.00000     0.00000     0.00000    -0.07587    -0.02033
     3.27000     0.00005     0.00014    -0.00014     0.00000     0.00000     0.00000    -0.07570    -0.02025
     3.27500     0.00005     0.00014    -0.00013     0.00000     0.00000     0.00000    -0.07552    -0.02017
     3.28000     0.00005     0.00013    -0.00013     0.00000     0.00000     0.00000    -0.07534    -0.02009
     3.28500     0.00005     0.00013    -0.00013     0.00000     0.00000     0.00000    -0.07517    -0.02002
     3.29000     0.00005     0.00013    -0.00013     0.00000     0.00000     0.00000    -0.07499    -0.01994
     3.29500     0.00005     0.00013    -0.00013     0.00000     0.00000     0.00000    -0.07482    -0.01986
     3.30000     0.00005     0.00013    -0.00013     0.00000     0.00000     0.00000    -0.07464    -0.01979
     3.30500     0.00005     0.00013    -0.00012     0.00000     0.00000     0.00000    -0.07447    -0.01971
     3.31000     0.00005     0.00013    -0.00012     0.00000     0.00000     0.00000    -0.07430    -0.01964
     3.31500     0.00005     0.00012    -0.00012     0.00000     0.00000     0.00000    -0.07413    -0.01956
     3.32000     0.00004     0.00012    -0.00012     0.00000     0.00000     0.00000    -0.07395    -0.01949
     3.32500     0.00004     0.00012    -0.00012     0.00000     0.00000     0.00000    -0.07378    -0.01941
     3.33000     0.00004     0.00012    -0.00012     0.00000     0.00000     0.00000    -0.07361    -0.01934
     3.33500     0.00004     0.00012    -0.00012     0.00000     0.00000     0.00000    -0.07344    -0.01927
     3.34000     0.00004     0.00012    -0.00011     0.00000     0.00000     0.00000    -0.07327    -0.01919
     3.34500     0.00004     0.00012    -0.00011     0.00000     0.00000     0.00000    -0.07311    -0.01912
     3.35000     0.00004     0.00011    -0.00011     0.00000     0.00000     0.00000    -0.07294    -0.01905
     3.35500     0.00004     0.00011    -0.00011     0.00000     0.00000     0.00000    -0.07277    -0.01898
     3.36000     0.00004     0.00011    -0.00011     0.00000     0.00000     0.00000    -0.07260    -0.01890
     3.36500     0.00004     0.00011    -0.00011     0.00000     0.00000     0.00000    -0.07244    -0.01883
     3.37000     0.00004     0.00011    -0.00011     0.00000     0.00000     0.00000    -0.07227    -0.01876
     3.37500     0.00004     0.00011    -0.00011     0.00000     0.00000     0.00000    -0.07211    -0.01869
     3.38000     0.00004     0.00011    -0.00010     0.00000     0.00000     0.00000    -0.07194    -0.01862
     3.38500     0.00004     0.00011    -0.00010     0.00000     0.00000     0.00000    -0.07178    -0.01855
     3.39000     0.00004     0.00010    -0.00010     0.00000     0.00000     0.00000    -0.07161    -0.01848
     3.39500     0.00004     0.00010    -0.00010     0.00000     0.00000     0.00000    -0.07145    -0.01841
     3.40000     0.00004     0.00010    -0.00010     0.00000     0.00000     0.00000    -0.07129    -0.01835
     3.40500     0.00004     0.00010    -0.00010     0.00000     0.00000     0.00000    -0.07113    -0.01828
     3.41000     0.00004     0.00010    -0.00010     0.00000     0.00000     0.00000    -0.07097    -0.01821
     3.41500     0.00004     0.00010    -0.00010     0.00000     0.00000     0.00000    -0.07081    -0.01814
     3.42000     0.00004     0.00010    -0.00009     0.00000     0.00000     0.00000    -0.07065    -0.01807
     3.42500     0.00004     0.00010    -0.00009     0.00000     0.00000     0.00000    -0.07049    -0.01801
     3.43000     0.00003     0.00010    -0.00009     0.00000     0.00000     0.00000    -0.07033    -0.01794
     3.43500     0.00003     0.00009    -0.00009     0.00000     0.00000     0.00000    -0.07017    -0.01787
     3.44000     0.00003     0.00009    -0.00009     0.00000     0.00000     0.00000    -0.07001    -0.01781
     3.44500     0.00003     0.00009    -0.00009     0.00000     0.00000     0.00000    -0.06985    -0.01774
     3.45000     0.00003     0.00009    -0.00009     0.00000     0.00000     0.00000    -0.06970    -0.01768
     3.45500     0.00003     0.00009    -0.00009     0.00000     0.00000     0.00000    -0.06954    -0.01761
     3.46000     0.00003     0.00009    -0.00009     0.00000     0.00000     0.00000    -0.06938    -0.01755
     3.46500     0.00003     0.00009    -0.00009     0.00000     0.00000     0.00000    -0.06923    -0.01748
     3.47000     0.00003     0.00009    -0.00008     0.00000     0.00000     0.00000    -0.06907    -0.01742
     3.47500     0.00003     0.00009    -0.00008     0.00000     0.00000     0.00000    -0.06892    -0.01735
     3.48000     0.00003     0.00009    -0.00008     0.00000     0.00000     0.00000    -0.06877    -0.01729
     3.48500     0.00003     0.00008    -0.00008     0.00000     0.00000     0.00000    -0.06861    -0.01723
     3.49000     0.00003     0.00008    -0.00008     0.00000     0.00000     0.00000    -0.06846    -0.01717
     3.49500     0.00003     0.00008    -0.00008     0.00000     0.00000     0.00000    -0.06831    -0.01710
     3.50000     0.00003     0.00008    -0.00008     0.00000     0.00000     0.00000    -0.06816    -0.01704
     3.50500     0.00003     0.00008    -0.00008     0.00000     0.00000     0.00000    -0.06800    -0.01698
     3.51000     0.00003     0.00008    -0.00008     0.00000     0.00000     0.00000    -0.06785    -0.01692
     3.51500     0.00003     0.00008    -0.00008     0.00000     0.00000     0.00000    -0.06770    -0.01686
     3.52000     0.00003     0.00008    -0.00007     0.00000     0.00000     0.00000    -0.06755    -0.01679
     3.52500     0.00003     0.00008    -0.00007     0.00000     0.00000     0.00000    -0.06741    -0.01673
     3.53000     0.00003     0.00008    -0.00007     0.00000     0.00000     0.00000    -0.06726    -0.01667
     3.53500     0.00003     0.00008    -0.00007     0.00000     0.00000     0.00000    -0.06711    -0.01661
     3.54000     0.00003     0.00008    -0.00007     0.00000     0.00000     0.00000    -0.06696    -0.01655
     3.54500     0.00003     0.00007    -0.00007     0.00000     0.00000     0.00000    -0.06681    -0.01649
     3.55000     0.00003     0.00007    -0.00007     0.00000     0.00000     0.00000    -0.06667    -0.01643
     3.55500     0.00003     0.00007    -0.00007     0.00000     0.00000     0.00000    -0.06652    -0.01638
     3.56000     0.00003     0.00007    -0.00007     0.00000     0.00000     0.00000    -0.06637    -0.01632
     3.56500     0.00003     0.00007    -0.00007     0.00000     0.00000     0.00000    -0.06623    -0.01626
     3.57000     0.00003     0.00007    -0.00007     0.00000     0.00000     0.00000    -0.06608    -0.01620
     3.57500     0.00003     0.00007    -0.00007     0.00000     0.00000     0.00000    -0.06594    -0.01614
     3.58000     0.00002     0.00007    -0.00007     0.00000     0.00000     0.00000    -0.06580    -0.01608
     3.58500     0.00002     0.00007    -0.00006     0.00000     0.00000     0.00000    -0.06565    -0.01603
     3.59000     0.00002     0.00007    -0.00006     0.00000     0.00000     0.00000    -0.06551    -0.01597
     3.59500     0.00002     0.00007    -0.00006     0.00000     0.00000     0.00000    -0.06537    -0.01591
     3.60000     0.00002     0.00007    -0.00006     0.00000     0.00000     0.00000    -0.06522    -0.01586
     3.60500     0.00002     0.00007    -0.00006     0.00000     0.00000     0.00000    -0.06508    -0.01580
     3.61000     0.00002     0.00006    -0.00006     0.00000     0.00000     0.00000    -0.06494    -0.01574
     3.61500     0.00002     0.00006    -0.00006     0.00000     0.00000     0.00000    -0.06480    -0.01569
     3.62000     0.00002     0.00006    -0.00006     0.00000     0.00000     0.00000    -0.06466    -0.01563
     3.62500     0.00002     0.00006    -0.00006     0.00000     0.00000     0.00000    -0.06452    -0.01558
     3.63000     0.00002     0.00006    -0.00006     0.00000     0.00000     0.00000    -0.06438    -0.01552
     3.63500     0.00002     0.00006    -0.00006     0.00000     0.00000     0.00000    -0.06424    -0.01547
     3.64000     0.00002     0.00006    -0.00006     0.00000     0.00000     0.00000    -0.06411    -0.01541
     3.64500     0.00002     0.00006    -0.00006     0.00000     0.00000     0.00000    -0.06397    -0.01536
     3.65000     0.00002     0.00006    -0.00006     0.00000     0.00000     0.00000    -0.06383    -0.01531
     3.65500     0.00002     0.00006    -0.00005     0.00000     0.00000     0.00000    -0.06369    -0.01525
     3.66000     0.00002     0.00006    -0.00005     0.00000     0.00000     0.00000    -0.06356    -0.01520
     3.66500     0.00002     0.00006    -0.00005     0.00000     0.00000     0.00000    -0.06342    -0.01515
     3.67000     0.00002     0.00006    -0.00005     0.00000     0.00000     0.00000    -0.06328    -0.01509
     3.67500     0.00002     0.00006    -0.00005     0.00000     0.00000     0.00000    -0.06315    -0.01504
     3.68000     0.00002     0.00006    -0.00005     0.00000     0.00000     0.00000    -0.06301    -0.01499
     3.68500     0.00002     0.00005    -0.00005     0.00000     0.00000     0.00000    -0.06288    -0.01494
     3.69000     0.00002     0.00005    -0.00005     0.00000     0.00000     0.00000    -0.06275    -0.01488
     3.69500     0.00002     0.00005    -0.00005     0.00000     0.00000     0.00000    -0.06261    -0.01483
     3.70000     0.00002     0.00005    -0.00005     0.00000     0.00000     0.00000    -0.06248    -0.01478
     3.70500     0.00002     0.00005    -0.00005     0.00000     0.00000     0.00000    -0.06235    -0.01473
     3.71000     0.00002     0.00005    -0.00005     0.00000     0.00000     0.00000    -0.06221    -0.01468
     3.71500     0.00002     0.00005    -0.00005     0.00000     0.00000     0.00000    -0.06208    -0.01463
     3.72000     0.00002     0.00005    -0.00005     0.00000     0.00000     0.00000    -0.06195    -0.01458
     3.72500     0.00002     0.00005    -0.00005     0.00000     0.00000     0.00000    -0.06182    -0.01453
     3.73000     0.00002     0.00005    -0.00005     0.00000     0.00000     0.00000    -0.06169    -0.01448
     3.73500     0.00002     0.00005    -0.00005     0.00000     0.00000     0.00000    -0.06156    -0.01443
     3.74000     0.00002     0.00005    -0.00004     0.00000     0.00000     0.00000    -0.06143    -0.01438
     3.74500     0.00002     0.00005    -0.00004     0.00000     0.00000     0.00000    -0.06130    -0.01433
     3.75000     0.00002     0.00005    -0.00004     0.00000     0.00000     0.00000    -0.06117    -0.01428
     3.75500     0.00002     0.00005    -0.00004     0.00000     0.00000     0.00000    -0.06104    -0.01423
     3.76000     0.00002     0.00005    -0.00004     0.00000     0.00000     0.00000    -0.06091    -0.01418
     3.76500     0.00002     0.00005    -0.00004     0.00000     0.00000     0.00000    -0.06079    -0.01413
     3.77000     0.00002     0.00005    -0.00004     0.00000     0.00000     0.00000    -0.06066    -0.01409
     3.77500     0.00002     0.00004    -0.00004     0.00000     0.00000     0.00000    -0.06053    -0.01404
     3.78000     0.00002     0.00004    -0.00004     0.00000     0.00000     0.00000    -0.06041    -0.01399
     3.78500     0.00002     0.00004    -0.00004     0.00000     0.00000     0.00000    -0.06028    -0.01394
     3.79000     0.00002     0.00004    -0.00004     0.00000     0.00000     0.00000    -0.06015    -0.01389
     3.79500     0.00002     0.00004    -0.00004     0.00000     0.00000     0.00000    -0.06003    -0.01385
     3.80000     0.00002     0.00004    -0.00004     0.00000     0.00000     0.00000    -0.05990    -0.01380
     3.80500     0.00001     0.00004    -0.00004     0.00000     0.00000     0.00000    -0.05978    -0.01375
     3.81000     0.00001     0.00004    -0.00004     0.00000     0.00000     0.00000    -0.05965    -0.01371
     3.81500     0.00001     0.00004    -0.00004     0.00000     0.00000     0.00000    -0.05953    -0.01366
     3.82000     0.00001     0.00004    -0.00004     0.00000     0.00000     0.00000    -0.05941    -0.01362
     3.82500     0.00001     0.00004    -0.00004     0.00000     0.00000     0.00000    -0.05928    -0.01357
     3.83000     0.00001     0.00004    -0.00004     0.00000     0.00000     0.00000    -0.05916    -0.01352
     3.83500     0.00001     0.00004    -0.00004     0.00000     0.00000     0.00000    -0.05904    -0.01348
     3.84000     0.00001     0.00004    -0.00004     0.00000     0.00000     0.00000    -0.05892    -0.01343
     3.84500     0.00001     0.00004    -0.00003     0.00000     0.00000     0.00000    -0.05880    -0.01339
     3.85000     0.00001     0.00004    -0.00003     0.00000     0.00000     0.00000    -0.05867    -0.01334
     3.85500     0.00001     0.00004    -0.00003     0.00000     0.00000     0.00000    -0.05855    -0.01330
     3.86000     0.00001     0.00004    -0.00003     0.00000     0.00000     0.00000    -0.05843    -0.01325
     3.86500     0.00001     0.00004    -0.00003     0.00000     0.00000     0.00000    -0.05831    -0.01321
     3.87000     0.00001     0.00004    -0.00003     0.00000     0.00000     0.00000    -0.05819    -0.01317
     3.87500     0.00001     0.00004    -0.00003     0.00000     0.00000     0.00000    -0.05807    -0.01312
     3.88000     0.00001     0.00004    -0.00003     0.00000     0.00000     0.00000    -0.05795    -0.01308
     3.88500     0.00001     0.00004    -0.00003     0.00000     0.00000     0.00000    -0.05784    -0.01303
     3.89000     0.00001     0.00003    -0.00003     0.00000     0.00000     0.00000    -0.05772    -0.01299
     3.89500     0.00001     0.00003    -0.00003     0.00000     0.00000     0.00000    -0.05760    -0.01295
     3.90000     0.00001     0.00003    -0.00003     0.00000     0.00000     0.00000    -0.05748    -0.01291
     3.90500     0.00001     0.00003    -0.00003     0.00000     0.00000     0.00000    -0.05737    -0.01286
     3.91000     0.00001     0.00003    -0.00003     0.00000     0.00000     0.00000    -0.05725    -0.01282
     3.91500     0.00001     0.00003    -0.00003     0.00000     0.00000     0.00000    -0.05713    -0.01278
     3.92000     0.00001     0.00003    -0.00003     0.00000     0.00000     0.00000    -0.05702    -0.01274
     3.92500     0.00001     0.00003    -0.00003     0.00000     0.00000     0.00000    -0.05690    -0.01269
     3.93000     0.00001     0.00003    -0.00003     0.00000     0.00000     0.00000    -0.05679    -0.01265
     3.93500     0.00001     0.00003    -0.00003     0.00000     0.00000     0.00000    -0.05667    -0.01261
     3.94000     0.00001     0.00003    -0.00003     0.00000     0.00000     0.00000    -0.05656    -0.01257
     3.94500     0.00001     0.00003    -0.00003     0.00000     0.00000     0.00000    -0.05644    -0.01253
     3.95000     0.00001     0.00003    -0.00003     0.00000     0.00000     0.00000    -0.05633    -0.01249
     3.95500     0.00001     0.00003    -0.00003     0.00000     0.00000     0.00000    -0.05621    -0.01245
     3.96000     0.00001     0.00003    -0.00003     0.00000     0.00000     0.00000    -0.05610    -0.01240
     3.96500     0.00001     0.00003    -0.00003     0.00000     0.00000     0.00000    -0.05599    -0.01236
     3.97000     0.00001     0.00003    -0.00003     0.00000     0.00000     0.00000    -0.05587    -0.01232
     3.97500     0.00001     0.00003    -0.00003     0.00000     0.00000     0.00000    -0.05576    -0.01228
     3.98000     0.00001     0.00003    -0.00003     0.00000     0.00000     0.00000    -0.05565    -0.01224
     3.98500     0.00001     0.00003    -0.00003     0.00000     0.00000     0.00000    -0.05554    -0.01220
     3.99000     0.00001     0.00003    -0.00002     0.00000     0.00000     0.00000    -0.05543    -0.01216
     3.99500     0.00001     0.00003    -0.00002     0.00000     0.00000     0.00000    -0.05532    -0.01213
     4.00000     0.00001     0.00003    -0.00002     0.00000     0.00000     0.00000    -0.05521    -0.01209
