 # F15_1680 FF
     0.00000     0.25014    -2.95941     3.77931     0.00000     0.00000     0.00000     0.00000     0.00000
     0.00500     0.24574    -2.93135     3.73250     0.00000     0.00000     0.00000     0.00000     0.00000
     0.01000     0.24140    -2.90339     3.68614     0.00000     0.00000     0.00000     0.00000     0.00000
     0.01500     0.23713    -2.87556     3.64023     0.00000     0.00000     0.00000     0.00000     0.00000
     0.02000     0.23291    -2.84785     3.59477     0.00000     0.00000     0.00000     0.00000     0.00000
     0.02500     0.22875    -2.82029     3.54977     0.00000     0.00000     0.00000     0.00000     0.00000
     0.03000     0.22464    -2.79288     3.50525     0.00000     0.00000     0.00000     0.00000     0.00000
     0.03500     0.22060    -2.76562     3.46119     0.00000     0.00000     0.00000     0.00000     0.00000
     0.04000     0.21661    -2.73853     3.41760     0.00000     0.00000     0.00000     0.00000     0.00000
     0.04500     0.21267    -2.71160     3.37449     0.00000     0.00000     0.00000     0.00000     0.00000
     0.05000     0.20879    -2.68484     3.33186     0.00000     0.00000     0.00000     0.00000     0.00000
     0.05500     0.20496    -2.65827     3.28970     0.00000     0.00000     0.00000     0.00000     0.00000
     0.06000     0.20118    -2.63188     3.24802     0.00000     0.00000     0.00000     0.00000     0.00000
     0.06500     0.19746    -2.60567     3.20683     0.00000     0.00000     0.00000     0.00000     0.00000
     0.07000     0.19379    -2.57966     3.16610     0.00000     0.00000     0.00000     0.00000     0.00000
     0.07500     0.19016    -2.55384     3.12586     0.00000     0.00000     0.00000     0.00000     0.00000
     0.08000     0.18659    -2.52822     3.08610     0.00000     0.00000     0.00000     0.00000     0.00000
     0.08500     0.18307    -2.50279     3.04680     0.00000     0.00000     0.00000     0.00000     0.00000
     0.09000     0.17959    -2.47757     3.00799     0.00000     0.00000     0.00000     0.00000     0.00000
     0.09500     0.17616    -2.45256     2.96964     0.00000     0.00000     0.00000     0.00000     0.00000
     0.10000     0.17278    -2.42775     2.93176     0.00000     0.00000     0.00000     0.00000     0.00000
     0.10500     0.16944    -2.40315     2.89435     0.00000     0.00000     0.00000     0.00000     0.00000
     0.11000     0.16615    -2.37875     2.85740     0.00000     0.00000     0.00000     0.00000     0.00000
     0.11500     0.16290    -2.35457     2.82091     0.00000     0.00000     0.00000     0.00000     0.00000
     0.12000     0.15970    -2.33060     2.78487     0.00000     0.00000     0.00000     0.00000     0.00000
     0.12500     0.15654    -2.30684     2.74929     0.00000     0.00000     0.00000     0.00000     0.00000
     0.13000     0.15343    -2.28330     2.71416     0.00000     0.00000     0.00000     0.00000     0.00000
     0.13500     0.15035    -2.25996     2.67948     0.00000     0.00000     0.00000     0.00000     0.00000
     0.14000     0.14732    -2.23684     2.64524     0.00000     0.00000     0.00000     0.00000     0.00000
     0.14500     0.14433    -2.21393     2.61144     0.00000     0.00000     0.00000     0.00000     0.00000
     0.15000     0.14138    -2.19124     2.57807     0.00000     0.00000     0.00000     0.00000     0.00000
     0.15500     0.13847    -2.16875     2.54514     0.00000     0.00000     0.00000     0.00000     0.00000
     0.16000     0.13560    -2.14648     2.51263     0.00000     0.00000     0.00000     0.00000     0.00000
     0.16500     0.13277    -2.12442     2.48054     0.00000     0.00000     0.00000     0.00000     0.00000
     0.17000     0.12998    -2.10258     2.44887     0.00000     0.00000     0.00000     0.00000     0.00000
     0.17500     0.12723    -2.08094     2.41761     0.00000     0.00000     0.00000     0.00000     0.00000
     0.18000     0.12451    -2.05951     2.38676     0.00000     0.00000     0.00000     0.00000     0.00000
     0.18500     0.12183    -2.03829     2.35632     0.00000     0.00000     0.00000     0.00000     0.00000
     0.19000     0.11919    -2.01728     2.32628     0.00000     0.00000     0.00000     0.00000     0.00000
     0.19500     0.11658    -1.99648     2.29663     0.00000     0.00000     0.00000     0.00000     0.00000
     0.20000     0.11401    -1.97588     2.26737     0.00000     0.00000     0.00000     0.00000     0.00000
     0.20500     0.11147    -1.95549     2.23850     0.00000     0.00000     0.00000     0.00000     0.00000
     0.21000     0.10897    -1.93531     2.21002     0.00000     0.00000     0.00000     0.00000     0.00000
     0.21500     0.10650    -1.91532     2.18191     0.00000     0.00000     0.00000     0.00000     0.00000
     0.22000     0.10407    -1.89554     2.15417     0.00000     0.00000     0.00000     0.00000     0.00000
     0.22500     0.10167    -1.87596     2.12681     0.00000     0.00000     0.00000     0.00000     0.00000
     0.23000     0.09930    -1.85657     2.09980     0.00000     0.00000     0.00000     0.00000     0.00000
     0.23500     0.09697    -1.83739     2.07316     0.00000     0.00000     0.00000     0.00000     0.00000
     0.24000     0.09466    -1.81840     2.04688     0.00000     0.00000     0.00000     0.00000     0.00000
     0.24500     0.09239    -1.79960     2.02094     0.00000     0.00000     0.00000     0.00000     0.00000
     0.25000     0.09015    -1.78100     1.99535     0.00000     0.00000     0.00000     0.00000     0.00000
     0.25500     0.08795    -1.76259     1.97010     0.00000     0.00000     0.00000     0.00000     0.00000
     0.26000     0.08577    -1.74437     1.94519     0.00000     0.00000     0.00000     0.00000     0.00000
     0.26500     0.08362    -1.72634     1.92062     0.00000     0.00000     0.00000     0.00000     0.00000
     0.27000     0.08150    -1.70850     1.89637     0.00000     0.00000     0.00000     0.00000     0.00000
     0.27500     0.07941    -1.69084     1.87245     0.00000     0.00000     0.00000     0.00000     0.00000
     0.28000     0.07735    -1.67337     1.84885     0.00000     0.00000     0.00000     0.00000     0.00000
     0.28500     0.07532    -1.65608     1.82556     0.00000     0.00000     0.00000     0.00000     0.00000
     0.29000     0.07332    -1.63897     1.80259     0.00000     0.00000     0.00000     0.00000     0.00000
     0.29500     0.07134    -1.62204     1.77993     0.00000     0.00000     0.00000     0.00000     0.00000
     0.30000     0.06940    -1.60528     1.75757     0.00000     0.00000     0.00000     0.00000     0.00000
     0.30500     0.06748    -1.58871     1.73551     0.00000     0.00000     0.00000     0.00000     0.00000
     0.31000     0.06558    -1.57231     1.71375     0.00000     0.00000     0.00000     0.00000     0.00000
     0.31500     0.06372    -1.55608     1.69227     0.00000     0.00000     0.00000     0.00000     0.00000
     0.32000     0.06188    -1.54002     1.67109     0.00000     0.00000     0.00000     0.00000     0.00000
     0.32500     0.06006    -1.52413     1.65019     0.00000     0.00000     0.00000     0.00000     0.00000
     0.33000     0.05827    -1.50842     1.62957     0.00000     0.00000     0.00000     0.00000     0.00000
     0.33500     0.05651    -1.49286     1.60923     0.00000     0.00000     0.00000     0.00000     0.00000
     0.34000     0.05477    -1.47748     1.58916     0.00000     0.00000     0.00000     0.00000     0.00000
     0.34500     0.05306    -1.46225     1.56936     0.00000     0.00000     0.00000     0.00000     0.00000
     0.35000     0.05137    -1.44719     1.54982     0.00000     0.00000     0.00000     0.00000     0.00000
     0.35500     0.04970    -1.43229     1.53055     0.00000     0.00000     0.00000     0.00000     0.00000
     0.36000     0.04806    -1.41755     1.51154     0.00000     0.00000     0.00000     0.00000     0.00000
     0.36500     0.04644    -1.40296     1.49278     0.00000     0.00000     0.00000     0.00000     0.00000
     0.37000     0.04484    -1.38853     1.47427     0.00000     0.00000     0.00000     0.00000     0.00000
     0.37500     0.04327    -1.37425     1.45601     0.00000     0.00000     0.00000     0.00000     0.00000
     0.38000     0.04172    -1.36013     1.43799     0.00000     0.00000     0.00000     0.00000     0.00000
     0.38500     0.04019    -1.34616     1.42021     0.00000     0.00000     0.00000     0.00000     0.00000
     0.39000     0.03869    -1.33233     1.40267     0.00000     0.00000     0.00000     0.00000     0.00000
     0.39500     0.03721    -1.31865     1.38537     0.00000     0.00000     0.00000     0.00000     0.00000
     0.40000     0.03574    -1.30512     1.36829     0.00000     0.00000     0.00000     0.00000     0.00000
     0.40500     0.03430    -1.29174     1.35145     0.00000     0.00000     0.00000     0.00000     0.00000
     0.41000     0.03288    -1.27850     1.33483     0.00000     0.00000     0.00000     0.00000     0.00000
     0.41500     0.03148    -1.26539     1.31843     0.00000     0.00000     0.00000     0.00000     0.00000
     0.42000     0.03010    -1.25243     1.30224     0.00000     0.00000     0.00000     0.00000     0.00000
     0.42500     0.02875    -1.23961     1.28628     0.00000     0.00000     0.00000     0.00000     0.00000
     0.43000     0.02741    -1.22693     1.27052     0.00000     0.00000     0.00000     0.00000     0.00000
     0.43500     0.02609    -1.21438     1.25498     0.00000     0.00000     0.00000     0.00000     0.00000
     0.44000     0.02479    -1.20196     1.23964     0.00000     0.00000     0.00000     0.00000     0.00000
     0.44500     0.02351    -1.18968     1.22450     0.00000     0.00000     0.00000     0.00000     0.00000
     0.45000     0.02225    -1.17753     1.20957     0.00000     0.00000     0.00000     0.00000     0.00000
     0.45500     0.02101    -1.16551     1.19483     0.00000     0.00000     0.00000     0.00000     0.00000
     0.46000     0.01978    -1.15362     1.18029     0.00000     0.00000     0.00000     0.00000     0.00000
     0.46500     0.01858    -1.14185     1.16594     0.00000     0.00000     0.00000     0.00000     0.00000
     0.47000     0.01739    -1.13021     1.15178     0.00000     0.00000     0.00000     0.00000     0.00000
     0.47500     0.01622    -1.11870     1.13781     0.00000     0.00000     0.00000     0.00000     0.00000
     0.48000     0.01507    -1.10731     1.12402     0.00000     0.00000     0.00000     0.00000     0.00000
     0.48500     0.01393    -1.09604     1.11042     0.00000     0.00000     0.00000     0.00000     0.00000
     0.49000     0.01282    -1.08489     1.09699     0.00000     0.00000     0.00000     0.00000     0.00000
     0.49500     0.01172    -1.07386     1.08374     0.00000     0.00000     0.00000     0.00000     0.00000
     0.50000     0.01063    -1.06295     1.07067     0.00000     0.00000     0.00000     0.00000     0.00000
     0.50500     0.00957    -1.05216     1.05776     0.00000     0.00000     0.00000     0.00000     0.00000
     0.51000     0.00852    -1.04148     1.04503     0.00000     0.00000     0.00000     0.00000     0.00000
     0.51500     0.00748    -1.03091     1.03246     0.00000     0.00000     0.00000     0.00000     0.00000
     0.52000     0.00647    -1.02046     1.02006     0.00000     0.00000     0.00000     0.00000     0.00000
     0.52500     0.00546    -1.01012     1.00782     0.00000     0.00000     0.00000     0.00000     0.00000
     0.53000     0.00448    -0.99989     0.99574     0.00000     0.00000     0.00000     0.00000     0.00000
     0.53500     0.00351    -0.98977     0.98382     0.00000     0.00000     0.00000     0.00000     0.00000
     0.54000     0.00255    -0.97975     0.97205     0.00000     0.00000     0.00000     0.00000     0.00000
     0.54500     0.00161    -0.96985     0.96044     0.00000     0.00000     0.00000     0.00000     0.00000
     0.55000     0.00068    -0.96004     0.94898     0.00000     0.00000     0.00000     0.00000     0.00000
     0.55500    -0.00023    -0.95035     0.93766     0.00000     0.00000     0.00000     0.00000     0.00000
     0.56000    -0.00112    -0.94075     0.92650     0.00000     0.00000     0.00000     0.00000     0.00000
     0.56500    -0.00201    -0.93126     0.91548     0.00000     0.00000     0.00000     0.00000     0.00000
     0.57000    -0.00287    -0.92187     0.90460     0.00000     0.00000     0.00000     0.00000     0.00000
     0.57500    -0.00373    -0.91258     0.89387     0.00000     0.00000     0.00000     0.00000     0.00000
     0.58000    -0.00457    -0.90339     0.88327     0.00000     0.00000     0.00000     0.00000     0.00000
     0.58500    -0.00540    -0.89430     0.87281     0.00000     0.00000     0.00000     0.00000     0.00000
     0.59000    -0.00621    -0.88530     0.86249     0.00000     0.00000     0.00000     0.00000     0.00000
     0.59500    -0.00701    -0.87640     0.85230     0.00000     0.00000     0.00000     0.00000     0.00000
     0.60000    -0.00780    -0.86759     0.84224     0.00000     0.00000     0.00000     0.00000     0.00000
     0.60500    -0.00857    -0.85888     0.83231     0.00000     0.00000     0.00000     0.00000     0.00000
     0.61000    -0.00933    -0.85026     0.82251     0.00000     0.00000     0.00000     0.00000     0.00000
     0.61500    -0.01008    -0.84173     0.81283     0.00000     0.00000     0.00000     0.00000     0.00000
     0.62000    -0.01082    -0.83329     0.80328     0.00000     0.00000     0.00000     0.00000     0.00000
     0.62500    -0.01154    -0.82494     0.79386     0.00000     0.00000     0.00000     0.00000     0.00000
     0.63000    -0.01225    -0.81668     0.78455     0.00000     0.00000     0.00000     0.00000     0.00000
     0.63500    -0.01295    -0.80850     0.77536     0.00000     0.00000     0.00000     0.00000     0.00000
     0.64000    -0.01364    -0.80042     0.76629     0.00000     0.00000     0.00000     0.00000     0.00000
     0.64500    -0.01431    -0.79241     0.75734     0.00000     0.00000     0.00000     0.00000     0.00000
     0.65000    -0.01498    -0.78450     0.74850     0.00000     0.00000     0.00000     0.00000     0.00000
     0.65500    -0.01563    -0.77666     0.73978     0.00000     0.00000     0.00000     0.00000     0.00000
     0.66000    -0.01627    -0.76891     0.73116     0.00000     0.00000     0.00000     0.00000     0.00000
     0.66500    -0.01690    -0.76124     0.72266     0.00000     0.00000     0.00000     0.00000     0.00000
     0.67000    -0.01752    -0.75365     0.71426     0.00000     0.00000     0.00000     0.00000     0.00000
     0.67500    -0.01813    -0.74615     0.70597     0.00000     0.00000     0.00000     0.00000     0.00000
     0.68000    -0.01873    -0.73872     0.69779     0.00000     0.00000     0.00000     0.00000     0.00000
     0.68500    -0.01932    -0.73136     0.68971     0.00000     0.00000     0.00000     0.00000     0.00000
     0.69000    -0.01989    -0.72409     0.68173     0.00000     0.00000     0.00000     0.00000     0.00000
     0.69500    -0.02046    -0.71689     0.67385     0.00000     0.00000     0.00000     0.00000     0.00000
     0.70000    -0.02102    -0.70977     0.66607     0.00000     0.00000     0.00000     0.00000     0.00000
     0.70500    -0.02156    -0.70272     0.65840     0.00000     0.00000     0.00000     0.00000     0.00000
     0.71000    -0.02210    -0.69575     0.65081     0.00000     0.00000     0.00000     0.00000     0.00000
     0.71500    -0.02263    -0.68885     0.64333     0.00000     0.00000     0.00000     0.00000     0.00000
     0.72000    -0.02314    -0.68202     0.63594     0.00000     0.00000     0.00000     0.00000     0.00000
     0.72500    -0.02365    -0.67527     0.62864     0.00000     0.00000     0.00000     0.00000     0.00000
     0.73000    -0.02415    -0.66858     0.62143     0.00000     0.00000     0.00000     0.00000     0.00000
     0.73500    -0.02464    -0.66197     0.61431     0.00000     0.00000     0.00000     0.00000     0.00000
     0.74000    -0.02511    -0.65542     0.60729     0.00000     0.00000     0.00000     0.00000     0.00000
     0.74500    -0.02558    -0.64894     0.60035     0.00000     0.00000     0.00000     0.00000     0.00000
     0.75000    -0.02605    -0.64253     0.59350     0.00000     0.00000     0.00000     0.00000     0.00000
     0.75500    -0.02650    -0.63619     0.58673     0.00000     0.00000     0.00000     0.00000     0.00000
     0.76000    -0.02694    -0.62991     0.58005     0.00000     0.00000     0.00000     0.00000     0.00000
     0.76500    -0.02738    -0.62370     0.57345     0.00000     0.00000     0.00000     0.00000     0.00000
     0.77000    -0.02780    -0.61756     0.56694     0.00000     0.00000     0.00000     0.00000     0.00000
     0.77500    -0.02822    -0.61147     0.56050     0.00000     0.00000     0.00000     0.00000     0.00000
     0.78000    -0.02863    -0.60545     0.55415     0.00000     0.00000     0.00000     0.00000     0.00000
     0.78500    -0.02903    -0.59950     0.54787     0.00000     0.00000     0.00000     0.00000     0.00000
     0.79000    -0.02943    -0.59360     0.54167     0.00000     0.00000     0.00000     0.00000     0.00000
     0.79500    -0.02981    -0.58777     0.53555     0.00000     0.00000     0.00000     0.00000     0.00000
     0.80000    -0.03019    -0.58200     0.52951     0.00000     0.00000     0.00000     0.00000     0.00000
     0.80500    -0.03056    -0.57629     0.52354     0.00000     0.00000     0.00000     0.00000     0.00000
     0.81000    -0.03092    -0.57063     0.51764     0.00000     0.00000     0.00000     0.00000     0.00000
     0.81500    -0.03127    -0.56504     0.51182     0.00000     0.00000     0.00000     0.00000     0.00000
     0.82000    -0.03162    -0.55950     0.50607     0.00000     0.00000     0.00000     0.00000     0.00000
     0.82500    -0.03196    -0.55402     0.50039     0.00000     0.00000     0.00000     0.00000     0.00000
     0.83000    -0.03229    -0.54860     0.49478     0.00000     0.00000     0.00000     0.00000     0.00000
     0.83500    -0.03262    -0.54323     0.48924     0.00000     0.00000     0.00000     0.00000     0.00000
     0.84000    -0.03294    -0.53792     0.48376     0.00000     0.00000     0.00000     0.00000     0.00000
     0.84500    -0.03325    -0.53266     0.47836     0.00000     0.00000     0.00000     0.00000     0.00000
     0.85000    -0.03355    -0.52746     0.47302     0.00000     0.00000     0.00000     0.00000     0.00000
     0.85500    -0.03385    -0.52231     0.46774     0.00000     0.00000     0.00000     0.00000     0.00000
     0.86000    -0.03414    -0.51722     0.46253     0.00000     0.00000     0.00000     0.00000     0.00000
     0.86500    -0.03442    -0.51218     0.45739     0.00000     0.00000     0.00000     0.00000     0.00000
     0.87000    -0.03470    -0.50719     0.45230     0.00000     0.00000     0.00000     0.00000     0.00000
     0.87500    -0.03497    -0.50225     0.44728     0.00000     0.00000     0.00000     0.00000     0.00000
     0.88000    -0.03524    -0.49736     0.44232     0.00000     0.00000     0.00000     0.00000     0.00000
     0.88500    -0.03549    -0.49252     0.43742     0.00000     0.00000     0.00000     0.00000     0.00000
     0.89000    -0.03575    -0.48773     0.43258     0.00000     0.00000     0.00000     0.00000     0.00000
     0.89500    -0.03599    -0.48299     0.42780     0.00000     0.00000     0.00000     0.00000     0.00000
     0.90000    -0.03623    -0.47830     0.42308     0.00000     0.00000     0.00000     0.00000     0.00000
     0.90500    -0.03647    -0.47366     0.41841     0.00000     0.00000     0.00000     0.00000     0.00000
     0.91000    -0.03669    -0.46906     0.41380     0.00000     0.00000     0.00000     0.00000     0.00000
     0.91500    -0.03692    -0.46451     0.40925     0.00000     0.00000     0.00000     0.00000     0.00000
     0.92000    -0.03713    -0.46001     0.40475     0.00000     0.00000     0.00000     0.00000     0.00000
     0.92500    -0.03734    -0.45556     0.40031     0.00000     0.00000     0.00000     0.00000     0.00000
     0.93000    -0.03755    -0.45115     0.39592     0.00000     0.00000     0.00000     0.00000     0.00000
     0.93500    -0.03775    -0.44678     0.39158     0.00000     0.00000     0.00000     0.00000     0.00000
     0.94000    -0.03794    -0.44246     0.38730     0.00000     0.00000     0.00000     0.00000     0.00000
     0.94500    -0.03813    -0.43819     0.38306     0.00000     0.00000     0.00000     0.00000     0.00000
     0.95000    -0.03832    -0.43396     0.37888     0.00000     0.00000     0.00000     0.00000     0.00000
     0.95500    -0.03849    -0.42977     0.37475     0.00000     0.00000     0.00000     0.00000     0.00000
     0.96000    -0.03867    -0.42562     0.37066     0.00000     0.00000     0.00000     0.00000     0.00000
     0.96500    -0.03884    -0.42152     0.36663     0.00000     0.00000     0.00000     0.00000     0.00000
     0.97000    -0.03900    -0.41745     0.36264     0.00000     0.00000     0.00000     0.00000     0.00000
     0.97500    -0.03916    -0.41343     0.35870     0.00000     0.00000     0.00000     0.00000     0.00000
     0.98000    -0.03931    -0.40945     0.35481     0.00000     0.00000     0.00000     0.00000     0.00000
     0.98500    -0.03946    -0.40551     0.35097     0.00000     0.00000     0.00000     0.00000     0.00000
     0.99000    -0.03960    -0.40161     0.34717     0.00000     0.00000     0.00000     0.00000     0.00000
     0.99500    -0.03974    -0.39775     0.34342     0.00000     0.00000     0.00000     0.00000     0.00000
     1.00000    -0.03988    -0.39393     0.33971     0.00000     0.00000     0.00000     0.00000     0.00000
     1.00500    -0.04001    -0.39015     0.33604     0.00000     0.00000     0.00000     0.00000     0.00000
     1.01000    -0.04014    -0.38640     0.33242     0.00000     0.00000     0.00000     0.00000     0.00000
     1.01500    -0.04026    -0.38270     0.32884     0.00000     0.00000     0.00000     0.00000     0.00000
     1.02000    -0.04037    -0.37903     0.32530     0.00000     0.00000     0.00000     0.00000     0.00000
     1.02500    -0.04049    -0.37540     0.32181     0.00000     0.00000     0.00000     0.00000     0.00000
     1.03000    -0.04060    -0.37180     0.31836     0.00000     0.00000     0.00000     0.00000     0.00000
     1.03500    -0.04070    -0.36824     0.31494     0.00000     0.00000     0.00000     0.00000     0.00000
     1.04000    -0.04080    -0.36472     0.31157     0.00000     0.00000     0.00000     0.00000     0.00000
     1.04500    -0.04090    -0.36123     0.30824     0.00000     0.00000     0.00000     0.00000     0.00000
     1.05000    -0.04099    -0.35778     0.30495     0.00000     0.00000     0.00000     0.00000     0.00000
     1.05500    -0.04108    -0.35437     0.30169     0.00000     0.00000     0.00000     0.00000     0.00000
     1.06000    -0.04116    -0.35098     0.29847     0.00000     0.00000     0.00000     0.00000     0.00000
     1.06500    -0.04125    -0.34763     0.29530     0.00000     0.00000     0.00000     0.00000     0.00000
     1.07000    -0.04132    -0.34432     0.29215     0.00000     0.00000     0.00000     0.00000     0.00000
     1.07500    -0.04140    -0.34104     0.28905     0.00000     0.00000     0.00000     0.00000     0.00000
     1.08000    -0.04147    -0.33779     0.28598     0.00000     0.00000     0.00000     0.00000     0.00000
     1.08500    -0.04153    -0.33457     0.28295     0.00000     0.00000     0.00000     0.00000     0.00000
     1.09000    -0.04160    -0.33139     0.27995     0.00000     0.00000     0.00000     0.00000     0.00000
     1.09500    -0.04165    -0.32824     0.27699     0.00000     0.00000     0.00000     0.00000     0.00000
     1.10000    -0.04171    -0.32512     0.27406     0.00000     0.00000     0.00000     0.00000     0.00000
     1.10500    -0.04176    -0.32203     0.27117     0.00000     0.00000     0.00000     0.00000     0.00000
     1.11000    -0.04181    -0.31897     0.26831     0.00000     0.00000     0.00000     0.00000     0.00000
     1.11500    -0.04186    -0.31594     0.26548     0.00000     0.00000     0.00000     0.00000     0.00000
     1.12000    -0.04190    -0.31294     0.26269     0.00000     0.00000     0.00000     0.00000     0.00000
     1.12500    -0.04194    -0.30998     0.25993     0.00000     0.00000     0.00000     0.00000     0.00000
     1.13000    -0.04198    -0.30704     0.25720     0.00000     0.00000     0.00000     0.00000     0.00000
     1.13500    -0.04201    -0.30413     0.25450     0.00000     0.00000     0.00000     0.00000     0.00000
     1.14000    -0.04204    -0.30125     0.25183     0.00000     0.00000     0.00000     0.00000     0.00000
     1.14500    -0.04207    -0.29840     0.24919     0.00000     0.00000     0.00000     0.00000     0.00000
     1.15000    -0.04209    -0.29558     0.24659     0.00000     0.00000     0.00000     0.00000     0.00000
     1.15500    -0.04211    -0.29279     0.24401     0.00000     0.00000     0.00000     0.00000     0.00000
     1.16000    -0.04213    -0.29002     0.24147     0.00000     0.00000     0.00000     0.00000     0.00000
     1.16500    -0.04215    -0.28728     0.23895     0.00000     0.00000     0.00000     0.00000     0.00000
     1.17000    -0.04216    -0.28457     0.23646     0.00000     0.00000     0.00000     0.00000     0.00000
     1.17500    -0.04217    -0.28188     0.23400     0.00000     0.00000     0.00000     0.00000     0.00000
     1.18000    -0.04218    -0.27923     0.23157     0.00000     0.00000     0.00000     0.00000     0.00000
     1.18500    -0.04219    -0.27660     0.22917     0.00000     0.00000     0.00000     0.00000     0.00000
     1.19000    -0.04219    -0.27399     0.22679     0.00000     0.00000     0.00000     0.00000     0.00000
     1.19500    -0.04219    -0.27141     0.22444     0.00000     0.00000     0.00000     0.00000     0.00000
     1.20000    -0.04218    -0.26886     0.22212     0.00000     0.00000     0.00000     0.00000     0.00000
     1.20500    -0.04218    -0.26633     0.21982     0.00000     0.00000     0.00000     0.00000     0.00000
     1.21000    -0.04217    -0.26382     0.21755     0.00000     0.00000     0.00000     0.00000     0.00000
     1.21500    -0.04216    -0.26135     0.21531     0.00000     0.00000     0.00000     0.00000     0.00000
     1.22000    -0.04215    -0.25889     0.21309     0.00000     0.00000     0.00000     0.00000     0.00000
     1.22500    -0.04214    -0.25646     0.21090     0.00000     0.00000     0.00000     0.00000     0.00000
     1.23000    -0.04212    -0.25405     0.20873     0.00000     0.00000     0.00000     0.00000     0.00000
     1.23500    -0.04210    -0.25167     0.20659     0.00000     0.00000     0.00000     0.00000     0.00000
     1.24000    -0.04208    -0.24931     0.20447     0.00000     0.00000     0.00000     0.00000     0.00000
     1.24500    -0.04205    -0.24698     0.20237     0.00000     0.00000     0.00000     0.00000     0.00000
     1.25000    -0.04203    -0.24467     0.20030     0.00000     0.00000     0.00000     0.00000     0.00000
     1.25500    -0.04200    -0.24238     0.19825     0.00000     0.00000     0.00000     0.00000     0.00000
     1.26000    -0.04197    -0.24011     0.19623     0.00000     0.00000     0.00000     0.00000     0.00000
     1.26500    -0.04194    -0.23786     0.19422     0.00000     0.00000     0.00000     0.00000     0.00000
     1.27000    -0.04191    -0.23564     0.19224     0.00000     0.00000     0.00000     0.00000     0.00000
     1.27500    -0.04187    -0.23344     0.19029     0.00000     0.00000     0.00000     0.00000     0.00000
     1.28000    -0.04183    -0.23126     0.18835     0.00000     0.00000     0.00000     0.00000     0.00000
     1.28500    -0.04179    -0.22910     0.18644     0.00000     0.00000     0.00000     0.00000     0.00000
     1.29000    -0.04175    -0.22696     0.18454     0.00000     0.00000     0.00000     0.00000     0.00000
     1.29500    -0.04171    -0.22485     0.18267     0.00000     0.00000     0.00000     0.00000     0.00000
     1.30000    -0.04166    -0.22275     0.18082     0.00000     0.00000     0.00000     0.00000     0.00000
     1.30500    -0.04162    -0.22068     0.17899     0.00000     0.00000     0.00000     0.00000     0.00000
     1.31000    -0.04157    -0.21862     0.17718     0.00000     0.00000     0.00000     0.00000     0.00000
     1.31500    -0.04152    -0.21659     0.17539     0.00000     0.00000     0.00000     0.00000     0.00000
     1.32000    -0.04147    -0.21458     0.17362     0.00000     0.00000     0.00000     0.00000     0.00000
     1.32500    -0.04141    -0.21258     0.17187     0.00000     0.00000     0.00000     0.00000     0.00000
     1.33000    -0.04136    -0.21061     0.17014     0.00000     0.00000     0.00000     0.00000     0.00000
     1.33500    -0.04130    -0.20865     0.16843     0.00000     0.00000     0.00000     0.00000     0.00000
     1.34000    -0.04124    -0.20671     0.16674     0.00000     0.00000     0.00000     0.00000     0.00000
     1.34500    -0.04118    -0.20480     0.16507     0.00000     0.00000     0.00000     0.00000     0.00000
     1.35000    -0.04112    -0.20290     0.16341     0.00000     0.00000     0.00000     0.00000     0.00000
     1.35500    -0.04106    -0.20102     0.16178     0.00000     0.00000     0.00000     0.00000     0.00000
     1.36000    -0.04099    -0.19915     0.16016     0.00000     0.00000     0.00000     0.00000     0.00000
     1.36500    -0.04093    -0.19731     0.15856     0.00000     0.00000     0.00000     0.00000     0.00000
     1.37000    -0.04086    -0.19548     0.15697     0.00000     0.00000     0.00000     0.00000     0.00000
     1.37500    -0.04079    -0.19367     0.15541     0.00000     0.00000     0.00000     0.00000     0.00000
     1.38000    -0.04072    -0.19188     0.15386     0.00000     0.00000     0.00000     0.00000     0.00000
     1.38500    -0.04065    -0.19011     0.15233     0.00000     0.00000     0.00000     0.00000     0.00000
     1.39000    -0.04058    -0.18835     0.15081     0.00000     0.00000     0.00000     0.00000     0.00000
     1.39500    -0.04050    -0.18661     0.14932     0.00000     0.00000     0.00000     0.00000     0.00000
     1.40000    -0.04043    -0.18489     0.14783     0.00000     0.00000     0.00000     0.00000     0.00000
     1.40500    -0.04035    -0.18319     0.14637     0.00000     0.00000     0.00000     0.00000     0.00000
     1.41000    -0.04028    -0.18150     0.14492     0.00000     0.00000     0.00000     0.00000     0.00000
     1.41500    -0.04020    -0.17982     0.14349     0.00000     0.00000     0.00000     0.00000     0.00000
     1.42000    -0.04012    -0.17817     0.14207     0.00000     0.00000     0.00000     0.00000     0.00000
     1.42500    -0.04004    -0.17653     0.14067     0.00000     0.00000     0.00000     0.00000     0.00000
     1.43000    -0.03995    -0.17490     0.13928     0.00000     0.00000     0.00000     0.00000     0.00000
     1.43500    -0.03987    -0.17329     0.13791     0.00000     0.00000     0.00000     0.00000     0.00000
     1.44000    -0.03979    -0.17170     0.13655     0.00000     0.00000     0.00000     0.00000     0.00000
     1.44500    -0.03970    -0.17012     0.13521     0.00000     0.00000     0.00000     0.00000     0.00000
     1.45000    -0.03962    -0.16856     0.13388     0.00000     0.00000     0.00000     0.00000     0.00000
     1.45500    -0.03953    -0.16701     0.13257     0.00000     0.00000     0.00000     0.00000     0.00000
     1.46000    -0.03944    -0.16548     0.13127     0.00000     0.00000     0.00000     0.00000     0.00000
     1.46500    -0.03935    -0.16396     0.12998     0.00000     0.00000     0.00000     0.00000     0.00000
     1.47000    -0.03926    -0.16246     0.12871     0.00000     0.00000     0.00000     0.00000     0.00000
     1.47500    -0.03917    -0.16097     0.12745     0.00000     0.00000     0.00000     0.00000     0.00000
     1.48000    -0.03908    -0.15949     0.12621     0.00000     0.00000     0.00000     0.00000     0.00000
     1.48500    -0.03899    -0.15803     0.12498     0.00000     0.00000     0.00000     0.00000     0.00000
     1.49000    -0.03889    -0.15658     0.12376     0.00000     0.00000     0.00000     0.00000     0.00000
     1.49500    -0.03880    -0.15515     0.12256     0.00000     0.00000     0.00000     0.00000     0.00000
     1.50000    -0.03870    -0.15373     0.12136     0.00000     0.00000     0.00000     0.00000     0.00000
     1.50500    -0.03861    -0.15233     0.12019     0.00000     0.00000     0.00000     0.00000     0.00000
     1.51000    -0.03851    -0.15094     0.11902     0.00000     0.00000     0.00000     0.00000     0.00000
     1.51500    -0.03841    -0.14956     0.11787     0.00000     0.00000     0.00000     0.00000     0.00000
     1.52000    -0.03831    -0.14819     0.11672     0.00000     0.00000     0.00000     0.00000     0.00000
     1.52500    -0.03821    -0.14684     0.11560     0.00000     0.00000     0.00000     0.00000     0.00000
     1.53000    -0.03811    -0.14550     0.11448     0.00000     0.00000     0.00000     0.00000     0.00000
     1.53500    -0.03801    -0.14417     0.11337     0.00000     0.00000     0.00000     0.00000     0.00000
     1.54000    -0.03791    -0.14286     0.11228     0.00000     0.00000     0.00000     0.00000     0.00000
     1.54500    -0.03781    -0.14156     0.11120     0.00000     0.00000     0.00000     0.00000     0.00000
     1.55000    -0.03771    -0.14027     0.11013     0.00000     0.00000     0.00000     0.00000     0.00000
     1.55500    -0.03761    -0.13899     0.10907     0.00000     0.00000     0.00000     0.00000     0.00000
     1.56000    -0.03750    -0.13773     0.10802     0.00000     0.00000     0.00000     0.00000     0.00000
     1.56500    -0.03740    -0.13648     0.10699     0.00000     0.00000     0.00000     0.00000     0.00000
     1.57000    -0.03729    -0.13524     0.10596     0.00000     0.00000     0.00000     0.00000     0.00000
     1.57500    -0.03719    -0.13401     0.10495     0.00000     0.00000     0.00000     0.00000     0.00000
     1.58000    -0.03708    -0.13279     0.10394     0.00000     0.00000     0.00000     0.00000     0.00000
     1.58500    -0.03698    -0.13159     0.10295     0.00000     0.00000     0.00000     0.00000     0.00000
     1.59000    -0.03687    -0.13039     0.10197     0.00000     0.00000     0.00000     0.00000     0.00000
     1.59500    -0.03676    -0.12921     0.10099     0.00000     0.00000     0.00000     0.00000     0.00000
     1.60000    -0.03665    -0.12804     0.10003     0.00000     0.00000     0.00000     0.00000     0.00000
     1.60500    -0.03655    -0.12688     0.09908     0.00000     0.00000     0.00000     0.00000     0.00000
     1.61000    -0.03644    -0.12573     0.09814     0.00000     0.00000     0.00000     0.00000     0.00000
     1.61500    -0.03633    -0.12459     0.09720     0.00000     0.00000     0.00000     0.00000     0.00000
     1.62000    -0.03622    -0.12346     0.09628     0.00000     0.00000     0.00000     0.00000     0.00000
     1.62500    -0.03611    -0.12235     0.09537     0.00000     0.00000     0.00000     0.00000     0.00000
     1.63000    -0.03600    -0.12124     0.09447     0.00000     0.00000     0.00000     0.00000     0.00000
     1.63500    -0.03589    -0.12015     0.09357     0.00000     0.00000     0.00000     0.00000     0.00000
     1.64000    -0.03577    -0.11906     0.09269     0.00000     0.00000     0.00000     0.00000     0.00000
     1.64500    -0.03566    -0.11799     0.09181     0.00000     0.00000     0.00000     0.00000     0.00000
     1.65000    -0.03555    -0.11692     0.09095     0.00000     0.00000     0.00000     0.00000     0.00000
     1.65500    -0.03544    -0.11587     0.09009     0.00000     0.00000     0.00000     0.00000     0.00000
     1.66000    -0.03533    -0.11482     0.08924     0.00000     0.00000     0.00000     0.00000     0.00000
     1.66500    -0.03521    -0.11379     0.08840     0.00000     0.00000     0.00000     0.00000     0.00000
     1.67000    -0.03510    -0.11276     0.08757     0.00000     0.00000     0.00000     0.00000     0.00000
     1.67500    -0.03499    -0.11175     0.08675     0.00000     0.00000     0.00000     0.00000     0.00000
     1.68000    -0.03487    -0.11074     0.08593     0.00000     0.00000     0.00000     0.00000     0.00000
     1.68500    -0.03476    -0.10974     0.08513     0.00000     0.00000     0.00000     0.00000     0.00000
     1.69000    -0.03464    -0.10876     0.08433     0.00000     0.00000     0.00000     0.00000     0.00000
     1.69500    -0.03453    -0.10778     0.08354     0.00000     0.00000     0.00000     0.00000     0.00000
     1.70000    -0.03441    -0.10681     0.08276     0.00000     0.00000     0.00000     0.00000     0.00000
     1.70500    -0.03430    -0.10585     0.08199     0.00000     0.00000     0.00000     0.00000     0.00000
     1.71000    -0.03418    -0.10490     0.08123     0.00000     0.00000     0.00000     0.00000     0.00000
     1.71500    -0.03407    -0.10396     0.08047     0.00000     0.00000     0.00000     0.00000     0.00000
     1.72000    -0.03395    -0.10303     0.07972     0.00000     0.00000     0.00000     0.00000     0.00000
     1.72500    -0.03384    -0.10210     0.07898     0.00000     0.00000     0.00000     0.00000     0.00000
     1.73000    -0.03372    -0.10119     0.07824     0.00000     0.00000     0.00000     0.00000     0.00000
     1.73500    -0.03360    -0.10028     0.07752     0.00000     0.00000     0.00000     0.00000     0.00000
     1.74000    -0.03349    -0.09938     0.07680     0.00000     0.00000     0.00000     0.00000     0.00000
     1.74500    -0.03337    -0.09849     0.07609     0.00000     0.00000     0.00000     0.00000     0.00000
     1.75000    -0.03325    -0.09761     0.07538     0.00000     0.00000     0.00000     0.00000     0.00000
     1.75500    -0.03314    -0.09674     0.07469     0.00000     0.00000     0.00000     0.00000     0.00000
     1.76000    -0.03302    -0.09587     0.07400     0.00000     0.00000     0.00000     0.00000     0.00000
     1.76500    -0.03290    -0.09502     0.07332     0.00000     0.00000     0.00000     0.00000     0.00000
     1.77000    -0.03278    -0.09417     0.07264     0.00000     0.00000     0.00000     0.00000     0.00000
     1.77500    -0.03267    -0.09333     0.07197     0.00000     0.00000     0.00000     0.00000     0.00000
     1.78000    -0.03255    -0.09249     0.07131     0.00000     0.00000     0.00000     0.00000     0.00000
     1.78500    -0.03243    -0.09167     0.07065     0.00000     0.00000     0.00000     0.00000     0.00000
     1.79000    -0.03231    -0.09085     0.07000     0.00000     0.00000     0.00000     0.00000     0.00000
     1.79500    -0.03220    -0.09004     0.06936     0.00000     0.00000     0.00000     0.00000     0.00000
     1.80000    -0.03208    -0.08924     0.06873     0.00000     0.00000     0.00000     0.00000     0.00000
     1.80500    -0.03196    -0.08844     0.06810     0.00000     0.00000     0.00000     0.00000     0.00000
     1.81000    -0.03184    -0.08766     0.06747     0.00000     0.00000     0.00000     0.00000     0.00000
     1.81500    -0.03173    -0.08688     0.06686     0.00000     0.00000     0.00000     0.00000     0.00000
     1.82000    -0.03161    -0.08610     0.06625     0.00000     0.00000     0.00000     0.00000     0.00000
     1.82500    -0.03149    -0.08534     0.06564     0.00000     0.00000     0.00000     0.00000     0.00000
     1.83000    -0.03137    -0.08458     0.06504     0.00000     0.00000     0.00000     0.00000     0.00000
     1.83500    -0.03126    -0.08383     0.06445     0.00000     0.00000     0.00000     0.00000     0.00000
     1.84000    -0.03114    -0.08308     0.06387     0.00000     0.00000     0.00000     0.00000     0.00000
     1.84500    -0.03102    -0.08235     0.06329     0.00000     0.00000     0.00000     0.00000     0.00000
     1.85000    -0.03090    -0.08162     0.06271     0.00000     0.00000     0.00000     0.00000     0.00000
     1.85500    -0.03078    -0.08089     0.06214     0.00000     0.00000     0.00000     0.00000     0.00000
     1.86000    -0.03067    -0.08017     0.06158     0.00000     0.00000     0.00000     0.00000     0.00000
     1.86500    -0.03055    -0.07946     0.06102     0.00000     0.00000     0.00000     0.00000     0.00000
     1.87000    -0.03043    -0.07876     0.06047     0.00000     0.00000     0.00000     0.00000     0.00000
     1.87500    -0.03031    -0.07806     0.05992     0.00000     0.00000     0.00000     0.00000     0.00000
     1.88000    -0.03020    -0.07737     0.05938     0.00000     0.00000     0.00000     0.00000     0.00000
     1.88500    -0.03008    -0.07669     0.05885     0.00000     0.00000     0.00000     0.00000     0.00000
     1.89000    -0.02996    -0.07601     0.05832     0.00000     0.00000     0.00000     0.00000     0.00000
     1.89500    -0.02984    -0.07534     0.05779     0.00000     0.00000     0.00000     0.00000     0.00000
     1.90000    -0.02973    -0.07467     0.05727     0.00000     0.00000     0.00000     0.00000     0.00000
     1.90500    -0.02961    -0.07401     0.05676     0.00000     0.00000     0.00000     0.00000     0.00000
     1.91000    -0.02949    -0.07336     0.05625     0.00000     0.00000     0.00000     0.00000     0.00000
     1.91500    -0.02938    -0.07271     0.05574     0.00000     0.00000     0.00000     0.00000     0.00000
     1.92000    -0.02926    -0.07207     0.05524     0.00000     0.00000     0.00000     0.00000     0.00000
     1.92500    -0.02914    -0.07143     0.05475     0.00000     0.00000     0.00000     0.00000     0.00000
     1.93000    -0.02903    -0.07080     0.05426     0.00000     0.00000     0.00000     0.00000     0.00000
     1.93500    -0.02891    -0.07018     0.05377     0.00000     0.00000     0.00000     0.00000     0.00000
     1.94000    -0.02879    -0.06956     0.05329     0.00000     0.00000     0.00000     0.00000     0.00000
     1.94500    -0.02868    -0.06895     0.05282     0.00000     0.00000     0.00000     0.00000     0.00000
     1.95000    -0.02856    -0.06834     0.05235     0.00000     0.00000     0.00000     0.00000     0.00000
     1.95500    -0.02844    -0.06774     0.05188     0.00000     0.00000     0.00000     0.00000     0.00000
     1.96000    -0.02833    -0.06714     0.05142     0.00000     0.00000     0.00000     0.00000     0.00000
     1.96500    -0.02821    -0.06655     0.05096     0.00000     0.00000     0.00000     0.00000     0.00000
     1.97000    -0.02810    -0.06597     0.05051     0.00000     0.00000     0.00000     0.00000     0.00000
     1.97500    -0.02798    -0.06539     0.05006     0.00000     0.00000     0.00000     0.00000     0.00000
     1.98000    -0.02787    -0.06481     0.04962     0.00000     0.00000     0.00000     0.00000     0.00000
     1.98500    -0.02775    -0.06425     0.04918     0.00000     0.00000     0.00000     0.00000     0.00000
     1.99000    -0.02764    -0.06368     0.04874     0.00000     0.00000     0.00000     0.00000     0.00000
     1.99500    -0.02752    -0.06312     0.04831     0.00000     0.00000     0.00000     0.00000     0.00000
     2.00000    -0.02741    -0.06257     0.04789     0.00000     0.00000     0.00000     0.00000     0.00000
     2.00500    -0.02729    -0.06202     0.04746     0.00000     0.00000     0.00000     0.00000     0.00000
     2.01000    -0.02718    -0.06148     0.04704     0.00000     0.00000     0.00000     0.00000     0.00000
     2.01500    -0.02707    -0.06094     0.04663     0.00000     0.00000     0.00000     0.00000     0.00000
     2.02000    -0.02695    -0.06041     0.04622     0.00000     0.00000     0.00000     0.00000     0.00000
     2.02500    -0.02684    -0.05988     0.04581     0.00000     0.00000     0.00000     0.00000     0.00000
     2.03000    -0.02673    -0.05935     0.04541     0.00000     0.00000     0.00000     0.00000     0.00000
     2.03500    -0.02661    -0.05883     0.04501     0.00000     0.00000     0.00000     0.00000     0.00000
     2.04000    -0.02650    -0.05832     0.04462     0.00000     0.00000     0.00000     0.00000     0.00000
     2.04500    -0.02639    -0.05781     0.04423     0.00000     0.00000     0.00000     0.00000     0.00000
     2.05000    -0.02627    -0.05731     0.04384     0.00000     0.00000     0.00000     0.00000     0.00000
     2.05500    -0.02616    -0.05681     0.04346     0.00000     0.00000     0.00000     0.00000     0.00000
     2.06000    -0.02605    -0.05631     0.04308     0.00000     0.00000     0.00000     0.00000     0.00000
     2.06500    -0.02594    -0.05582     0.04270     0.00000     0.00000     0.00000     0.00000     0.00000
     2.07000    -0.02583    -0.05533     0.04233     0.00000     0.00000     0.00000     0.00000     0.00000
     2.07500    -0.02571    -0.05485     0.04196     0.00000     0.00000     0.00000     0.00000     0.00000
     2.08000    -0.02560    -0.05437     0.04159     0.00000     0.00000     0.00000     0.00000     0.00000
     2.08500    -0.02549    -0.05390     0.04123     0.00000     0.00000     0.00000     0.00000     0.00000
     2.09000    -0.02538    -0.05343     0.04087     0.00000     0.00000     0.00000     0.00000     0.00000
     2.09500    -0.02527    -0.05296     0.04052     0.00000     0.00000     0.00000     0.00000     0.00000
     2.10000    -0.02516    -0.05250     0.04017     0.00000     0.00000     0.00000     0.00000     0.00000
     2.10500    -0.02505    -0.05205     0.03982     0.00000     0.00000     0.00000     0.00000     0.00000
     2.11000    -0.02494    -0.05159     0.03947     0.00000     0.00000     0.00000     0.00000     0.00000
     2.11500    -0.02483    -0.05115     0.03913     0.00000     0.00000     0.00000     0.00000     0.00000
     2.12000    -0.02472    -0.05070     0.03879     0.00000     0.00000     0.00000     0.00000     0.00000
     2.12500    -0.02461    -0.05026     0.03846     0.00000     0.00000     0.00000     0.00000     0.00000
     2.13000    -0.02451    -0.04982     0.03813     0.00000     0.00000     0.00000     0.00000     0.00000
     2.13500    -0.02440    -0.04939     0.03780     0.00000     0.00000     0.00000     0.00000     0.00000
     2.14000    -0.02429    -0.04896     0.03747     0.00000     0.00000     0.00000     0.00000     0.00000
     2.14500    -0.02418    -0.04854     0.03715     0.00000     0.00000     0.00000     0.00000     0.00000
     2.15000    -0.02407    -0.04812     0.03683     0.00000     0.00000     0.00000     0.00000     0.00000
     2.15500    -0.02397    -0.04770     0.03651     0.00000     0.00000     0.00000     0.00000     0.00000
     2.16000    -0.02386    -0.04729     0.03620     0.00000     0.00000     0.00000     0.00000     0.00000
     2.16500    -0.02375    -0.04688     0.03589     0.00000     0.00000     0.00000     0.00000     0.00000
     2.17000    -0.02365    -0.04647     0.03558     0.00000     0.00000     0.00000     0.00000     0.00000
     2.17500    -0.02354    -0.04607     0.03528     0.00000     0.00000     0.00000     0.00000     0.00000
     2.18000    -0.02344    -0.04567     0.03497     0.00000     0.00000     0.00000     0.00000     0.00000
     2.18500    -0.02333    -0.04528     0.03467     0.00000     0.00000     0.00000     0.00000     0.00000
     2.19000    -0.02322    -0.04489     0.03438     0.00000     0.00000     0.00000     0.00000     0.00000
     2.19500    -0.02312    -0.04450     0.03408     0.00000     0.00000     0.00000     0.00000     0.00000
     2.20000    -0.02301    -0.04412     0.03379     0.00000     0.00000     0.00000     0.00000     0.00000
     2.20500    -0.02291    -0.04373     0.03351     0.00000     0.00000     0.00000     0.00000     0.00000
     2.21000    -0.02281    -0.04336     0.03322     0.00000     0.00000     0.00000     0.00000     0.00000
     2.21500    -0.02270    -0.04298     0.03294     0.00000     0.00000     0.00000     0.00000     0.00000
     2.22000    -0.02260    -0.04261     0.03266     0.00000     0.00000     0.00000     0.00000     0.00000
     2.22500    -0.02250    -0.04225     0.03238     0.00000     0.00000     0.00000     0.00000     0.00000
     2.23000    -0.02239    -0.04188     0.03210     0.00000     0.00000     0.00000     0.00000     0.00000
     2.23500    -0.02229    -0.04152     0.03183     0.00000     0.00000     0.00000     0.00000     0.00000
     2.24000    -0.02219    -0.04116     0.03156     0.00000     0.00000     0.00000     0.00000     0.00000
     2.24500    -0.02209    -0.04081     0.03130     0.00000     0.00000     0.00000     0.00000     0.00000
     2.25000    -0.02198    -0.04046     0.03103     0.00000     0.00000     0.00000     0.00000     0.00000
     2.25500    -0.02188    -0.04011     0.03077     0.00000     0.00000     0.00000     0.00000     0.00000
     2.26000    -0.02178    -0.03977     0.03051     0.00000     0.00000     0.00000     0.00000     0.00000
     2.26500    -0.02168    -0.03942     0.03025     0.00000     0.00000     0.00000     0.00000     0.00000
     2.27000    -0.02158    -0.03908     0.03000     0.00000     0.00000     0.00000     0.00000     0.00000
     2.27500    -0.02148    -0.03875     0.02974     0.00000     0.00000     0.00000     0.00000     0.00000
     2.28000    -0.02138    -0.03842     0.02949     0.00000     0.00000     0.00000     0.00000     0.00000
     2.28500    -0.02128    -0.03809     0.02924     0.00000     0.00000     0.00000     0.00000     0.00000
     2.29000    -0.02118    -0.03776     0.02900     0.00000     0.00000     0.00000     0.00000     0.00000
     2.29500    -0.02108    -0.03744     0.02875     0.00000     0.00000     0.00000     0.00000     0.00000
     2.30000    -0.02098    -0.03712     0.02851     0.00000     0.00000     0.00000     0.00000     0.00000
     2.30500    -0.02089    -0.03680     0.02827     0.00000     0.00000     0.00000     0.00000     0.00000
     2.31000    -0.02079    -0.03648     0.02804     0.00000     0.00000     0.00000     0.00000     0.00000
     2.31500    -0.02069    -0.03617     0.02780     0.00000     0.00000     0.00000     0.00000     0.00000
     2.32000    -0.02059    -0.03586     0.02757     0.00000     0.00000     0.00000     0.00000     0.00000
     2.32500    -0.02050    -0.03555     0.02734     0.00000     0.00000     0.00000     0.00000     0.00000
     2.33000    -0.02040    -0.03525     0.02711     0.00000     0.00000     0.00000     0.00000     0.00000
     2.33500    -0.02030    -0.03495     0.02688     0.00000     0.00000     0.00000     0.00000     0.00000
     2.34000    -0.02021    -0.03465     0.02666     0.00000     0.00000     0.00000     0.00000     0.00000
     2.34500    -0.02011    -0.03435     0.02644     0.00000     0.00000     0.00000     0.00000     0.00000
     2.35000    -0.02001    -0.03406     0.02622     0.00000     0.00000     0.00000     0.00000     0.00000
     2.35500    -0.01992    -0.03377     0.02600     0.00000     0.00000     0.00000     0.00000     0.00000
     2.36000    -0.01982    -0.03348     0.02578     0.00000     0.00000     0.00000     0.00000     0.00000
     2.36500    -0.01973    -0.03320     0.02557     0.00000     0.00000     0.00000     0.00000     0.00000
     2.37000    -0.01964    -0.03291     0.02536     0.00000     0.00000     0.00000     0.00000     0.00000
     2.37500    -0.01954    -0.03263     0.02515     0.00000     0.00000     0.00000     0.00000     0.00000
     2.38000    -0.01945    -0.03235     0.02494     0.00000     0.00000     0.00000     0.00000     0.00000
     2.38500    -0.01936    -0.03208     0.02473     0.00000     0.00000     0.00000     0.00000     0.00000
     2.39000    -0.01926    -0.03181     0.02453     0.00000     0.00000     0.00000     0.00000     0.00000
     2.39500    -0.01917    -0.03153     0.02432     0.00000     0.00000     0.00000     0.00000     0.00000
     2.40000    -0.01908    -0.03127     0.02412     0.00000     0.00000     0.00000     0.00000     0.00000
     2.40500    -0.01899    -0.03100     0.02392     0.00000     0.00000     0.00000     0.00000     0.00000
     2.41000    -0.01889    -0.03074     0.02373     0.00000     0.00000     0.00000     0.00000     0.00000
     2.41500    -0.01880    -0.03048     0.02353     0.00000     0.00000     0.00000     0.00000     0.00000
     2.42000    -0.01871    -0.03022     0.02334     0.00000     0.00000     0.00000     0.00000     0.00000
     2.42500    -0.01862    -0.02996     0.02315     0.00000     0.00000     0.00000     0.00000     0.00000
     2.43000    -0.01853    -0.02971     0.02296     0.00000     0.00000     0.00000     0.00000     0.00000
     2.43500    -0.01844    -0.02945     0.02277     0.00000     0.00000     0.00000     0.00000     0.00000
     2.44000    -0.01835    -0.02920     0.02258     0.00000     0.00000     0.00000     0.00000     0.00000
     2.44500    -0.01826    -0.02896     0.02239     0.00000     0.00000     0.00000     0.00000     0.00000
     2.45000    -0.01817    -0.02871     0.02221     0.00000     0.00000     0.00000     0.00000     0.00000
     2.45500    -0.01809    -0.02847     0.02203     0.00000     0.00000     0.00000     0.00000     0.00000
     2.46000    -0.01800    -0.02823     0.02185     0.00000     0.00000     0.00000     0.00000     0.00000
     2.46500    -0.01791    -0.02799     0.02167     0.00000     0.00000     0.00000     0.00000     0.00000
     2.47000    -0.01782    -0.02775     0.02149     0.00000     0.00000     0.00000     0.00000     0.00000
     2.47500    -0.01774    -0.02751     0.02132     0.00000     0.00000     0.00000     0.00000     0.00000
     2.48000    -0.01765    -0.02728     0.02114     0.00000     0.00000     0.00000     0.00000     0.00000
     2.48500    -0.01756    -0.02705     0.02097     0.00000     0.00000     0.00000     0.00000     0.00000
     2.49000    -0.01748    -0.02682     0.02080     0.00000     0.00000     0.00000     0.00000     0.00000
     2.49500    -0.01739    -0.02660     0.02063     0.00000     0.00000     0.00000     0.00000     0.00000
     2.50000    -0.01730    -0.02637     0.02046     0.00000     0.00000     0.00000     0.00000     0.00000
     2.50500    -0.01722    -0.02615     0.02030     0.00000     0.00000     0.00000     0.00000     0.00000
     2.51000    -0.01713    -0.02593     0.02013     0.00000     0.00000     0.00000     0.00000     0.00000
     2.51500    -0.01705    -0.02571     0.01997     0.00000     0.00000     0.00000     0.00000     0.00000
     2.52000    -0.01696    -0.02549     0.01981     0.00000     0.00000     0.00000     0.00000     0.00000
     2.52500    -0.01688    -0.02528     0.01965     0.00000     0.00000     0.00000     0.00000     0.00000
     2.53000    -0.01680    -0.02506     0.01949     0.00000     0.00000     0.00000     0.00000     0.00000
     2.53500    -0.01671    -0.02485     0.01933     0.00000     0.00000     0.00000     0.00000     0.00000
     2.54000    -0.01663    -0.02464     0.01917     0.00000     0.00000     0.00000     0.00000     0.00000
     2.54500    -0.01655    -0.02444     0.01902     0.00000     0.00000     0.00000     0.00000     0.00000
     2.55000    -0.01647    -0.02423     0.01886     0.00000     0.00000     0.00000     0.00000     0.00000
     2.55500    -0.01638    -0.02403     0.01871     0.00000     0.00000     0.00000     0.00000     0.00000
     2.56000    -0.01630    -0.02382     0.01856     0.00000     0.00000     0.00000     0.00000     0.00000
     2.56500    -0.01622    -0.02362     0.01841     0.00000     0.00000     0.00000     0.00000     0.00000
     2.57000    -0.01614    -0.02342     0.01826     0.00000     0.00000     0.00000     0.00000     0.00000
     2.57500    -0.01606    -0.02323     0.01811     0.00000     0.00000     0.00000     0.00000     0.00000
     2.58000    -0.01598    -0.02303     0.01797     0.00000     0.00000     0.00000     0.00000     0.00000
     2.58500    -0.01590    -0.02284     0.01782     0.00000     0.00000     0.00000     0.00000     0.00000
     2.59000    -0.01582    -0.02265     0.01768     0.00000     0.00000     0.00000     0.00000     0.00000
     2.59500    -0.01574    -0.02246     0.01754     0.00000     0.00000     0.00000     0.00000     0.00000
     2.60000    -0.01566    -0.02227     0.01740     0.00000     0.00000     0.00000     0.00000     0.00000
     2.60500    -0.01558    -0.02208     0.01726     0.00000     0.00000     0.00000     0.00000     0.00000
     2.61000    -0.01550    -0.02190     0.01712     0.00000     0.00000     0.00000     0.00000     0.00000
     2.61500    -0.01543    -0.02171     0.01698     0.00000     0.00000     0.00000     0.00000     0.00000
     2.62000    -0.01535    -0.02153     0.01685     0.00000     0.00000     0.00000     0.00000     0.00000
     2.62500    -0.01527    -0.02135     0.01671     0.00000     0.00000     0.00000     0.00000     0.00000
     2.63000    -0.01519    -0.02117     0.01658     0.00000     0.00000     0.00000     0.00000     0.00000
     2.63500    -0.01512    -0.02099     0.01645     0.00000     0.00000     0.00000     0.00000     0.00000
     2.64000    -0.01504    -0.02082     0.01632     0.00000     0.00000     0.00000     0.00000     0.00000
     2.64500    -0.01496    -0.02064     0.01619     0.00000     0.00000     0.00000     0.00000     0.00000
     2.65000    -0.01489    -0.02047     0.01606     0.00000     0.00000     0.00000     0.00000     0.00000
     2.65500    -0.01481    -0.02030     0.01593     0.00000     0.00000     0.00000     0.00000     0.00000
     2.66000    -0.01474    -0.02013     0.01580     0.00000     0.00000     0.00000     0.00000     0.00000
     2.66500    -0.01466    -0.01996     0.01568     0.00000     0.00000     0.00000     0.00000     0.00000
     2.67000    -0.01459    -0.01980     0.01555     0.00000     0.00000     0.00000     0.00000     0.00000
     2.67500    -0.01451    -0.01963     0.01543     0.00000     0.00000     0.00000     0.00000     0.00000
     2.68000    -0.01444    -0.01947     0.01531     0.00000     0.00000     0.00000     0.00000     0.00000
     2.68500    -0.01437    -0.01930     0.01519     0.00000     0.00000     0.00000     0.00000     0.00000
     2.69000    -0.01429    -0.01914     0.01506     0.00000     0.00000     0.00000     0.00000     0.00000
     2.69500    -0.01422    -0.01898     0.01495     0.00000     0.00000     0.00000     0.00000     0.00000
     2.70000    -0.01415    -0.01883     0.01483     0.00000     0.00000     0.00000     0.00000     0.00000
     2.70500    -0.01407    -0.01867     0.01471     0.00000     0.00000     0.00000     0.00000     0.00000
     2.71000    -0.01400    -0.01851     0.01459     0.00000     0.00000     0.00000     0.00000     0.00000
     2.71500    -0.01393    -0.01836     0.01448     0.00000     0.00000     0.00000     0.00000     0.00000
     2.72000    -0.01386    -0.01821     0.01436     0.00000     0.00000     0.00000     0.00000     0.00000
     2.72500    -0.01379    -0.01805     0.01425     0.00000     0.00000     0.00000     0.00000     0.00000
     2.73000    -0.01372    -0.01790     0.01414     0.00000     0.00000     0.00000     0.00000     0.00000
     2.73500    -0.01365    -0.01776     0.01403     0.00000     0.00000     0.00000     0.00000     0.00000
     2.74000    -0.01358    -0.01761     0.01392     0.00000     0.00000     0.00000     0.00000     0.00000
     2.74500    -0.01351    -0.01746     0.01381     0.00000     0.00000     0.00000     0.00000     0.00000
     2.75000    -0.01344    -0.01732     0.01370     0.00000     0.00000     0.00000     0.00000     0.00000
     2.75500    -0.01337    -0.01717     0.01359     0.00000     0.00000     0.00000     0.00000     0.00000
     2.76000    -0.01330    -0.01703     0.01348     0.00000     0.00000     0.00000     0.00000     0.00000
     2.76500    -0.01323    -0.01689     0.01338     0.00000     0.00000     0.00000     0.00000     0.00000
     2.77000    -0.01316    -0.01675     0.01327     0.00000     0.00000     0.00000     0.00000     0.00000
     2.77500    -0.01309    -0.01661     0.01317     0.00000     0.00000     0.00000     0.00000     0.00000
     2.78000    -0.01302    -0.01647     0.01307     0.00000     0.00000     0.00000     0.00000     0.00000
     2.78500    -0.01296    -0.01634     0.01296     0.00000     0.00000     0.00000     0.00000     0.00000
     2.79000    -0.01289    -0.01620     0.01286     0.00000     0.00000     0.00000     0.00000     0.00000
     2.79500    -0.01282    -0.01607     0.01276     0.00000     0.00000     0.00000     0.00000     0.00000
     2.80000    -0.01276    -0.01593     0.01266     0.00000     0.00000     0.00000     0.00000     0.00000
     2.80500    -0.01269    -0.01580     0.01256     0.00000     0.00000     0.00000     0.00000     0.00000
     2.81000    -0.01262    -0.01567     0.01247     0.00000     0.00000     0.00000     0.00000     0.00000
     2.81500    -0.01256    -0.01554     0.01237     0.00000     0.00000     0.00000     0.00000     0.00000
     2.82000    -0.01249    -0.01541     0.01227     0.00000     0.00000     0.00000     0.00000     0.00000
     2.82500    -0.01243    -0.01528     0.01218     0.00000     0.00000     0.00000     0.00000     0.00000
     2.83000    -0.01236    -0.01516     0.01208     0.00000     0.00000     0.00000     0.00000     0.00000
     2.83500    -0.01230    -0.01503     0.01199     0.00000     0.00000     0.00000     0.00000     0.00000
     2.84000    -0.01223    -0.01491     0.01189     0.00000     0.00000     0.00000     0.00000     0.00000
     2.84500    -0.01217    -0.01479     0.01180     0.00000     0.00000     0.00000     0.00000     0.00000
     2.85000    -0.01211    -0.01466     0.01171     0.00000     0.00000     0.00000     0.00000     0.00000
     2.85500    -0.01204    -0.01454     0.01162     0.00000     0.00000     0.00000     0.00000     0.00000
     2.86000    -0.01198    -0.01442     0.01153     0.00000     0.00000     0.00000     0.00000     0.00000
     2.86500    -0.01192    -0.01430     0.01144     0.00000     0.00000     0.00000     0.00000     0.00000
     2.87000    -0.01186    -0.01419     0.01135     0.00000     0.00000     0.00000     0.00000     0.00000
     2.87500    -0.01179    -0.01407     0.01126     0.00000     0.00000     0.00000     0.00000     0.00000
     2.88000    -0.01173    -0.01395     0.01118     0.00000     0.00000     0.00000     0.00000     0.00000
     2.88500    -0.01167    -0.01384     0.01109     0.00000     0.00000     0.00000     0.00000     0.00000
     2.89000    -0.01161    -0.01372     0.01100     0.00000     0.00000     0.00000     0.00000     0.00000
     2.89500    -0.01155    -0.01361     0.01092     0.00000     0.00000     0.00000     0.00000     0.00000
     2.90000    -0.01149    -0.01350     0.01084     0.00000     0.00000     0.00000     0.00000     0.00000
     2.90500    -0.01143    -0.01339     0.01075     0.00000     0.00000     0.00000     0.00000     0.00000
     2.91000    -0.01137    -0.01328     0.01067     0.00000     0.00000     0.00000     0.00000     0.00000
     2.91500    -0.01131    -0.01317     0.01059     0.00000     0.00000     0.00000     0.00000     0.00000
     2.92000    -0.01125    -0.01306     0.01051     0.00000     0.00000     0.00000     0.00000     0.00000
     2.92500    -0.01119    -0.01295     0.01042     0.00000     0.00000     0.00000     0.00000     0.00000
     2.93000    -0.01113    -0.01285     0.01034     0.00000     0.00000     0.00000     0.00000     0.00000
     2.93500    -0.01107    -0.01274     0.01027     0.00000     0.00000     0.00000     0.00000     0.00000
     2.94000    -0.01101    -0.01264     0.01019     0.00000     0.00000     0.00000     0.00000     0.00000
     2.94500    -0.01095    -0.01253     0.01011     0.00000     0.00000     0.00000     0.00000     0.00000
     2.95000    -0.01089    -0.01243     0.01003     0.00000     0.00000     0.00000     0.00000     0.00000
     2.95500    -0.01084    -0.01233     0.00995     0.00000     0.00000     0.00000     0.00000     0.00000
     2.96000    -0.01078    -0.01223     0.00988     0.00000     0.00000     0.00000     0.00000     0.00000
     2.96500    -0.01072    -0.01213     0.00980     0.00000     0.00000     0.00000     0.00000     0.00000
     2.97000    -0.01066    -0.01203     0.00973     0.00000     0.00000     0.00000     0.00000     0.00000
     2.97500    -0.01061    -0.01193     0.00965     0.00000     0.00000     0.00000     0.00000     0.00000
     2.98000    -0.01055    -0.01183     0.00958     0.00000     0.00000     0.00000     0.00000     0.00000
     2.98500    -0.01050    -0.01173     0.00951     0.00000     0.00000     0.00000     0.00000     0.00000
     2.99000    -0.01044    -0.01164     0.00943     0.00000     0.00000     0.00000     0.00000     0.00000
     2.99500    -0.01038    -0.01154     0.00936     0.00000     0.00000     0.00000     0.00000     0.00000
     3.00000    -0.01033    -0.01145     0.00929     0.00000     0.00000     0.00000     0.00000     0.00000
     3.00500    -0.01027    -0.01136     0.00922     0.00000     0.00000     0.00000     0.00000     0.00000
     3.01000    -0.01022    -0.01126     0.00915     0.00000     0.00000     0.00000     0.00000     0.00000
     3.01500    -0.01016    -0.01117     0.00908     0.00000     0.00000     0.00000     0.00000     0.00000
     3.02000    -0.01011    -0.01108     0.00901     0.00000     0.00000     0.00000     0.00000     0.00000
     3.02500    -0.01006    -0.01099     0.00894     0.00000     0.00000     0.00000     0.00000     0.00000
     3.03000    -0.01000    -0.01090     0.00887     0.00000     0.00000     0.00000     0.00000     0.00000
     3.03500    -0.00995    -0.01081     0.00881     0.00000     0.00000     0.00000     0.00000     0.00000
     3.04000    -0.00990    -0.01072     0.00874     0.00000     0.00000     0.00000     0.00000     0.00000
     3.04500    -0.00984    -0.01063     0.00867     0.00000     0.00000     0.00000     0.00000     0.00000
     3.05000    -0.00979    -0.01055     0.00861     0.00000     0.00000     0.00000     0.00000     0.00000
     3.05500    -0.00974    -0.01046     0.00854     0.00000     0.00000     0.00000     0.00000     0.00000
     3.06000    -0.00969    -0.01038     0.00848     0.00000     0.00000     0.00000     0.00000     0.00000
     3.06500    -0.00963    -0.01029     0.00841     0.00000     0.00000     0.00000     0.00000     0.00000
     3.07000    -0.00958    -0.01021     0.00835     0.00000     0.00000     0.00000     0.00000     0.00000
     3.07500    -0.00953    -0.01013     0.00829     0.00000     0.00000     0.00000     0.00000     0.00000
     3.08000    -0.00948    -0.01004     0.00822     0.00000     0.00000     0.00000     0.00000     0.00000
     3.08500    -0.00943    -0.00996     0.00816     0.00000     0.00000     0.00000     0.00000     0.00000
     3.09000    -0.00938    -0.00988     0.00810     0.00000     0.00000     0.00000     0.00000     0.00000
     3.09500    -0.00933    -0.00980     0.00804     0.00000     0.00000     0.00000     0.00000     0.00000
     3.10000    -0.00928    -0.00972     0.00798     0.00000     0.00000     0.00000     0.00000     0.00000
     3.10500    -0.00923    -0.00964     0.00792     0.00000     0.00000     0.00000     0.00000     0.00000
     3.11000    -0.00918    -0.00956     0.00786     0.00000     0.00000     0.00000     0.00000     0.00000
     3.11500    -0.00913    -0.00949     0.00780     0.00000     0.00000     0.00000     0.00000     0.00000
     3.12000    -0.00908    -0.00941     0.00774     0.00000     0.00000     0.00000     0.00000     0.00000
     3.12500    -0.00903    -0.00933     0.00768     0.00000     0.00000     0.00000     0.00000     0.00000
     3.13000    -0.00898    -0.00926     0.00762     0.00000     0.00000     0.00000     0.00000     0.00000
     3.13500    -0.00893    -0.00918     0.00757     0.00000     0.00000     0.00000     0.00000     0.00000
     3.14000    -0.00888    -0.00911     0.00751     0.00000     0.00000     0.00000     0.00000     0.00000
     3.14500    -0.00884    -0.00903     0.00745     0.00000     0.00000     0.00000     0.00000     0.00000
     3.15000    -0.00879    -0.00896     0.00740     0.00000     0.00000     0.00000     0.00000     0.00000
     3.15500    -0.00874    -0.00889     0.00734     0.00000     0.00000     0.00000     0.00000     0.00000
     3.16000    -0.00869    -0.00881     0.00729     0.00000     0.00000     0.00000     0.00000     0.00000
     3.16500    -0.00865    -0.00874     0.00723     0.00000     0.00000     0.00000     0.00000     0.00000
     3.17000    -0.00860    -0.00867     0.00718     0.00000     0.00000     0.00000     0.00000     0.00000
     3.17500    -0.00855    -0.00860     0.00712     0.00000     0.00000     0.00000     0.00000     0.00000
     3.18000    -0.00851    -0.00853     0.00707     0.00000     0.00000     0.00000     0.00000     0.00000
     3.18500    -0.00846    -0.00846     0.00702     0.00000     0.00000     0.00000     0.00000     0.00000
     3.19000    -0.00841    -0.00840     0.00697     0.00000     0.00000     0.00000     0.00000     0.00000
     3.19500    -0.00837    -0.00833     0.00691     0.00000     0.00000     0.00000     0.00000     0.00000
     3.20000    -0.00832    -0.00826     0.00686     0.00000     0.00000     0.00000     0.00000     0.00000
     3.20500    -0.00828    -0.00819     0.00681     0.00000     0.00000     0.00000     0.00000     0.00000
     3.21000    -0.00823    -0.00813     0.00676     0.00000     0.00000     0.00000     0.00000     0.00000
     3.21500    -0.00819    -0.00806     0.00671     0.00000     0.00000     0.00000     0.00000     0.00000
     3.22000    -0.00814    -0.00800     0.00666     0.00000     0.00000     0.00000     0.00000     0.00000
     3.22500    -0.00810    -0.00793     0.00661     0.00000     0.00000     0.00000     0.00000     0.00000
     3.23000    -0.00805    -0.00787     0.00656     0.00000     0.00000     0.00000     0.00000     0.00000
     3.23500    -0.00801    -0.00780     0.00651     0.00000     0.00000     0.00000     0.00000     0.00000
     3.24000    -0.00797    -0.00774     0.00646     0.00000     0.00000     0.00000     0.00000     0.00000
     3.24500    -0.00792    -0.00768     0.00642     0.00000     0.00000     0.00000     0.00000     0.00000
     3.25000    -0.00788    -0.00762     0.00637     0.00000     0.00000     0.00000     0.00000     0.00000
     3.25500    -0.00784    -0.00756     0.00632     0.00000     0.00000     0.00000     0.00000     0.00000
     3.26000    -0.00779    -0.00750     0.00627     0.00000     0.00000     0.00000     0.00000     0.00000
     3.26500    -0.00775    -0.00744     0.00623     0.00000     0.00000     0.00000     0.00000     0.00000
     3.27000    -0.00771    -0.00738     0.00618     0.00000     0.00000     0.00000     0.00000     0.00000
     3.27500    -0.00767    -0.00732     0.00614     0.00000     0.00000     0.00000     0.00000     0.00000
     3.28000    -0.00762    -0.00726     0.00609     0.00000     0.00000     0.00000     0.00000     0.00000
     3.28500    -0.00758    -0.00720     0.00604     0.00000     0.00000     0.00000     0.00000     0.00000
     3.29000    -0.00754    -0.00714     0.00600     0.00000     0.00000     0.00000     0.00000     0.00000
     3.29500    -0.00750    -0.00708     0.00596     0.00000     0.00000     0.00000     0.00000     0.00000
     3.30000    -0.00746    -0.00703     0.00591     0.00000     0.00000     0.00000     0.00000     0.00000
     3.30500    -0.00742    -0.00697     0.00587     0.00000     0.00000     0.00000     0.00000     0.00000
     3.31000    -0.00738    -0.00691     0.00582     0.00000     0.00000     0.00000     0.00000     0.00000
     3.31500    -0.00734    -0.00686     0.00578     0.00000     0.00000     0.00000     0.00000     0.00000
     3.32000    -0.00730    -0.00680     0.00574     0.00000     0.00000     0.00000     0.00000     0.00000
     3.32500    -0.00726    -0.00675     0.00570     0.00000     0.00000     0.00000     0.00000     0.00000
     3.33000    -0.00722    -0.00670     0.00565     0.00000     0.00000     0.00000     0.00000     0.00000
     3.33500    -0.00718    -0.00664     0.00561     0.00000     0.00000     0.00000     0.00000     0.00000
     3.34000    -0.00714    -0.00659     0.00557     0.00000     0.00000     0.00000     0.00000     0.00000
     3.34500    -0.00710    -0.00654     0.00553     0.00000     0.00000     0.00000     0.00000     0.00000
     3.35000    -0.00706    -0.00648     0.00549     0.00000     0.00000     0.00000     0.00000     0.00000
     3.35500    -0.00702    -0.00643     0.00545     0.00000     0.00000     0.00000     0.00000     0.00000
     3.36000    -0.00698    -0.00638     0.00541     0.00000     0.00000     0.00000     0.00000     0.00000
     3.36500    -0.00694    -0.00633     0.00537     0.00000     0.00000     0.00000     0.00000     0.00000
     3.37000    -0.00690    -0.00628     0.00533     0.00000     0.00000     0.00000     0.00000     0.00000
     3.37500    -0.00687    -0.00623     0.00529     0.00000     0.00000     0.00000     0.00000     0.00000
     3.38000    -0.00683    -0.00618     0.00525     0.00000     0.00000     0.00000     0.00000     0.00000
     3.38500    -0.00679    -0.00613     0.00521     0.00000     0.00000     0.00000     0.00000     0.00000
     3.39000    -0.00675    -0.00608     0.00518     0.00000     0.00000     0.00000     0.00000     0.00000
     3.39500    -0.00672    -0.00603     0.00514     0.00000     0.00000     0.00000     0.00000     0.00000
     3.40000    -0.00668    -0.00598     0.00510     0.00000     0.00000     0.00000     0.00000     0.00000
     3.40500    -0.00664    -0.00593     0.00506     0.00000     0.00000     0.00000     0.00000     0.00000
     3.41000    -0.00661    -0.00589     0.00503     0.00000     0.00000     0.00000     0.00000     0.00000
     3.41500    -0.00657    -0.00584     0.00499     0.00000     0.00000     0.00000     0.00000     0.00000
     3.42000    -0.00653    -0.00579     0.00495     0.00000     0.00000     0.00000     0.00000     0.00000
     3.42500    -0.00650    -0.00575     0.00492     0.00000     0.00000     0.00000     0.00000     0.00000
     3.43000    -0.00646    -0.00570     0.00488     0.00000     0.00000     0.00000     0.00000     0.00000
     3.43500    -0.00642    -0.00566     0.00484     0.00000     0.00000     0.00000     0.00000     0.00000
     3.44000    -0.00639    -0.00561     0.00481     0.00000     0.00000     0.00000     0.00000     0.00000
     3.44500    -0.00635    -0.00557     0.00477     0.00000     0.00000     0.00000     0.00000     0.00000
     3.45000    -0.00632    -0.00552     0.00474     0.00000     0.00000     0.00000     0.00000     0.00000
     3.45500    -0.00628    -0.00548     0.00470     0.00000     0.00000     0.00000     0.00000     0.00000
     3.46000    -0.00625    -0.00543     0.00467     0.00000     0.00000     0.00000     0.00000     0.00000
     3.46500    -0.00621    -0.00539     0.00464     0.00000     0.00000     0.00000     0.00000     0.00000
     3.47000    -0.00618    -0.00535     0.00460     0.00000     0.00000     0.00000     0.00000     0.00000
     3.47500    -0.00614    -0.00531     0.00457     0.00000     0.00000     0.00000     0.00000     0.00000
     3.48000    -0.00611    -0.00526     0.00454     0.00000     0.00000     0.00000     0.00000     0.00000
     3.48500    -0.00608    -0.00522     0.00450     0.00000     0.00000     0.00000     0.00000     0.00000
     3.49000    -0.00604    -0.00518     0.00447     0.00000     0.00000     0.00000     0.00000     0.00000
     3.49500    -0.00601    -0.00514     0.00444     0.00000     0.00000     0.00000     0.00000     0.00000
     3.50000    -0.00598    -0.00510     0.00440     0.00000     0.00000     0.00000     0.00000     0.00000
     3.50500    -0.00594    -0.00506     0.00437     0.00000     0.00000     0.00000     0.00000     0.00000
     3.51000    -0.00591    -0.00502     0.00434     0.00000     0.00000     0.00000     0.00000     0.00000
     3.51500    -0.00588    -0.00498     0.00431     0.00000     0.00000     0.00000     0.00000     0.00000
     3.52000    -0.00584    -0.00494     0.00428     0.00000     0.00000     0.00000     0.00000     0.00000
     3.52500    -0.00581    -0.00490     0.00425     0.00000     0.00000     0.00000     0.00000     0.00000
     3.53000    -0.00578    -0.00486     0.00422     0.00000     0.00000     0.00000     0.00000     0.00000
     3.53500    -0.00575    -0.00482     0.00419     0.00000     0.00000     0.00000     0.00000     0.00000
     3.54000    -0.00571    -0.00478     0.00416     0.00000     0.00000     0.00000     0.00000     0.00000
     3.54500    -0.00568    -0.00475     0.00413     0.00000     0.00000     0.00000     0.00000     0.00000
     3.55000    -0.00565    -0.00471     0.00410     0.00000     0.00000     0.00000     0.00000     0.00000
     3.55500    -0.00562    -0.00467     0.00407     0.00000     0.00000     0.00000     0.00000     0.00000
     3.56000    -0.00559    -0.00463     0.00404     0.00000     0.00000     0.00000     0.00000     0.00000
     3.56500    -0.00556    -0.00460     0.00401     0.00000     0.00000     0.00000     0.00000     0.00000
     3.57000    -0.00553    -0.00456     0.00398     0.00000     0.00000     0.00000     0.00000     0.00000
     3.57500    -0.00549    -0.00452     0.00395     0.00000     0.00000     0.00000     0.00000     0.00000
     3.58000    -0.00546    -0.00449     0.00392     0.00000     0.00000     0.00000     0.00000     0.00000
     3.58500    -0.00543    -0.00445     0.00389     0.00000     0.00000     0.00000     0.00000     0.00000
     3.59000    -0.00540    -0.00442     0.00386     0.00000     0.00000     0.00000     0.00000     0.00000
     3.59500    -0.00537    -0.00438     0.00384     0.00000     0.00000     0.00000     0.00000     0.00000
     3.60000    -0.00534    -0.00435     0.00381     0.00000     0.00000     0.00000     0.00000     0.00000
     3.60500    -0.00531    -0.00431     0.00378     0.00000     0.00000     0.00000     0.00000     0.00000
     3.61000    -0.00528    -0.00428     0.00375     0.00000     0.00000     0.00000     0.00000     0.00000
     3.61500    -0.00525    -0.00425     0.00373     0.00000     0.00000     0.00000     0.00000     0.00000
     3.62000    -0.00522    -0.00421     0.00370     0.00000     0.00000     0.00000     0.00000     0.00000
     3.62500    -0.00519    -0.00418     0.00367     0.00000     0.00000     0.00000     0.00000     0.00000
     3.63000    -0.00517    -0.00415     0.00365     0.00000     0.00000     0.00000     0.00000     0.00000
     3.63500    -0.00514    -0.00411     0.00362     0.00000     0.00000     0.00000     0.00000     0.00000
     3.64000    -0.00511    -0.00408     0.00360     0.00000     0.00000     0.00000     0.00000     0.00000
     3.64500    -0.00508    -0.00405     0.00357     0.00000     0.00000     0.00000     0.00000     0.00000
     3.65000    -0.00505    -0.00402     0.00354     0.00000     0.00000     0.00000     0.00000     0.00000
     3.65500    -0.00502    -0.00399     0.00352     0.00000     0.00000     0.00000     0.00000     0.00000
     3.66000    -0.00499    -0.00395     0.00349     0.00000     0.00000     0.00000     0.00000     0.00000
     3.66500    -0.00497    -0.00392     0.00347     0.00000     0.00000     0.00000     0.00000     0.00000
     3.67000    -0.00494    -0.00389     0.00344     0.00000     0.00000     0.00000     0.00000     0.00000
     3.67500    -0.00491    -0.00386     0.00342     0.00000     0.00000     0.00000     0.00000     0.00000
     3.68000    -0.00488    -0.00383     0.00339     0.00000     0.00000     0.00000     0.00000     0.00000
     3.68500    -0.00486    -0.00380     0.00337     0.00000     0.00000     0.00000     0.00000     0.00000
     3.69000    -0.00483    -0.00377     0.00335     0.00000     0.00000     0.00000     0.00000     0.00000
     3.69500    -0.00480    -0.00374     0.00332     0.00000     0.00000     0.00000     0.00000     0.00000
     3.70000    -0.00477    -0.00371     0.00330     0.00000     0.00000     0.00000     0.00000     0.00000
     3.70500    -0.00475    -0.00368     0.00327     0.00000     0.00000     0.00000     0.00000     0.00000
     3.71000    -0.00472    -0.00365     0.00325     0.00000     0.00000     0.00000     0.00000     0.00000
     3.71500    -0.00469    -0.00363     0.00323     0.00000     0.00000     0.00000     0.00000     0.00000
     3.72000    -0.00467    -0.00360     0.00320     0.00000     0.00000     0.00000     0.00000     0.00000
     3.72500    -0.00464    -0.00357     0.00318     0.00000     0.00000     0.00000     0.00000     0.00000
     3.73000    -0.00461    -0.00354     0.00316     0.00000     0.00000     0.00000     0.00000     0.00000
     3.73500    -0.00459    -0.00351     0.00314     0.00000     0.00000     0.00000     0.00000     0.00000
     3.74000    -0.00456    -0.00349     0.00311     0.00000     0.00000     0.00000     0.00000     0.00000
     3.74500    -0.00454    -0.00346     0.00309     0.00000     0.00000     0.00000     0.00000     0.00000
     3.75000    -0.00451    -0.00343     0.00307     0.00000     0.00000     0.00000     0.00000     0.00000
     3.75500    -0.00449    -0.00340     0.00305     0.00000     0.00000     0.00000     0.00000     0.00000
     3.76000    -0.00446    -0.00338     0.00303     0.00000     0.00000     0.00000     0.00000     0.00000
     3.76500    -0.00444    -0.00335     0.00300     0.00000     0.00000     0.00000     0.00000     0.00000
     3.77000    -0.00441    -0.00332     0.00298     0.00000     0.00000     0.00000     0.00000     0.00000
     3.77500    -0.00439    -0.00330     0.00296     0.00000     0.00000     0.00000     0.00000     0.00000
     3.78000    -0.00436    -0.00327     0.00294     0.00000     0.00000     0.00000     0.00000     0.00000
     3.78500    -0.00434    -0.00325     0.00292     0.00000     0.00000     0.00000     0.00000     0.00000
     3.79000    -0.00431    -0.00322     0.00290     0.00000     0.00000     0.00000     0.00000     0.00000
     3.79500    -0.00429    -0.00320     0.00288     0.00000     0.00000     0.00000     0.00000     0.00000
     3.80000    -0.00426    -0.00317     0.00286     0.00000     0.00000     0.00000     0.00000     0.00000
     3.80500    -0.00424    -0.00315     0.00284     0.00000     0.00000     0.00000     0.00000     0.00000
     3.81000    -0.00421    -0.00312     0.00282     0.00000     0.00000     0.00000     0.00000     0.00000
     3.81500    -0.00419    -0.00310     0.00280     0.00000     0.00000     0.00000     0.00000     0.00000
     3.82000    -0.00417    -0.00307     0.00278     0.00000     0.00000     0.00000     0.00000     0.00000
     3.82500    -0.00414    -0.00305     0.00276     0.00000     0.00000     0.00000     0.00000     0.00000
     3.83000    -0.00412    -0.00303     0.00274     0.00000     0.00000     0.00000     0.00000     0.00000
     3.83500    -0.00410    -0.00300     0.00272     0.00000     0.00000     0.00000     0.00000     0.00000
     3.84000    -0.00407    -0.00298     0.00270     0.00000     0.00000     0.00000     0.00000     0.00000
     3.84500    -0.00405    -0.00296     0.00268     0.00000     0.00000     0.00000     0.00000     0.00000
     3.85000    -0.00403    -0.00293     0.00266     0.00000     0.00000     0.00000     0.00000     0.00000
     3.85500    -0.00400    -0.00291     0.00264     0.00000     0.00000     0.00000     0.00000     0.00000
     3.86000    -0.00398    -0.00289     0.00262     0.00000     0.00000     0.00000     0.00000     0.00000
     3.86500    -0.00396    -0.00286     0.00261     0.00000     0.00000     0.00000     0.00000     0.00000
     3.87000    -0.00394    -0.00284     0.00259     0.00000     0.00000     0.00000     0.00000     0.00000
     3.87500    -0.00391    -0.00282     0.00257     0.00000     0.00000     0.00000     0.00000     0.00000
     3.88000    -0.00389    -0.00280     0.00255     0.00000     0.00000     0.00000     0.00000     0.00000
     3.88500    -0.00387    -0.00278     0.00253     0.00000     0.00000     0.00000     0.00000     0.00000
     3.89000    -0.00385    -0.00275     0.00251     0.00000     0.00000     0.00000     0.00000     0.00000
     3.89500    -0.00383    -0.00273     0.00250     0.00000     0.00000     0.00000     0.00000     0.00000
     3.90000    -0.00380    -0.00271     0.00248     0.00000     0.00000     0.00000     0.00000     0.00000
     3.90500    -0.00378    -0.00269     0.00246     0.00000     0.00000     0.00000     0.00000     0.00000
     3.91000    -0.00376    -0.00267     0.00244     0.00000     0.00000     0.00000     0.00000     0.00000
     3.91500    -0.00374    -0.00265     0.00243     0.00000     0.00000     0.00000     0.00000     0.00000
     3.92000    -0.00372    -0.00263     0.00241     0.00000     0.00000     0.00000     0.00000     0.00000
     3.92500    -0.00370    -0.00261     0.00239     0.00000     0.00000     0.00000     0.00000     0.00000
     3.93000    -0.00368    -0.00259     0.00238     0.00000     0.00000     0.00000     0.00000     0.00000
     3.93500    -0.00366    -0.00257     0.00236     0.00000     0.00000     0.00000     0.00000     0.00000
     3.94000    -0.00363    -0.00255     0.00234     0.00000     0.00000     0.00000     0.00000     0.00000
     3.94500    -0.00361    -0.00253     0.00233     0.00000     0.00000     0.00000     0.00000     0.00000
     3.95000    -0.00359    -0.00251     0.00231     0.00000     0.00000     0.00000     0.00000     0.00000
     3.95500    -0.00357    -0.00249     0.00229     0.00000     0.00000     0.00000     0.00000     0.00000
     3.96000    -0.00355    -0.00247     0.00228     0.00000     0.00000     0.00000     0.00000     0.00000
     3.96500    -0.00353    -0.00245     0.00226     0.00000     0.00000     0.00000     0.00000     0.00000
     3.97000    -0.00351    -0.00243     0.00225     0.00000     0.00000     0.00000     0.00000     0.00000
     3.97500    -0.00349    -0.00241     0.00223     0.00000     0.00000     0.00000     0.00000     0.00000
     3.98000    -0.00347    -0.00239     0.00221     0.00000     0.00000     0.00000     0.00000     0.00000
     3.98500    -0.00345    -0.00238     0.00220     0.00000     0.00000     0.00000     0.00000     0.00000
     3.99000    -0.00343    -0.00236     0.00218     0.00000     0.00000     0.00000     0.00000     0.00000
     3.99500    -0.00341    -0.00234     0.00217     0.00000     0.00000     0.00000     0.00000     0.00000
     4.00000    -0.00339    -0.00232     0.00215     0.00000     0.00000     0.00000     0.00000     0.00000
