 # F15_1680 FF
     0.00000    -0.00007    -0.61734     0.90337     0.00000     0.00000     0.00000    -0.21598     0.00000
     0.00500     0.00048    -0.60987     0.89033     0.00000     0.00000     0.00000    -0.21383     0.00000
     0.01000     0.00101    -0.60251     0.87751     0.00000     0.00000     0.00000    -0.21172     0.00000
     0.01500     0.00153    -0.59526     0.86491     0.00000     0.00000     0.00000    -0.20964     0.00000
     0.02000     0.00203    -0.58811     0.85254     0.00000     0.00000     0.00000    -0.20759     0.00000
     0.02500     0.00252    -0.58107     0.84037     0.00000     0.00000     0.00000    -0.20557     0.00000
     0.03000     0.00299    -0.57414     0.82841     0.00000     0.00000     0.00000    -0.20358     0.00000
     0.03500     0.00345    -0.56731     0.81666     0.00000     0.00000     0.00000    -0.20162     0.00000
     0.04000     0.00389    -0.56057     0.80510     0.00000     0.00000     0.00000    -0.19968     0.00000
     0.04500     0.00432    -0.55394     0.79374     0.00000     0.00000     0.00000    -0.19778     0.00000
     0.05000     0.00473    -0.54740     0.78258     0.00000     0.00000     0.00000    -0.19590     0.00000
     0.05500     0.00513    -0.54095     0.77160     0.00000     0.00000     0.00000    -0.19404     0.00000
     0.06000     0.00552    -0.53460     0.76080     0.00000     0.00000     0.00000    -0.19222     0.00000
     0.06500     0.00589    -0.52833     0.75018     0.00000     0.00000     0.00000    -0.19042     0.00000
     0.07000     0.00625    -0.52216     0.73974     0.00000     0.00000     0.00000    -0.18864     0.00000
     0.07500     0.00661    -0.51607     0.72947     0.00000     0.00000     0.00000    -0.18689     0.00000
     0.08000     0.00694    -0.51007     0.71936     0.00000     0.00000     0.00000    -0.18516     0.00000
     0.08500     0.00727    -0.50415     0.70943     0.00000     0.00000     0.00000    -0.18346     0.00000
     0.09000     0.00759    -0.49832     0.69965     0.00000     0.00000     0.00000    -0.18178     0.00000
     0.09500     0.00789    -0.49257     0.69004     0.00000     0.00000     0.00000    -0.18013     0.00000
     0.10000     0.00819    -0.48689     0.68058     0.00000     0.00000     0.00000    -0.17849     0.00000
     0.10500     0.00847    -0.48130     0.67127     0.00000     0.00000     0.00000    -0.17688     0.00000
     0.11000     0.00875    -0.47578     0.66211     0.00000     0.00000     0.00000    -0.17529     0.00000
     0.11500     0.00901    -0.47034     0.65310     0.00000     0.00000     0.00000    -0.17372     0.00000
     0.12000     0.00927    -0.46497     0.64424     0.00000     0.00000     0.00000    -0.17217     0.00000
     0.12500     0.00952    -0.45968     0.63551     0.00000     0.00000     0.00000    -0.17065     0.00000
     0.13000     0.00975    -0.45446     0.62692     0.00000     0.00000     0.00000    -0.16914     0.00000
     0.13500     0.00998    -0.44930     0.61847     0.00000     0.00000     0.00000    -0.16765     0.00000
     0.14000     0.01020    -0.44422     0.61015     0.00000     0.00000     0.00000    -0.16619     0.00000
     0.14500     0.01041    -0.43921     0.60196     0.00000     0.00000     0.00000    -0.16474     0.00000
     0.15000     0.01062    -0.43426     0.59390     0.00000     0.00000     0.00000    -0.16331     0.00000
     0.15500     0.01081    -0.42938     0.58597     0.00000     0.00000     0.00000    -0.16190     0.00000
     0.16000     0.01100    -0.42456     0.57816     0.00000     0.00000     0.00000    -0.16051     0.00000
     0.16500     0.01118    -0.41981     0.57047     0.00000     0.00000     0.00000    -0.15913     0.00000
     0.17000     0.01135    -0.41511     0.56290     0.00000     0.00000     0.00000    -0.15777     0.00000
     0.17500     0.01152    -0.41049     0.55544     0.00000     0.00000     0.00000    -0.15643     0.00000
     0.18000     0.01168    -0.40592     0.54810     0.00000     0.00000     0.00000    -0.15511     0.00000
     0.18500     0.01183    -0.40141     0.54087     0.00000     0.00000     0.00000    -0.15380     0.00000
     0.19000     0.01197    -0.39696     0.53375     0.00000     0.00000     0.00000    -0.15251     0.00000
     0.19500     0.01211    -0.39256     0.52674     0.00000     0.00000     0.00000    -0.15124     0.00000
     0.20000     0.01225    -0.38823     0.51984     0.00000     0.00000     0.00000    -0.14998     0.00000
     0.20500     0.01237    -0.38395     0.51304     0.00000     0.00000     0.00000    -0.14874     0.00000
     0.21000     0.01249    -0.37972     0.50634     0.00000     0.00000     0.00000    -0.14751     0.00000
     0.21500     0.01261    -0.37555     0.49975     0.00000     0.00000     0.00000    -0.14630     0.00000
     0.22000     0.01272    -0.37143     0.49325     0.00000     0.00000     0.00000    -0.14511     0.00000
     0.22500     0.01282    -0.36737     0.48685     0.00000     0.00000     0.00000    -0.14392     0.00000
     0.23000     0.01292    -0.36335     0.48054     0.00000     0.00000     0.00000    -0.14276     0.00000
     0.23500     0.01301    -0.35939     0.47433     0.00000     0.00000     0.00000    -0.14160     0.00000
     0.24000     0.01310    -0.35548     0.46821     0.00000     0.00000     0.00000    -0.14046     0.00000
     0.24500     0.01318    -0.35161     0.46218     0.00000     0.00000     0.00000    -0.13934     0.00000
     0.25000     0.01326    -0.34780     0.45624     0.00000     0.00000     0.00000    -0.13822     0.00000
     0.25500     0.01333    -0.34403     0.45039     0.00000     0.00000     0.00000    -0.13713     0.00000
     0.26000     0.01340    -0.34031     0.44462     0.00000     0.00000     0.00000    -0.13604     0.00000
     0.26500     0.01347    -0.33663     0.43894     0.00000     0.00000     0.00000    -0.13497     0.00000
     0.27000     0.01353    -0.33300     0.43334     0.00000     0.00000     0.00000    -0.13391     0.00000
     0.27500     0.01358    -0.32942     0.42782     0.00000     0.00000     0.00000    -0.13286     0.00000
     0.28000     0.01363    -0.32588     0.42238     0.00000     0.00000     0.00000    -0.13182     0.00000
     0.28500     0.01368    -0.32238     0.41702     0.00000     0.00000     0.00000    -0.13080     0.00000
     0.29000     0.01372    -0.31893     0.41174     0.00000     0.00000     0.00000    -0.12979     0.00000
     0.29500     0.01376    -0.31552     0.40653     0.00000     0.00000     0.00000    -0.12879     0.00000
     0.30000     0.01380    -0.31215     0.40140     0.00000     0.00000     0.00000    -0.12780     0.00000
     0.30500     0.01383    -0.30882     0.39634     0.00000     0.00000     0.00000    -0.12682     0.00000
     0.31000     0.01386    -0.30553     0.39135     0.00000     0.00000     0.00000    -0.12585     0.00000
     0.31500     0.01389    -0.30228     0.38644     0.00000     0.00000     0.00000    -0.12490     0.00000
     0.32000     0.01391    -0.29907     0.38159     0.00000     0.00000     0.00000    -0.12395     0.00000
     0.32500     0.01393    -0.29590     0.37681     0.00000     0.00000     0.00000    -0.12302     0.00000
     0.33000     0.01395    -0.29277     0.37210     0.00000     0.00000     0.00000    -0.12210     0.00000
     0.33500     0.01396    -0.28967     0.36746     0.00000     0.00000     0.00000    -0.12118     0.00000
     0.34000     0.01397    -0.28661     0.36288     0.00000     0.00000     0.00000    -0.12028     0.00000
     0.34500     0.01398    -0.28359     0.35837     0.00000     0.00000     0.00000    -0.11939     0.00000
     0.35000     0.01398    -0.28060     0.35392     0.00000     0.00000     0.00000    -0.11851     0.00000
     0.35500     0.01398    -0.27765     0.34953     0.00000     0.00000     0.00000    -0.11763     0.00000
     0.36000     0.01398    -0.27474     0.34520     0.00000     0.00000     0.00000    -0.11677     0.00000
     0.36500     0.01398    -0.27186     0.34094     0.00000     0.00000     0.00000    -0.11592     0.00000
     0.37000     0.01397    -0.26901     0.33673     0.00000     0.00000     0.00000    -0.11507     0.00000
     0.37500     0.01396    -0.26619     0.33258     0.00000     0.00000     0.00000    -0.11424     0.00000
     0.38000     0.01395    -0.26341     0.32849     0.00000     0.00000     0.00000    -0.11341     0.00000
     0.38500     0.01394    -0.26066     0.32445     0.00000     0.00000     0.00000    -0.11259     0.00000
     0.39000     0.01392    -0.25795     0.32047     0.00000     0.00000     0.00000    -0.11178     0.00000
     0.39500     0.01390    -0.25526     0.31655     0.00000     0.00000     0.00000    -0.11098     0.00000
     0.40000     0.01388    -0.25261     0.31268     0.00000     0.00000     0.00000    -0.11019     0.00000
     0.40500     0.01386    -0.24999     0.30886     0.00000     0.00000     0.00000    -0.10941     0.00000
     0.41000     0.01384    -0.24740     0.30509     0.00000     0.00000     0.00000    -0.10863     0.00000
     0.41500     0.01381    -0.24483     0.30138     0.00000     0.00000     0.00000    -0.10787     0.00000
     0.42000     0.01379    -0.24230     0.29771     0.00000     0.00000     0.00000    -0.10711     0.00000
     0.42500     0.01376    -0.23980     0.29410     0.00000     0.00000     0.00000    -0.10636     0.00000
     0.43000     0.01373    -0.23732     0.29053     0.00000     0.00000     0.00000    -0.10562     0.00000
     0.43500     0.01369    -0.23488     0.28701     0.00000     0.00000     0.00000    -0.10488     0.00000
     0.44000     0.01366    -0.23246     0.28354     0.00000     0.00000     0.00000    -0.10416     0.00000
     0.44500     0.01362    -0.23007     0.28012     0.00000     0.00000     0.00000    -0.10344     0.00000
     0.45000     0.01358    -0.22770     0.27674     0.00000     0.00000     0.00000    -0.10272     0.00000
     0.45500     0.01355    -0.22537     0.27341     0.00000     0.00000     0.00000    -0.10202     0.00000
     0.46000     0.01350    -0.22306     0.27012     0.00000     0.00000     0.00000    -0.10132     0.00000
     0.46500     0.01346    -0.22077     0.26688     0.00000     0.00000     0.00000    -0.10063     0.00000
     0.47000     0.01342    -0.21851     0.26368     0.00000     0.00000     0.00000    -0.09995     0.00000
     0.47500     0.01338    -0.21628     0.26052     0.00000     0.00000     0.00000    -0.09927     0.00000
     0.48000     0.01333    -0.21407     0.25740     0.00000     0.00000     0.00000    -0.09860     0.00000
     0.48500     0.01328    -0.21189     0.25433     0.00000     0.00000     0.00000    -0.09794     0.00000
     0.49000     0.01323    -0.20973     0.25129     0.00000     0.00000     0.00000    -0.09728     0.00000
     0.49500     0.01318    -0.20760     0.24830     0.00000     0.00000     0.00000    -0.09663     0.00000
     0.50000     0.01313    -0.20549     0.24535     0.00000     0.00000     0.00000    -0.09599     0.00000
     0.50500     0.01308    -0.20340     0.24243     0.00000     0.00000     0.00000    -0.09535     0.00000
     0.51000     0.01303    -0.20134     0.23955     0.00000     0.00000     0.00000    -0.09472     0.00000
     0.51500     0.01298    -0.19930     0.23671     0.00000     0.00000     0.00000    -0.09410     0.00000
     0.52000     0.01292    -0.19728     0.23391     0.00000     0.00000     0.00000    -0.09348     0.00000
     0.52500     0.01287    -0.19529     0.23114     0.00000     0.00000     0.00000    -0.09287     0.00000
     0.53000     0.01281    -0.19331     0.22841     0.00000     0.00000     0.00000    -0.09226     0.00000
     0.53500     0.01275    -0.19136     0.22572     0.00000     0.00000     0.00000    -0.09166     0.00000
     0.54000     0.01270    -0.18943     0.22306     0.00000     0.00000     0.00000    -0.09107     0.00000
     0.54500     0.01264    -0.18753     0.22044     0.00000     0.00000     0.00000    -0.09048     0.00000
     0.55000     0.01258    -0.18564     0.21785     0.00000     0.00000     0.00000    -0.08990     0.00000
     0.55500     0.01252    -0.18377     0.21529     0.00000     0.00000     0.00000    -0.08932     0.00000
     0.56000     0.01246    -0.18193     0.21276     0.00000     0.00000     0.00000    -0.08875     0.00000
     0.56500     0.01239    -0.18010     0.21027     0.00000     0.00000     0.00000    -0.08818     0.00000
     0.57000     0.01233    -0.17829     0.20781     0.00000     0.00000     0.00000    -0.08762     0.00000
     0.57500     0.01227    -0.17651     0.20539     0.00000     0.00000     0.00000    -0.08707     0.00000
     0.58000     0.01221    -0.17474     0.20299     0.00000     0.00000     0.00000    -0.08651     0.00000
     0.58500     0.01214    -0.17299     0.20062     0.00000     0.00000     0.00000    -0.08597     0.00000
     0.59000     0.01208    -0.17126     0.19829     0.00000     0.00000     0.00000    -0.08543     0.00000
     0.59500     0.01201    -0.16955     0.19598     0.00000     0.00000     0.00000    -0.08490     0.00000
     0.60000     0.01195    -0.16786     0.19370     0.00000     0.00000     0.00000    -0.08437     0.00000
     0.60500     0.01188    -0.16619     0.19146     0.00000     0.00000     0.00000    -0.08384     0.00000
     0.61000     0.01182    -0.16453     0.18924     0.00000     0.00000     0.00000    -0.08332     0.00000
     0.61500     0.01175    -0.16290     0.18705     0.00000     0.00000     0.00000    -0.08281     0.00000
     0.62000     0.01168    -0.16128     0.18488     0.00000     0.00000     0.00000    -0.08230     0.00000
     0.62500     0.01161    -0.15968     0.18275     0.00000     0.00000     0.00000    -0.08179     0.00000
     0.63000     0.01155    -0.15809     0.18064     0.00000     0.00000     0.00000    -0.08129     0.00000
     0.63500     0.01148    -0.15652     0.17856     0.00000     0.00000     0.00000    -0.08079     0.00000
     0.64000     0.01141    -0.15497     0.17650     0.00000     0.00000     0.00000    -0.08030     0.00000
     0.64500     0.01134    -0.15344     0.17447     0.00000     0.00000     0.00000    -0.07981     0.00000
     0.65000     0.01127    -0.15192     0.17247     0.00000     0.00000     0.00000    -0.07933     0.00000
     0.65500     0.01120    -0.15042     0.17049     0.00000     0.00000     0.00000    -0.07885     0.00000
     0.66000     0.01113    -0.14893     0.16853     0.00000     0.00000     0.00000    -0.07838     0.00000
     0.66500     0.01106    -0.14746     0.16660     0.00000     0.00000     0.00000    -0.07791     0.00000
     0.67000     0.01099    -0.14601     0.16470     0.00000     0.00000     0.00000    -0.07744     0.00000
     0.67500     0.01092    -0.14457     0.16281     0.00000     0.00000     0.00000    -0.07698     0.00000
     0.68000     0.01085    -0.14315     0.16095     0.00000     0.00000     0.00000    -0.07652     0.00000
     0.68500     0.01078    -0.14174     0.15912     0.00000     0.00000     0.00000    -0.07607     0.00000
     0.69000     0.01071    -0.14034     0.15731     0.00000     0.00000     0.00000    -0.07562     0.00000
     0.69500     0.01064    -0.13897     0.15551     0.00000     0.00000     0.00000    -0.07517     0.00000
     0.70000     0.01057    -0.13760     0.15375     0.00000     0.00000     0.00000    -0.07473     0.00000
     0.70500     0.01050    -0.13625     0.15200     0.00000     0.00000     0.00000    -0.07429     0.00000
     0.71000     0.01043    -0.13492     0.15028     0.00000     0.00000     0.00000    -0.07386     0.00000
     0.71500     0.01036    -0.13359     0.14857     0.00000     0.00000     0.00000    -0.07343     0.00000
     0.72000     0.01029    -0.13229     0.14689     0.00000     0.00000     0.00000    -0.07300     0.00000
     0.72500     0.01022    -0.13099     0.14523     0.00000     0.00000     0.00000    -0.07258     0.00000
     0.73000     0.01015    -0.12971     0.14359     0.00000     0.00000     0.00000    -0.07216     0.00000
     0.73500     0.01008    -0.12844     0.14196     0.00000     0.00000     0.00000    -0.07175     0.00000
     0.74000     0.01001    -0.12719     0.14036     0.00000     0.00000     0.00000    -0.07134     0.00000
     0.74500     0.00993    -0.12595     0.13878     0.00000     0.00000     0.00000    -0.07093     0.00000
     0.75000     0.00986    -0.12472     0.13722     0.00000     0.00000     0.00000    -0.07052     0.00000
     0.75500     0.00979    -0.12351     0.13567     0.00000     0.00000     0.00000    -0.07012     0.00000
     0.76000     0.00972    -0.12230     0.13415     0.00000     0.00000     0.00000    -0.06972     0.00000
     0.76500     0.00965    -0.12111     0.13264     0.00000     0.00000     0.00000    -0.06933     0.00000
     0.77000     0.00958    -0.11994     0.13116     0.00000     0.00000     0.00000    -0.06894     0.00000
     0.77500     0.00951    -0.11877     0.12969     0.00000     0.00000     0.00000    -0.06855     0.00000
     0.78000     0.00944    -0.11762     0.12823     0.00000     0.00000     0.00000    -0.06817     0.00000
     0.78500     0.00937    -0.11648     0.12680     0.00000     0.00000     0.00000    -0.06778     0.00000
     0.79000     0.00930    -0.11535     0.12538     0.00000     0.00000     0.00000    -0.06741     0.00000
     0.79500     0.00923    -0.11423     0.12398     0.00000     0.00000     0.00000    -0.06703     0.00000
     0.80000     0.00916    -0.11312     0.12260     0.00000     0.00000     0.00000    -0.06666     0.00000
     0.80500     0.00909    -0.11203     0.12123     0.00000     0.00000     0.00000    -0.06629     0.00000
     0.81000     0.00902    -0.11094     0.11988     0.00000     0.00000     0.00000    -0.06592     0.00000
     0.81500     0.00895    -0.10987     0.11855     0.00000     0.00000     0.00000    -0.06556     0.00000
     0.82000     0.00888    -0.10881     0.11723     0.00000     0.00000     0.00000    -0.06520     0.00000
     0.82500     0.00881    -0.10776     0.11593     0.00000     0.00000     0.00000    -0.06485     0.00000
     0.83000     0.00874    -0.10672     0.11464     0.00000     0.00000     0.00000    -0.06449     0.00000
     0.83500     0.00867    -0.10569     0.11337     0.00000     0.00000     0.00000    -0.06414     0.00000
     0.84000     0.00861    -0.10467     0.11212     0.00000     0.00000     0.00000    -0.06379     0.00000
     0.84500     0.00854    -0.10366     0.11088     0.00000     0.00000     0.00000    -0.06345     0.00000
     0.85000     0.00847    -0.10267     0.10965     0.00000     0.00000     0.00000    -0.06310     0.00000
     0.85500     0.00840    -0.10168     0.10844     0.00000     0.00000     0.00000    -0.06277     0.00000
     0.86000     0.00833    -0.10070     0.10724     0.00000     0.00000     0.00000    -0.06243     0.00000
     0.86500     0.00827    -0.09973     0.10606     0.00000     0.00000     0.00000    -0.06209     0.00000
     0.87000     0.00820    -0.09877     0.10489     0.00000     0.00000     0.00000    -0.06176     0.00000
     0.87500     0.00813    -0.09783     0.10374     0.00000     0.00000     0.00000    -0.06143     0.00000
     0.88000     0.00806    -0.09689     0.10260     0.00000     0.00000     0.00000    -0.06111     0.00000
     0.88500     0.00800    -0.09596     0.10147     0.00000     0.00000     0.00000    -0.06078     0.00000
     0.89000     0.00793    -0.09504     0.10035     0.00000     0.00000     0.00000    -0.06046     0.00000
     0.89500     0.00787    -0.09413     0.09925     0.00000     0.00000     0.00000    -0.06014     0.00000
     0.90000     0.00780    -0.09323     0.09817     0.00000     0.00000     0.00000    -0.05983     0.00000
     0.90500     0.00773    -0.09234     0.09709     0.00000     0.00000     0.00000    -0.05951     0.00000
     0.91000     0.00767    -0.09145     0.09603     0.00000     0.00000     0.00000    -0.05920     0.00000
     0.91500     0.00760    -0.09058     0.09498     0.00000     0.00000     0.00000    -0.05889     0.00000
     0.92000     0.00754    -0.08971     0.09394     0.00000     0.00000     0.00000    -0.05859     0.00000
     0.92500     0.00747    -0.08886     0.09291     0.00000     0.00000     0.00000    -0.05828     0.00000
     0.93000     0.00741    -0.08801     0.09190     0.00000     0.00000     0.00000    -0.05798     0.00000
     0.93500     0.00735    -0.08717     0.09090     0.00000     0.00000     0.00000    -0.05768     0.00000
     0.94000     0.00728    -0.08634     0.08991     0.00000     0.00000     0.00000    -0.05739     0.00000
     0.94500     0.00722    -0.08552     0.08893     0.00000     0.00000     0.00000    -0.05709     0.00000
     0.95000     0.00716    -0.08470     0.08796     0.00000     0.00000     0.00000    -0.05680     0.00000
     0.95500     0.00709    -0.08390     0.08701     0.00000     0.00000     0.00000    -0.05651     0.00000
     0.96000     0.00703    -0.08310     0.08606     0.00000     0.00000     0.00000    -0.05622     0.00000
     0.96500     0.00697    -0.08231     0.08513     0.00000     0.00000     0.00000    -0.05593     0.00000
     0.97000     0.00691    -0.08153     0.08421     0.00000     0.00000     0.00000    -0.05565     0.00000
     0.97500     0.00684    -0.08075     0.08330     0.00000     0.00000     0.00000    -0.05537     0.00000
     0.98000     0.00678    -0.07999     0.08239     0.00000     0.00000     0.00000    -0.05509     0.00000
     0.98500     0.00672    -0.07923     0.08150     0.00000     0.00000     0.00000    -0.05481     0.00000
     0.99000     0.00666    -0.07848     0.08062     0.00000     0.00000     0.00000    -0.05454     0.00000
     0.99500     0.00660    -0.07773     0.07975     0.00000     0.00000     0.00000    -0.05426     0.00000
     1.00000     0.00654    -0.07700     0.07889     0.00000     0.00000     0.00000    -0.05399     0.00000
     1.00500     0.00648    -0.07627     0.07804     0.00000     0.00000     0.00000    -0.05373     0.00000
     1.01000     0.00642    -0.07554     0.07720     0.00000     0.00000     0.00000    -0.05346     0.00000
     1.01500     0.00636    -0.07483     0.07637     0.00000     0.00000     0.00000    -0.05319     0.00000
     1.02000     0.00630    -0.07412     0.07555     0.00000     0.00000     0.00000    -0.05293     0.00000
     1.02500     0.00625    -0.07342     0.07474     0.00000     0.00000     0.00000    -0.05267     0.00000
     1.03000     0.00619    -0.07273     0.07393     0.00000     0.00000     0.00000    -0.05241     0.00000
     1.03500     0.00613    -0.07204     0.07314     0.00000     0.00000     0.00000    -0.05215     0.00000
     1.04000     0.00607    -0.07136     0.07236     0.00000     0.00000     0.00000    -0.05190     0.00000
     1.04500     0.00602    -0.07069     0.07158     0.00000     0.00000     0.00000    -0.05164     0.00000
     1.05000     0.00596    -0.07002     0.07082     0.00000     0.00000     0.00000    -0.05139     0.00000
     1.05500     0.00590    -0.06936     0.07006     0.00000     0.00000     0.00000    -0.05114     0.00000
     1.06000     0.00585    -0.06871     0.06931     0.00000     0.00000     0.00000    -0.05089     0.00000
     1.06500     0.00579    -0.06806     0.06857     0.00000     0.00000     0.00000    -0.05065     0.00000
     1.07000     0.00573    -0.06742     0.06784     0.00000     0.00000     0.00000    -0.05040     0.00000
     1.07500     0.00568    -0.06679     0.06711     0.00000     0.00000     0.00000    -0.05016     0.00000
     1.08000     0.00562    -0.06616     0.06640     0.00000     0.00000     0.00000    -0.04992     0.00000
     1.08500     0.00557    -0.06554     0.06569     0.00000     0.00000     0.00000    -0.04968     0.00000
     1.09000     0.00552    -0.06492     0.06499     0.00000     0.00000     0.00000    -0.04944     0.00000
     1.09500     0.00546    -0.06431     0.06430     0.00000     0.00000     0.00000    -0.04921     0.00000
     1.10000     0.00541    -0.06371     0.06362     0.00000     0.00000     0.00000    -0.04897     0.00000
     1.10500     0.00536    -0.06311     0.06294     0.00000     0.00000     0.00000    -0.04874     0.00000
     1.11000     0.00530    -0.06252     0.06227     0.00000     0.00000     0.00000    -0.04851     0.00000
     1.11500     0.00525    -0.06193     0.06161     0.00000     0.00000     0.00000    -0.04828     0.00000
     1.12000     0.00520    -0.06135     0.06096     0.00000     0.00000     0.00000    -0.04805     0.00000
     1.12500     0.00515    -0.06078     0.06031     0.00000     0.00000     0.00000    -0.04783     0.00000
     1.13000     0.00510    -0.06021     0.05967     0.00000     0.00000     0.00000    -0.04760     0.00000
     1.13500     0.00505    -0.05964     0.05904     0.00000     0.00000     0.00000    -0.04738     0.00000
     1.14000     0.00499    -0.05908     0.05842     0.00000     0.00000     0.00000    -0.04716     0.00000
     1.14500     0.00494    -0.05853     0.05780     0.00000     0.00000     0.00000    -0.04694     0.00000
     1.15000     0.00489    -0.05798     0.05719     0.00000     0.00000     0.00000    -0.04672     0.00000
     1.15500     0.00484    -0.05744     0.05659     0.00000     0.00000     0.00000    -0.04651     0.00000
     1.16000     0.00479    -0.05691     0.05599     0.00000     0.00000     0.00000    -0.04629     0.00000
     1.16500     0.00475    -0.05637     0.05540     0.00000     0.00000     0.00000    -0.04608     0.00000
     1.17000     0.00470    -0.05585     0.05482     0.00000     0.00000     0.00000    -0.04587     0.00000
     1.17500     0.00465    -0.05533     0.05424     0.00000     0.00000     0.00000    -0.04565     0.00000
     1.18000     0.00460    -0.05481     0.05367     0.00000     0.00000     0.00000    -0.04545     0.00000
     1.18500     0.00455    -0.05430     0.05311     0.00000     0.00000     0.00000    -0.04524     0.00000
     1.19000     0.00451    -0.05379     0.05255     0.00000     0.00000     0.00000    -0.04503     0.00000
     1.19500     0.00446    -0.05329     0.05200     0.00000     0.00000     0.00000    -0.04483     0.00000
     1.20000     0.00441    -0.05280     0.05145     0.00000     0.00000     0.00000    -0.04462     0.00000
     1.20500     0.00437    -0.05231     0.05092     0.00000     0.00000     0.00000    -0.04442     0.00000
     1.21000     0.00432    -0.05182     0.05038     0.00000     0.00000     0.00000    -0.04422     0.00000
     1.21500     0.00427    -0.05134     0.04986     0.00000     0.00000     0.00000    -0.04402     0.00000
     1.22000     0.00423    -0.05086     0.04933     0.00000     0.00000     0.00000    -0.04382     0.00000
     1.22500     0.00418    -0.05039     0.04882     0.00000     0.00000     0.00000    -0.04363     0.00000
     1.23000     0.00414    -0.04992     0.04831     0.00000     0.00000     0.00000    -0.04343     0.00000
     1.23500     0.00410    -0.04945     0.04781     0.00000     0.00000     0.00000    -0.04324     0.00000
     1.24000     0.00405    -0.04900     0.04731     0.00000     0.00000     0.00000    -0.04304     0.00000
     1.24500     0.00401    -0.04854     0.04681     0.00000     0.00000     0.00000    -0.04285     0.00000
     1.25000     0.00396    -0.04809     0.04633     0.00000     0.00000     0.00000    -0.04266     0.00000
     1.25500     0.00392    -0.04764     0.04584     0.00000     0.00000     0.00000    -0.04247     0.00000
     1.26000     0.00388    -0.04720     0.04537     0.00000     0.00000     0.00000    -0.04229     0.00000
     1.26500     0.00384    -0.04676     0.04490     0.00000     0.00000     0.00000    -0.04210     0.00000
     1.27000     0.00379    -0.04633     0.04443     0.00000     0.00000     0.00000    -0.04191     0.00000
     1.27500     0.00375    -0.04590     0.04397     0.00000     0.00000     0.00000    -0.04173     0.00000
     1.28000     0.00371    -0.04548     0.04351     0.00000     0.00000     0.00000    -0.04155     0.00000
     1.28500     0.00367    -0.04506     0.04306     0.00000     0.00000     0.00000    -0.04137     0.00000
     1.29000     0.00363    -0.04464     0.04261     0.00000     0.00000     0.00000    -0.04118     0.00000
     1.29500     0.00359    -0.04423     0.04217     0.00000     0.00000     0.00000    -0.04101     0.00000
     1.30000     0.00355    -0.04382     0.04174     0.00000     0.00000     0.00000    -0.04083     0.00000
     1.30500     0.00351    -0.04341     0.04131     0.00000     0.00000     0.00000    -0.04065     0.00000
     1.31000     0.00347    -0.04301     0.04088     0.00000     0.00000     0.00000    -0.04047     0.00000
     1.31500     0.00343    -0.04261     0.04046     0.00000     0.00000     0.00000    -0.04030     0.00000
     1.32000     0.00339    -0.04222     0.04004     0.00000     0.00000     0.00000    -0.04013     0.00000
     1.32500     0.00335    -0.04183     0.03963     0.00000     0.00000     0.00000    -0.03995     0.00000
     1.33000     0.00331    -0.04145     0.03922     0.00000     0.00000     0.00000    -0.03978     0.00000
     1.33500     0.00328    -0.04106     0.03881     0.00000     0.00000     0.00000    -0.03961     0.00000
     1.34000     0.00324    -0.04068     0.03841     0.00000     0.00000     0.00000    -0.03944     0.00000
     1.34500     0.00320    -0.04031     0.03802     0.00000     0.00000     0.00000    -0.03928     0.00000
     1.35000     0.00316    -0.03994     0.03763     0.00000     0.00000     0.00000    -0.03911     0.00000
     1.35500     0.00313    -0.03957     0.03724     0.00000     0.00000     0.00000    -0.03894     0.00000
     1.36000     0.00309    -0.03921     0.03686     0.00000     0.00000     0.00000    -0.03878     0.00000
     1.36500     0.00305    -0.03884     0.03648     0.00000     0.00000     0.00000    -0.03861     0.00000
     1.37000     0.00302    -0.03849     0.03611     0.00000     0.00000     0.00000    -0.03845     0.00000
     1.37500     0.00298    -0.03813     0.03573     0.00000     0.00000     0.00000    -0.03829     0.00000
     1.38000     0.00295    -0.03778     0.03537     0.00000     0.00000     0.00000    -0.03813     0.00000
     1.38500     0.00291    -0.03743     0.03501     0.00000     0.00000     0.00000    -0.03797     0.00000
     1.39000     0.00288    -0.03709     0.03465     0.00000     0.00000     0.00000    -0.03781     0.00000
     1.39500     0.00284    -0.03675     0.03429     0.00000     0.00000     0.00000    -0.03765     0.00000
     1.40000     0.00281    -0.03641     0.03394     0.00000     0.00000     0.00000    -0.03750     0.00000
     1.40500     0.00278    -0.03608     0.03360     0.00000     0.00000     0.00000    -0.03734     0.00000
     1.41000     0.00274    -0.03575     0.03325     0.00000     0.00000     0.00000    -0.03719     0.00000
     1.41500     0.00271    -0.03542     0.03291     0.00000     0.00000     0.00000    -0.03703     0.00000
     1.42000     0.00268    -0.03509     0.03258     0.00000     0.00000     0.00000    -0.03688     0.00000
     1.42500     0.00264    -0.03477     0.03225     0.00000     0.00000     0.00000    -0.03673     0.00000
     1.43000     0.00261    -0.03445     0.03192     0.00000     0.00000     0.00000    -0.03658     0.00000
     1.43500     0.00258    -0.03414     0.03159     0.00000     0.00000     0.00000    -0.03643     0.00000
     1.44000     0.00255    -0.03382     0.03127     0.00000     0.00000     0.00000    -0.03628     0.00000
     1.44500     0.00252    -0.03351     0.03095     0.00000     0.00000     0.00000    -0.03613     0.00000
     1.45000     0.00248    -0.03321     0.03064     0.00000     0.00000     0.00000    -0.03598     0.00000
     1.45500     0.00245    -0.03290     0.03033     0.00000     0.00000     0.00000    -0.03583     0.00000
     1.46000     0.00242    -0.03260     0.03002     0.00000     0.00000     0.00000    -0.03569     0.00000
     1.46500     0.00239    -0.03230     0.02972     0.00000     0.00000     0.00000    -0.03554     0.00000
     1.47000     0.00236    -0.03201     0.02941     0.00000     0.00000     0.00000    -0.03540     0.00000
     1.47500     0.00233    -0.03172     0.02912     0.00000     0.00000     0.00000    -0.03526     0.00000
     1.48000     0.00230    -0.03143     0.02882     0.00000     0.00000     0.00000    -0.03512     0.00000
     1.48500     0.00227    -0.03114     0.02853     0.00000     0.00000     0.00000    -0.03497     0.00000
     1.49000     0.00224    -0.03085     0.02824     0.00000     0.00000     0.00000    -0.03483     0.00000
     1.49500     0.00221    -0.03057     0.02796     0.00000     0.00000     0.00000    -0.03469     0.00000
     1.50000     0.00219    -0.03029     0.02767     0.00000     0.00000     0.00000    -0.03456     0.00000
     1.50500     0.00216    -0.03002     0.02739     0.00000     0.00000     0.00000    -0.03442     0.00000
     1.51000     0.00213    -0.02974     0.02712     0.00000     0.00000     0.00000    -0.03428     0.00000
     1.51500     0.00210    -0.02947     0.02684     0.00000     0.00000     0.00000    -0.03415     0.00000
     1.52000     0.00207    -0.02920     0.02657     0.00000     0.00000     0.00000    -0.03401     0.00000
     1.52500     0.00205    -0.02894     0.02631     0.00000     0.00000     0.00000    -0.03388     0.00000
     1.53000     0.00202    -0.02867     0.02604     0.00000     0.00000     0.00000    -0.03374     0.00000
     1.53500     0.00199    -0.02841     0.02578     0.00000     0.00000     0.00000    -0.03361     0.00000
     1.54000     0.00196    -0.02815     0.02552     0.00000     0.00000     0.00000    -0.03348     0.00000
     1.54500     0.00194    -0.02790     0.02526     0.00000     0.00000     0.00000    -0.03334     0.00000
     1.55000     0.00191    -0.02764     0.02501     0.00000     0.00000     0.00000    -0.03321     0.00000
     1.55500     0.00189    -0.02739     0.02476     0.00000     0.00000     0.00000    -0.03308     0.00000
     1.56000     0.00186    -0.02714     0.02451     0.00000     0.00000     0.00000    -0.03296     0.00000
     1.56500     0.00184    -0.02689     0.02426     0.00000     0.00000     0.00000    -0.03283     0.00000
     1.57000     0.00181    -0.02665     0.02402     0.00000     0.00000     0.00000    -0.03270     0.00000
     1.57500     0.00179    -0.02641     0.02378     0.00000     0.00000     0.00000    -0.03257     0.00000
     1.58000     0.00176    -0.02617     0.02354     0.00000     0.00000     0.00000    -0.03245     0.00000
     1.58500     0.00174    -0.02593     0.02331     0.00000     0.00000     0.00000    -0.03232     0.00000
     1.59000     0.00171    -0.02569     0.02307     0.00000     0.00000     0.00000    -0.03220     0.00000
     1.59500     0.00169    -0.02546     0.02284     0.00000     0.00000     0.00000    -0.03207     0.00000
     1.60000     0.00166    -0.02523     0.02261     0.00000     0.00000     0.00000    -0.03195     0.00000
     1.60500     0.00164    -0.02500     0.02239     0.00000     0.00000     0.00000    -0.03183     0.00000
     1.61000     0.00162    -0.02477     0.02216     0.00000     0.00000     0.00000    -0.03170     0.00000
     1.61500     0.00159    -0.02455     0.02194     0.00000     0.00000     0.00000    -0.03158     0.00000
     1.62000     0.00157    -0.02433     0.02172     0.00000     0.00000     0.00000    -0.03146     0.00000
     1.62500     0.00155    -0.02411     0.02151     0.00000     0.00000     0.00000    -0.03134     0.00000
     1.63000     0.00153    -0.02389     0.02129     0.00000     0.00000     0.00000    -0.03122     0.00000
     1.63500     0.00150    -0.02367     0.02108     0.00000     0.00000     0.00000    -0.03111     0.00000
     1.64000     0.00148    -0.02346     0.02087     0.00000     0.00000     0.00000    -0.03099     0.00000
     1.64500     0.00146    -0.02324     0.02066     0.00000     0.00000     0.00000    -0.03087     0.00000
     1.65000     0.00144    -0.02303     0.02046     0.00000     0.00000     0.00000    -0.03075     0.00000
     1.65500     0.00142    -0.02282     0.02026     0.00000     0.00000     0.00000    -0.03064     0.00000
     1.66000     0.00139    -0.02262     0.02006     0.00000     0.00000     0.00000    -0.03052     0.00000
     1.66500     0.00137    -0.02241     0.01986     0.00000     0.00000     0.00000    -0.03041     0.00000
     1.67000     0.00135    -0.02221     0.01966     0.00000     0.00000     0.00000    -0.03030     0.00000
     1.67500     0.00133    -0.02201     0.01946     0.00000     0.00000     0.00000    -0.03018     0.00000
     1.68000     0.00131    -0.02181     0.01927     0.00000     0.00000     0.00000    -0.03007     0.00000
     1.68500     0.00129    -0.02161     0.01908     0.00000     0.00000     0.00000    -0.02996     0.00000
     1.69000     0.00127    -0.02142     0.01889     0.00000     0.00000     0.00000    -0.02985     0.00000
     1.69500     0.00125    -0.02122     0.01870     0.00000     0.00000     0.00000    -0.02974     0.00000
     1.70000     0.00123    -0.02103     0.01852     0.00000     0.00000     0.00000    -0.02963     0.00000
     1.70500     0.00121    -0.02084     0.01834     0.00000     0.00000     0.00000    -0.02952     0.00000
     1.71000     0.00119    -0.02065     0.01816     0.00000     0.00000     0.00000    -0.02941     0.00000
     1.71500     0.00117    -0.02047     0.01798     0.00000     0.00000     0.00000    -0.02930     0.00000
     1.72000     0.00116    -0.02028     0.01780     0.00000     0.00000     0.00000    -0.02919     0.00000
     1.72500     0.00114    -0.02010     0.01762     0.00000     0.00000     0.00000    -0.02909     0.00000
     1.73000     0.00112    -0.01992     0.01745     0.00000     0.00000     0.00000    -0.02898     0.00000
     1.73500     0.00110    -0.01974     0.01728     0.00000     0.00000     0.00000    -0.02887     0.00000
     1.74000     0.00108    -0.01956     0.01711     0.00000     0.00000     0.00000    -0.02877     0.00000
     1.74500     0.00106    -0.01938     0.01694     0.00000     0.00000     0.00000    -0.02866     0.00000
     1.75000     0.00105    -0.01921     0.01677     0.00000     0.00000     0.00000    -0.02856     0.00000
     1.75500     0.00103    -0.01904     0.01661     0.00000     0.00000     0.00000    -0.02846     0.00000
     1.76000     0.00101    -0.01887     0.01645     0.00000     0.00000     0.00000    -0.02835     0.00000
     1.76500     0.00099    -0.01870     0.01628     0.00000     0.00000     0.00000    -0.02825     0.00000
     1.77000     0.00098    -0.01853     0.01612     0.00000     0.00000     0.00000    -0.02815     0.00000
     1.77500     0.00096    -0.01836     0.01597     0.00000     0.00000     0.00000    -0.02805     0.00000
     1.78000     0.00094    -0.01820     0.01581     0.00000     0.00000     0.00000    -0.02795     0.00000
     1.78500     0.00093    -0.01803     0.01565     0.00000     0.00000     0.00000    -0.02785     0.00000
     1.79000     0.00091    -0.01787     0.01550     0.00000     0.00000     0.00000    -0.02775     0.00000
     1.79500     0.00089    -0.01771     0.01535     0.00000     0.00000     0.00000    -0.02765     0.00000
     1.80000     0.00088    -0.01755     0.01520     0.00000     0.00000     0.00000    -0.02755     0.00000
     1.80500     0.00086    -0.01739     0.01505     0.00000     0.00000     0.00000    -0.02745     0.00000
     1.81000     0.00085    -0.01724     0.01490     0.00000     0.00000     0.00000    -0.02735     0.00000
     1.81500     0.00083    -0.01708     0.01476     0.00000     0.00000     0.00000    -0.02726     0.00000
     1.82000     0.00082    -0.01693     0.01461     0.00000     0.00000     0.00000    -0.02716     0.00000
     1.82500     0.00080    -0.01677     0.01447     0.00000     0.00000     0.00000    -0.02706     0.00000
     1.83000     0.00079    -0.01662     0.01433     0.00000     0.00000     0.00000    -0.02697     0.00000
     1.83500     0.00077    -0.01647     0.01419     0.00000     0.00000     0.00000    -0.02687     0.00000
     1.84000     0.00076    -0.01633     0.01405     0.00000     0.00000     0.00000    -0.02678     0.00000
     1.84500     0.00074    -0.01618     0.01392     0.00000     0.00000     0.00000    -0.02668     0.00000
     1.85000     0.00073    -0.01604     0.01378     0.00000     0.00000     0.00000    -0.02659     0.00000
     1.85500     0.00071    -0.01589     0.01365     0.00000     0.00000     0.00000    -0.02650     0.00000
     1.86000     0.00070    -0.01575     0.01351     0.00000     0.00000     0.00000    -0.02640     0.00000
     1.86500     0.00068    -0.01561     0.01338     0.00000     0.00000     0.00000    -0.02631     0.00000
     1.87000     0.00067    -0.01547     0.01325     0.00000     0.00000     0.00000    -0.02622     0.00000
     1.87500     0.00066    -0.01533     0.01312     0.00000     0.00000     0.00000    -0.02613     0.00000
     1.88000     0.00064    -0.01519     0.01300     0.00000     0.00000     0.00000    -0.02604     0.00000
     1.88500     0.00063    -0.01506     0.01287     0.00000     0.00000     0.00000    -0.02595     0.00000
     1.89000     0.00062    -0.01492     0.01274     0.00000     0.00000     0.00000    -0.02586     0.00000
     1.89500     0.00060    -0.01479     0.01262     0.00000     0.00000     0.00000    -0.02577     0.00000
     1.90000     0.00059    -0.01465     0.01250     0.00000     0.00000     0.00000    -0.02568     0.00000
     1.90500     0.00058    -0.01452     0.01238     0.00000     0.00000     0.00000    -0.02559     0.00000
     1.91000     0.00057    -0.01439     0.01226     0.00000     0.00000     0.00000    -0.02550     0.00000
     1.91500     0.00055    -0.01427     0.01214     0.00000     0.00000     0.00000    -0.02542     0.00000
     1.92000     0.00054    -0.01414     0.01202     0.00000     0.00000     0.00000    -0.02533     0.00000
     1.92500     0.00053    -0.01401     0.01191     0.00000     0.00000     0.00000    -0.02524     0.00000
     1.93000     0.00052    -0.01389     0.01179     0.00000     0.00000     0.00000    -0.02516     0.00000
     1.93500     0.00051    -0.01376     0.01168     0.00000     0.00000     0.00000    -0.02507     0.00000
     1.94000     0.00049    -0.01364     0.01156     0.00000     0.00000     0.00000    -0.02499     0.00000
     1.94500     0.00048    -0.01352     0.01145     0.00000     0.00000     0.00000    -0.02490     0.00000
     1.95000     0.00047    -0.01340     0.01134     0.00000     0.00000     0.00000    -0.02482     0.00000
     1.95500     0.00046    -0.01328     0.01123     0.00000     0.00000     0.00000    -0.02473     0.00000
     1.96000     0.00045    -0.01316     0.01112     0.00000     0.00000     0.00000    -0.02465     0.00000
     1.96500     0.00044    -0.01304     0.01102     0.00000     0.00000     0.00000    -0.02457     0.00000
     1.97000     0.00043    -0.01292     0.01091     0.00000     0.00000     0.00000    -0.02448     0.00000
     1.97500     0.00041    -0.01281     0.01081     0.00000     0.00000     0.00000    -0.02440     0.00000
     1.98000     0.00040    -0.01269     0.01070     0.00000     0.00000     0.00000    -0.02432     0.00000
     1.98500     0.00039    -0.01258     0.01060     0.00000     0.00000     0.00000    -0.02424     0.00000
     1.99000     0.00038    -0.01247     0.01050     0.00000     0.00000     0.00000    -0.02416     0.00000
     1.99500     0.00037    -0.01236     0.01040     0.00000     0.00000     0.00000    -0.02408     0.00000
     2.00000     0.00036    -0.01225     0.01030     0.00000     0.00000     0.00000    -0.02400     0.00000
     2.00500     0.00035    -0.01214     0.01020     0.00000     0.00000     0.00000    -0.02392     0.00000
     2.01000     0.00034    -0.01203     0.01010     0.00000     0.00000     0.00000    -0.02384     0.00000
     2.01500     0.00033    -0.01192     0.01000     0.00000     0.00000     0.00000    -0.02376     0.00000
     2.02000     0.00032    -0.01182     0.00991     0.00000     0.00000     0.00000    -0.02368     0.00000
     2.02500     0.00031    -0.01171     0.00981     0.00000     0.00000     0.00000    -0.02360     0.00000
     2.03000     0.00030    -0.01161     0.00972     0.00000     0.00000     0.00000    -0.02352     0.00000
     2.03500     0.00029    -0.01150     0.00963     0.00000     0.00000     0.00000    -0.02345     0.00000
     2.04000     0.00028    -0.01140     0.00954     0.00000     0.00000     0.00000    -0.02337     0.00000
     2.04500     0.00027    -0.01130     0.00944     0.00000     0.00000     0.00000    -0.02329     0.00000
     2.05000     0.00027    -0.01120     0.00935     0.00000     0.00000     0.00000    -0.02322     0.00000
     2.05500     0.00026    -0.01110     0.00926     0.00000     0.00000     0.00000    -0.02314     0.00000
     2.06000     0.00025    -0.01100     0.00918     0.00000     0.00000     0.00000    -0.02307     0.00000
     2.06500     0.00024    -0.01090     0.00909     0.00000     0.00000     0.00000    -0.02299     0.00000
     2.07000     0.00023    -0.01081     0.00900     0.00000     0.00000     0.00000    -0.02292     0.00000
     2.07500     0.00022    -0.01071     0.00892     0.00000     0.00000     0.00000    -0.02284     0.00000
     2.08000     0.00021    -0.01062     0.00883     0.00000     0.00000     0.00000    -0.02277     0.00000
     2.08500     0.00020    -0.01052     0.00875     0.00000     0.00000     0.00000    -0.02269     0.00000
     2.09000     0.00020    -0.01043     0.00866     0.00000     0.00000     0.00000    -0.02262     0.00000
     2.09500     0.00019    -0.01033     0.00858     0.00000     0.00000     0.00000    -0.02255     0.00000
     2.10000     0.00018    -0.01024     0.00850     0.00000     0.00000     0.00000    -0.02247     0.00000
     2.10500     0.00017    -0.01015     0.00842     0.00000     0.00000     0.00000    -0.02240     0.00000
     2.11000     0.00016    -0.01006     0.00834     0.00000     0.00000     0.00000    -0.02233     0.00000
     2.11500     0.00016    -0.00997     0.00826     0.00000     0.00000     0.00000    -0.02226     0.00000
     2.12000     0.00015    -0.00988     0.00818     0.00000     0.00000     0.00000    -0.02219     0.00000
     2.12500     0.00014    -0.00980     0.00810     0.00000     0.00000     0.00000    -0.02212     0.00000
     2.13000     0.00013    -0.00971     0.00803     0.00000     0.00000     0.00000    -0.02205     0.00000
     2.13500     0.00013    -0.00962     0.00795     0.00000     0.00000     0.00000    -0.02198     0.00000
     2.14000     0.00012    -0.00954     0.00788     0.00000     0.00000     0.00000    -0.02191     0.00000
     2.14500     0.00011    -0.00945     0.00780     0.00000     0.00000     0.00000    -0.02184     0.00000
     2.15000     0.00010    -0.00937     0.00773     0.00000     0.00000     0.00000    -0.02177     0.00000
     2.15500     0.00010    -0.00929     0.00765     0.00000     0.00000     0.00000    -0.02170     0.00000
     2.16000     0.00009    -0.00920     0.00758     0.00000     0.00000     0.00000    -0.02163     0.00000
     2.16500     0.00008    -0.00912     0.00751     0.00000     0.00000     0.00000    -0.02156     0.00000
     2.17000     0.00008    -0.00904     0.00744     0.00000     0.00000     0.00000    -0.02149     0.00000
     2.17500     0.00007    -0.00896     0.00737     0.00000     0.00000     0.00000    -0.02142     0.00000
     2.18000     0.00006    -0.00888     0.00730     0.00000     0.00000     0.00000    -0.02136     0.00000
     2.18500     0.00006    -0.00880     0.00723     0.00000     0.00000     0.00000    -0.02129     0.00000
     2.19000     0.00005    -0.00873     0.00716     0.00000     0.00000     0.00000    -0.02122     0.00000
     2.19500     0.00004    -0.00865     0.00710     0.00000     0.00000     0.00000    -0.02116     0.00000
     2.20000     0.00004    -0.00857     0.00703     0.00000     0.00000     0.00000    -0.02109     0.00000
     2.20500     0.00003    -0.00850     0.00696     0.00000     0.00000     0.00000    -0.02103     0.00000
     2.21000     0.00003    -0.00842     0.00690     0.00000     0.00000     0.00000    -0.02096     0.00000
     2.21500     0.00002    -0.00835     0.00683     0.00000     0.00000     0.00000    -0.02090     0.00000
     2.22000     0.00001    -0.00827     0.00677     0.00000     0.00000     0.00000    -0.02083     0.00000
     2.22500     0.00001    -0.00820     0.00670     0.00000     0.00000     0.00000    -0.02077     0.00000
     2.23000     0.00000    -0.00813     0.00664     0.00000     0.00000     0.00000    -0.02070     0.00000
     2.23500     0.00000    -0.00806     0.00658     0.00000     0.00000     0.00000    -0.02064     0.00000
     2.24000    -0.00001    -0.00798     0.00652     0.00000     0.00000     0.00000    -0.02057     0.00000
     2.24500    -0.00001    -0.00791     0.00646     0.00000     0.00000     0.00000    -0.02051     0.00000
     2.25000    -0.00002    -0.00784     0.00640     0.00000     0.00000     0.00000    -0.02045     0.00000
     2.25500    -0.00002    -0.00777     0.00634     0.00000     0.00000     0.00000    -0.02038     0.00000
     2.26000    -0.00003    -0.00771     0.00628     0.00000     0.00000     0.00000    -0.02032     0.00000
     2.26500    -0.00004    -0.00764     0.00622     0.00000     0.00000     0.00000    -0.02026     0.00000
     2.27000    -0.00004    -0.00757     0.00616     0.00000     0.00000     0.00000    -0.02020     0.00000
     2.27500    -0.00005    -0.00750     0.00610     0.00000     0.00000     0.00000    -0.02014     0.00000
     2.28000    -0.00005    -0.00744     0.00604     0.00000     0.00000     0.00000    -0.02008     0.00000
     2.28500    -0.00006    -0.00737     0.00599     0.00000     0.00000     0.00000    -0.02001     0.00000
     2.29000    -0.00006    -0.00731     0.00593     0.00000     0.00000     0.00000    -0.01995     0.00000
     2.29500    -0.00007    -0.00724     0.00588     0.00000     0.00000     0.00000    -0.01989     0.00000
     2.30000    -0.00007    -0.00718     0.00582     0.00000     0.00000     0.00000    -0.01983     0.00000
     2.30500    -0.00007    -0.00712     0.00577     0.00000     0.00000     0.00000    -0.01977     0.00000
     2.31000    -0.00008    -0.00705     0.00571     0.00000     0.00000     0.00000    -0.01971     0.00000
     2.31500    -0.00008    -0.00699     0.00566     0.00000     0.00000     0.00000    -0.01965     0.00000
     2.32000    -0.00009    -0.00693     0.00561     0.00000     0.00000     0.00000    -0.01959     0.00000
     2.32500    -0.00009    -0.00687     0.00556     0.00000     0.00000     0.00000    -0.01954     0.00000
     2.33000    -0.00010    -0.00681     0.00550     0.00000     0.00000     0.00000    -0.01948     0.00000
     2.33500    -0.00010    -0.00675     0.00545     0.00000     0.00000     0.00000    -0.01942     0.00000
     2.34000    -0.00011    -0.00669     0.00540     0.00000     0.00000     0.00000    -0.01936     0.00000
     2.34500    -0.00011    -0.00663     0.00535     0.00000     0.00000     0.00000    -0.01930     0.00000
     2.35000    -0.00011    -0.00657     0.00530     0.00000     0.00000     0.00000    -0.01924     0.00000
     2.35500    -0.00012    -0.00651     0.00525     0.00000     0.00000     0.00000    -0.01919     0.00000
     2.36000    -0.00012    -0.00646     0.00520     0.00000     0.00000     0.00000    -0.01913     0.00000
     2.36500    -0.00013    -0.00640     0.00516     0.00000     0.00000     0.00000    -0.01907     0.00000
     2.37000    -0.00013    -0.00634     0.00511     0.00000     0.00000     0.00000    -0.01902     0.00000
     2.37500    -0.00013    -0.00629     0.00506     0.00000     0.00000     0.00000    -0.01896     0.00000
     2.38000    -0.00014    -0.00623     0.00501     0.00000     0.00000     0.00000    -0.01890     0.00000
     2.38500    -0.00014    -0.00618     0.00497     0.00000     0.00000     0.00000    -0.01885     0.00000
     2.39000    -0.00014    -0.00612     0.00492     0.00000     0.00000     0.00000    -0.01879     0.00000
     2.39500    -0.00015    -0.00607     0.00488     0.00000     0.00000     0.00000    -0.01874     0.00000
     2.40000    -0.00015    -0.00602     0.00483     0.00000     0.00000     0.00000    -0.01868     0.00000
     2.40500    -0.00015    -0.00596     0.00479     0.00000     0.00000     0.00000    -0.01863     0.00000
     2.41000    -0.00016    -0.00591     0.00474     0.00000     0.00000     0.00000    -0.01857     0.00000
     2.41500    -0.00016    -0.00586     0.00470     0.00000     0.00000     0.00000    -0.01852     0.00000
     2.42000    -0.00016    -0.00581     0.00465     0.00000     0.00000     0.00000    -0.01847     0.00000
     2.42500    -0.00017    -0.00576     0.00461     0.00000     0.00000     0.00000    -0.01841     0.00000
     2.43000    -0.00017    -0.00571     0.00457     0.00000     0.00000     0.00000    -0.01836     0.00000
     2.43500    -0.00017    -0.00566     0.00453     0.00000     0.00000     0.00000    -0.01830     0.00000
     2.44000    -0.00018    -0.00561     0.00449     0.00000     0.00000     0.00000    -0.01825     0.00000
     2.44500    -0.00018    -0.00556     0.00444     0.00000     0.00000     0.00000    -0.01820     0.00000
     2.45000    -0.00018    -0.00551     0.00440     0.00000     0.00000     0.00000    -0.01815     0.00000
     2.45500    -0.00019    -0.00546     0.00436     0.00000     0.00000     0.00000    -0.01809     0.00000
     2.46000    -0.00019    -0.00541     0.00432     0.00000     0.00000     0.00000    -0.01804     0.00000
     2.46500    -0.00019    -0.00536     0.00428     0.00000     0.00000     0.00000    -0.01799     0.00000
     2.47000    -0.00019    -0.00532     0.00424     0.00000     0.00000     0.00000    -0.01794     0.00000
     2.47500    -0.00020    -0.00527     0.00420     0.00000     0.00000     0.00000    -0.01789     0.00000
     2.48000    -0.00020    -0.00522     0.00417     0.00000     0.00000     0.00000    -0.01783     0.00000
     2.48500    -0.00020    -0.00518     0.00413     0.00000     0.00000     0.00000    -0.01778     0.00000
     2.49000    -0.00021    -0.00513     0.00409     0.00000     0.00000     0.00000    -0.01773     0.00000
     2.49500    -0.00021    -0.00509     0.00405     0.00000     0.00000     0.00000    -0.01768     0.00000
     2.50000    -0.00021    -0.00504     0.00401     0.00000     0.00000     0.00000    -0.01763     0.00000
     2.50500    -0.00021    -0.00500     0.00398     0.00000     0.00000     0.00000    -0.01758     0.00000
     2.51000    -0.00022    -0.00496     0.00394     0.00000     0.00000     0.00000    -0.01753     0.00000
     2.51500    -0.00022    -0.00491     0.00391     0.00000     0.00000     0.00000    -0.01748     0.00000
     2.52000    -0.00022    -0.00487     0.00387     0.00000     0.00000     0.00000    -0.01743     0.00000
     2.52500    -0.00022    -0.00483     0.00383     0.00000     0.00000     0.00000    -0.01738     0.00000
     2.53000    -0.00022    -0.00478     0.00380     0.00000     0.00000     0.00000    -0.01733     0.00000
     2.53500    -0.00023    -0.00474     0.00376     0.00000     0.00000     0.00000    -0.01728     0.00000
     2.54000    -0.00023    -0.00470     0.00373     0.00000     0.00000     0.00000    -0.01723     0.00000
     2.54500    -0.00023    -0.00466     0.00370     0.00000     0.00000     0.00000    -0.01719     0.00000
     2.55000    -0.00023    -0.00462     0.00366     0.00000     0.00000     0.00000    -0.01714     0.00000
     2.55500    -0.00024    -0.00458     0.00363     0.00000     0.00000     0.00000    -0.01709     0.00000
     2.56000    -0.00024    -0.00454     0.00360     0.00000     0.00000     0.00000    -0.01704     0.00000
     2.56500    -0.00024    -0.00450     0.00356     0.00000     0.00000     0.00000    -0.01699     0.00000
     2.57000    -0.00024    -0.00446     0.00353     0.00000     0.00000     0.00000    -0.01695     0.00000
     2.57500    -0.00024    -0.00442     0.00350     0.00000     0.00000     0.00000    -0.01690     0.00000
     2.58000    -0.00024    -0.00438     0.00347     0.00000     0.00000     0.00000    -0.01685     0.00000
     2.58500    -0.00025    -0.00434     0.00343     0.00000     0.00000     0.00000    -0.01680     0.00000
     2.59000    -0.00025    -0.00431     0.00340     0.00000     0.00000     0.00000    -0.01676     0.00000
     2.59500    -0.00025    -0.00427     0.00337     0.00000     0.00000     0.00000    -0.01671     0.00000
     2.60000    -0.00025    -0.00423     0.00334     0.00000     0.00000     0.00000    -0.01666     0.00000
     2.60500    -0.00025    -0.00419     0.00331     0.00000     0.00000     0.00000    -0.01662     0.00000
     2.61000    -0.00025    -0.00416     0.00328     0.00000     0.00000     0.00000    -0.01657     0.00000
     2.61500    -0.00026    -0.00412     0.00325     0.00000     0.00000     0.00000    -0.01653     0.00000
     2.62000    -0.00026    -0.00409     0.00322     0.00000     0.00000     0.00000    -0.01648     0.00000
     2.62500    -0.00026    -0.00405     0.00319     0.00000     0.00000     0.00000    -0.01644     0.00000
     2.63000    -0.00026    -0.00401     0.00316     0.00000     0.00000     0.00000    -0.01639     0.00000
     2.63500    -0.00026    -0.00398     0.00314     0.00000     0.00000     0.00000    -0.01635     0.00000
     2.64000    -0.00026    -0.00394     0.00311     0.00000     0.00000     0.00000    -0.01630     0.00000
     2.64500    -0.00027    -0.00391     0.00308     0.00000     0.00000     0.00000    -0.01626     0.00000
     2.65000    -0.00027    -0.00388     0.00305     0.00000     0.00000     0.00000    -0.01621     0.00000
     2.65500    -0.00027    -0.00384     0.00302     0.00000     0.00000     0.00000    -0.01617     0.00000
     2.66000    -0.00027    -0.00381     0.00300     0.00000     0.00000     0.00000    -0.01612     0.00000
     2.66500    -0.00027    -0.00378     0.00297     0.00000     0.00000     0.00000    -0.01608     0.00000
     2.67000    -0.00027    -0.00374     0.00294     0.00000     0.00000     0.00000    -0.01604     0.00000
     2.67500    -0.00027    -0.00371     0.00292     0.00000     0.00000     0.00000    -0.01599     0.00000
     2.68000    -0.00027    -0.00368     0.00289     0.00000     0.00000     0.00000    -0.01595     0.00000
     2.68500    -0.00028    -0.00365     0.00286     0.00000     0.00000     0.00000    -0.01590     0.00000
     2.69000    -0.00028    -0.00361     0.00284     0.00000     0.00000     0.00000    -0.01586     0.00000
     2.69500    -0.00028    -0.00358     0.00281     0.00000     0.00000     0.00000    -0.01582     0.00000
     2.70000    -0.00028    -0.00355     0.00279     0.00000     0.00000     0.00000    -0.01578     0.00000
     2.70500    -0.00028    -0.00352     0.00276     0.00000     0.00000     0.00000    -0.01573     0.00000
     2.71000    -0.00028    -0.00349     0.00274     0.00000     0.00000     0.00000    -0.01569     0.00000
     2.71500    -0.00028    -0.00346     0.00271     0.00000     0.00000     0.00000    -0.01565     0.00000
     2.72000    -0.00028    -0.00343     0.00269     0.00000     0.00000     0.00000    -0.01561     0.00000
     2.72500    -0.00028    -0.00340     0.00266     0.00000     0.00000     0.00000    -0.01557     0.00000
     2.73000    -0.00028    -0.00337     0.00264     0.00000     0.00000     0.00000    -0.01552     0.00000
     2.73500    -0.00029    -0.00334     0.00262     0.00000     0.00000     0.00000    -0.01548     0.00000
     2.74000    -0.00029    -0.00331     0.00259     0.00000     0.00000     0.00000    -0.01544     0.00000
     2.74500    -0.00029    -0.00328     0.00257     0.00000     0.00000     0.00000    -0.01540     0.00000
     2.75000    -0.00029    -0.00325     0.00255     0.00000     0.00000     0.00000    -0.01536     0.00000
     2.75500    -0.00029    -0.00323     0.00252     0.00000     0.00000     0.00000    -0.01532     0.00000
     2.76000    -0.00029    -0.00320     0.00250     0.00000     0.00000     0.00000    -0.01528     0.00000
     2.76500    -0.00029    -0.00317     0.00248     0.00000     0.00000     0.00000    -0.01524     0.00000
     2.77000    -0.00029    -0.00314     0.00246     0.00000     0.00000     0.00000    -0.01520     0.00000
     2.77500    -0.00029    -0.00312     0.00243     0.00000     0.00000     0.00000    -0.01516     0.00000
     2.78000    -0.00029    -0.00309     0.00241     0.00000     0.00000     0.00000    -0.01512     0.00000
     2.78500    -0.00029    -0.00306     0.00239     0.00000     0.00000     0.00000    -0.01508     0.00000
     2.79000    -0.00029    -0.00304     0.00237     0.00000     0.00000     0.00000    -0.01504     0.00000
     2.79500    -0.00029    -0.00301     0.00235     0.00000     0.00000     0.00000    -0.01500     0.00000
     2.80000    -0.00029    -0.00298     0.00233     0.00000     0.00000     0.00000    -0.01496     0.00000
     2.80500    -0.00029    -0.00296     0.00231     0.00000     0.00000     0.00000    -0.01492     0.00000
     2.81000    -0.00029    -0.00293     0.00228     0.00000     0.00000     0.00000    -0.01488     0.00000
     2.81500    -0.00030    -0.00291     0.00226     0.00000     0.00000     0.00000    -0.01484     0.00000
     2.82000    -0.00030    -0.00288     0.00224     0.00000     0.00000     0.00000    -0.01480     0.00000
     2.82500    -0.00030    -0.00286     0.00222     0.00000     0.00000     0.00000    -0.01476     0.00000
     2.83000    -0.00030    -0.00283     0.00220     0.00000     0.00000     0.00000    -0.01472     0.00000
     2.83500    -0.00030    -0.00281     0.00218     0.00000     0.00000     0.00000    -0.01469     0.00000
     2.84000    -0.00030    -0.00278     0.00217     0.00000     0.00000     0.00000    -0.01465     0.00000
     2.84500    -0.00030    -0.00276     0.00215     0.00000     0.00000     0.00000    -0.01461     0.00000
     2.85000    -0.00030    -0.00273     0.00213     0.00000     0.00000     0.00000    -0.01457     0.00000
     2.85500    -0.00030    -0.00271     0.00211     0.00000     0.00000     0.00000    -0.01453     0.00000
     2.86000    -0.00030    -0.00269     0.00209     0.00000     0.00000     0.00000    -0.01450     0.00000
     2.86500    -0.00030    -0.00266     0.00207     0.00000     0.00000     0.00000    -0.01446     0.00000
     2.87000    -0.00030    -0.00264     0.00205     0.00000     0.00000     0.00000    -0.01442     0.00000
     2.87500    -0.00030    -0.00262     0.00203     0.00000     0.00000     0.00000    -0.01438     0.00000
     2.88000    -0.00030    -0.00260     0.00202     0.00000     0.00000     0.00000    -0.01435     0.00000
     2.88500    -0.00030    -0.00257     0.00200     0.00000     0.00000     0.00000    -0.01431     0.00000
     2.89000    -0.00030    -0.00255     0.00198     0.00000     0.00000     0.00000    -0.01427     0.00000
     2.89500    -0.00030    -0.00253     0.00196     0.00000     0.00000     0.00000    -0.01424     0.00000
     2.90000    -0.00030    -0.00251     0.00195     0.00000     0.00000     0.00000    -0.01420     0.00000
     2.90500    -0.00030    -0.00248     0.00193     0.00000     0.00000     0.00000    -0.01416     0.00000
     2.91000    -0.00030    -0.00246     0.00191     0.00000     0.00000     0.00000    -0.01413     0.00000
     2.91500    -0.00030    -0.00244     0.00189     0.00000     0.00000     0.00000    -0.01409     0.00000
     2.92000    -0.00030    -0.00242     0.00188     0.00000     0.00000     0.00000    -0.01406     0.00000
     2.92500    -0.00030    -0.00240     0.00186     0.00000     0.00000     0.00000    -0.01402     0.00000
     2.93000    -0.00030    -0.00238     0.00184     0.00000     0.00000     0.00000    -0.01398     0.00000
     2.93500    -0.00030    -0.00236     0.00183     0.00000     0.00000     0.00000    -0.01395     0.00000
     2.94000    -0.00030    -0.00234     0.00181     0.00000     0.00000     0.00000    -0.01391     0.00000
     2.94500    -0.00030    -0.00232     0.00180     0.00000     0.00000     0.00000    -0.01388     0.00000
     2.95000    -0.00030    -0.00230     0.00178     0.00000     0.00000     0.00000    -0.01384     0.00000
     2.95500    -0.00030    -0.00228     0.00176     0.00000     0.00000     0.00000    -0.01381     0.00000
     2.96000    -0.00030    -0.00226     0.00175     0.00000     0.00000     0.00000    -0.01377     0.00000
     2.96500    -0.00030    -0.00224     0.00173     0.00000     0.00000     0.00000    -0.01374     0.00000
     2.97000    -0.00030    -0.00222     0.00172     0.00000     0.00000     0.00000    -0.01370     0.00000
     2.97500    -0.00030    -0.00220     0.00170     0.00000     0.00000     0.00000    -0.01367     0.00000
     2.98000    -0.00030    -0.00218     0.00169     0.00000     0.00000     0.00000    -0.01363     0.00000
     2.98500    -0.00030    -0.00216     0.00167     0.00000     0.00000     0.00000    -0.01360     0.00000
     2.99000    -0.00030    -0.00214     0.00166     0.00000     0.00000     0.00000    -0.01357     0.00000
     2.99500    -0.00030    -0.00213     0.00164     0.00000     0.00000     0.00000    -0.01353     0.00000
     3.00000    -0.00030    -0.00211     0.00163     0.00000     0.00000     0.00000    -0.01350     0.00000
     3.00500    -0.00030    -0.00209     0.00161     0.00000     0.00000     0.00000    -0.01346     0.00000
     3.01000    -0.00030    -0.00207     0.00160     0.00000     0.00000     0.00000    -0.01343     0.00000
     3.01500    -0.00030    -0.00205     0.00159     0.00000     0.00000     0.00000    -0.01340     0.00000
     3.02000    -0.00030    -0.00204     0.00157     0.00000     0.00000     0.00000    -0.01336     0.00000
     3.02500    -0.00030    -0.00202     0.00156     0.00000     0.00000     0.00000    -0.01333     0.00000
     3.03000    -0.00030    -0.00200     0.00154     0.00000     0.00000     0.00000    -0.01330     0.00000
     3.03500    -0.00030    -0.00198     0.00153     0.00000     0.00000     0.00000    -0.01327     0.00000
     3.04000    -0.00030    -0.00197     0.00152     0.00000     0.00000     0.00000    -0.01323     0.00000
     3.04500    -0.00030    -0.00195     0.00150     0.00000     0.00000     0.00000    -0.01320     0.00000
     3.05000    -0.00030    -0.00193     0.00149     0.00000     0.00000     0.00000    -0.01317     0.00000
     3.05500    -0.00030    -0.00192     0.00148     0.00000     0.00000     0.00000    -0.01313     0.00000
     3.06000    -0.00030    -0.00190     0.00147     0.00000     0.00000     0.00000    -0.01310     0.00000
     3.06500    -0.00030    -0.00188     0.00145     0.00000     0.00000     0.00000    -0.01307     0.00000
     3.07000    -0.00030    -0.00187     0.00144     0.00000     0.00000     0.00000    -0.01304     0.00000
     3.07500    -0.00030    -0.00185     0.00143     0.00000     0.00000     0.00000    -0.01301     0.00000
     3.08000    -0.00030    -0.00184     0.00141     0.00000     0.00000     0.00000    -0.01297     0.00000
     3.08500    -0.00030    -0.00182     0.00140     0.00000     0.00000     0.00000    -0.01294     0.00000
     3.09000    -0.00030    -0.00180     0.00139     0.00000     0.00000     0.00000    -0.01291     0.00000
     3.09500    -0.00029    -0.00179     0.00138     0.00000     0.00000     0.00000    -0.01288     0.00000
     3.10000    -0.00029    -0.00177     0.00137     0.00000     0.00000     0.00000    -0.01285     0.00000
     3.10500    -0.00029    -0.00176     0.00135     0.00000     0.00000     0.00000    -0.01282     0.00000
     3.11000    -0.00029    -0.00174     0.00134     0.00000     0.00000     0.00000    -0.01279     0.00000
     3.11500    -0.00029    -0.00173     0.00133     0.00000     0.00000     0.00000    -0.01275     0.00000
     3.12000    -0.00029    -0.00171     0.00132     0.00000     0.00000     0.00000    -0.01272     0.00000
     3.12500    -0.00029    -0.00170     0.00131     0.00000     0.00000     0.00000    -0.01269     0.00000
     3.13000    -0.00029    -0.00168     0.00130     0.00000     0.00000     0.00000    -0.01266     0.00000
     3.13500    -0.00029    -0.00167     0.00128     0.00000     0.00000     0.00000    -0.01263     0.00000
     3.14000    -0.00029    -0.00165     0.00127     0.00000     0.00000     0.00000    -0.01260     0.00000
     3.14500    -0.00029    -0.00164     0.00126     0.00000     0.00000     0.00000    -0.01257     0.00000
     3.15000    -0.00029    -0.00163     0.00125     0.00000     0.00000     0.00000    -0.01254     0.00000
     3.15500    -0.00029    -0.00161     0.00124     0.00000     0.00000     0.00000    -0.01251     0.00000
     3.16000    -0.00029    -0.00160     0.00123     0.00000     0.00000     0.00000    -0.01248     0.00000
     3.16500    -0.00029    -0.00158     0.00122     0.00000     0.00000     0.00000    -0.01245     0.00000
     3.17000    -0.00029    -0.00157     0.00121     0.00000     0.00000     0.00000    -0.01242     0.00000
     3.17500    -0.00029    -0.00156     0.00120     0.00000     0.00000     0.00000    -0.01239     0.00000
     3.18000    -0.00029    -0.00154     0.00119     0.00000     0.00000     0.00000    -0.01236     0.00000
     3.18500    -0.00029    -0.00153     0.00118     0.00000     0.00000     0.00000    -0.01233     0.00000
     3.19000    -0.00029    -0.00152     0.00117     0.00000     0.00000     0.00000    -0.01230     0.00000
     3.19500    -0.00029    -0.00150     0.00116     0.00000     0.00000     0.00000    -0.01227     0.00000
     3.20000    -0.00029    -0.00149     0.00115     0.00000     0.00000     0.00000    -0.01224     0.00000
     3.20500    -0.00028    -0.00148     0.00114     0.00000     0.00000     0.00000    -0.01221     0.00000
     3.21000    -0.00028    -0.00147     0.00113     0.00000     0.00000     0.00000    -0.01219     0.00000
     3.21500    -0.00028    -0.00145     0.00112     0.00000     0.00000     0.00000    -0.01216     0.00000
     3.22000    -0.00028    -0.00144     0.00111     0.00000     0.00000     0.00000    -0.01213     0.00000
     3.22500    -0.00028    -0.00143     0.00110     0.00000     0.00000     0.00000    -0.01210     0.00000
     3.23000    -0.00028    -0.00142     0.00109     0.00000     0.00000     0.00000    -0.01207     0.00000
     3.23500    -0.00028    -0.00140     0.00108     0.00000     0.00000     0.00000    -0.01204     0.00000
     3.24000    -0.00028    -0.00139     0.00107     0.00000     0.00000     0.00000    -0.01201     0.00000
     3.24500    -0.00028    -0.00138     0.00106     0.00000     0.00000     0.00000    -0.01199     0.00000
     3.25000    -0.00028    -0.00137     0.00105     0.00000     0.00000     0.00000    -0.01196     0.00000
     3.25500    -0.00028    -0.00136     0.00104     0.00000     0.00000     0.00000    -0.01193     0.00000
     3.26000    -0.00028    -0.00135     0.00103     0.00000     0.00000     0.00000    -0.01190     0.00000
     3.26500    -0.00028    -0.00133     0.00102     0.00000     0.00000     0.00000    -0.01187     0.00000
     3.27000    -0.00028    -0.00132     0.00102     0.00000     0.00000     0.00000    -0.01185     0.00000
     3.27500    -0.00028    -0.00131     0.00101     0.00000     0.00000     0.00000    -0.01182     0.00000
     3.28000    -0.00028    -0.00130     0.00100     0.00000     0.00000     0.00000    -0.01179     0.00000
     3.28500    -0.00028    -0.00129     0.00099     0.00000     0.00000     0.00000    -0.01176     0.00000
     3.29000    -0.00027    -0.00128     0.00098     0.00000     0.00000     0.00000    -0.01174     0.00000
     3.29500    -0.00027    -0.00127     0.00097     0.00000     0.00000     0.00000    -0.01171     0.00000
     3.30000    -0.00027    -0.00126     0.00096     0.00000     0.00000     0.00000    -0.01168     0.00000
     3.30500    -0.00027    -0.00125     0.00096     0.00000     0.00000     0.00000    -0.01165     0.00000
     3.31000    -0.00027    -0.00123     0.00095     0.00000     0.00000     0.00000    -0.01163     0.00000
     3.31500    -0.00027    -0.00122     0.00094     0.00000     0.00000     0.00000    -0.01160     0.00000
     3.32000    -0.00027    -0.00121     0.00093     0.00000     0.00000     0.00000    -0.01157     0.00000
     3.32500    -0.00027    -0.00120     0.00092     0.00000     0.00000     0.00000    -0.01155     0.00000
     3.33000    -0.00027    -0.00119     0.00092     0.00000     0.00000     0.00000    -0.01152     0.00000
     3.33500    -0.00027    -0.00118     0.00091     0.00000     0.00000     0.00000    -0.01149     0.00000
     3.34000    -0.00027    -0.00117     0.00090     0.00000     0.00000     0.00000    -0.01147     0.00000
     3.34500    -0.00027    -0.00116     0.00089     0.00000     0.00000     0.00000    -0.01144     0.00000
     3.35000    -0.00027    -0.00115     0.00088     0.00000     0.00000     0.00000    -0.01141     0.00000
     3.35500    -0.00027    -0.00114     0.00088     0.00000     0.00000     0.00000    -0.01139     0.00000
     3.36000    -0.00027    -0.00113     0.00087     0.00000     0.00000     0.00000    -0.01136     0.00000
     3.36500    -0.00026    -0.00112     0.00086     0.00000     0.00000     0.00000    -0.01134     0.00000
     3.37000    -0.00026    -0.00111     0.00085     0.00000     0.00000     0.00000    -0.01131     0.00000
     3.37500    -0.00026    -0.00110     0.00085     0.00000     0.00000     0.00000    -0.01128     0.00000
     3.38000    -0.00026    -0.00109     0.00084     0.00000     0.00000     0.00000    -0.01126     0.00000
     3.38500    -0.00026    -0.00109     0.00083     0.00000     0.00000     0.00000    -0.01123     0.00000
     3.39000    -0.00026    -0.00108     0.00083     0.00000     0.00000     0.00000    -0.01121     0.00000
     3.39500    -0.00026    -0.00107     0.00082     0.00000     0.00000     0.00000    -0.01118     0.00000
     3.40000    -0.00026    -0.00106     0.00081     0.00000     0.00000     0.00000    -0.01116     0.00000
     3.40500    -0.00026    -0.00105     0.00081     0.00000     0.00000     0.00000    -0.01113     0.00000
     3.41000    -0.00026    -0.00104     0.00080     0.00000     0.00000     0.00000    -0.01111     0.00000
     3.41500    -0.00026    -0.00103     0.00079     0.00000     0.00000     0.00000    -0.01108     0.00000
     3.42000    -0.00026    -0.00102     0.00078     0.00000     0.00000     0.00000    -0.01106     0.00000
     3.42500    -0.00026    -0.00101     0.00078     0.00000     0.00000     0.00000    -0.01103     0.00000
     3.43000    -0.00026    -0.00101     0.00077     0.00000     0.00000     0.00000    -0.01101     0.00000
     3.43500    -0.00025    -0.00100     0.00076     0.00000     0.00000     0.00000    -0.01098     0.00000
     3.44000    -0.00025    -0.00099     0.00076     0.00000     0.00000     0.00000    -0.01096     0.00000
     3.44500    -0.00025    -0.00098     0.00075     0.00000     0.00000     0.00000    -0.01093     0.00000
     3.45000    -0.00025    -0.00097     0.00075     0.00000     0.00000     0.00000    -0.01091     0.00000
     3.45500    -0.00025    -0.00096     0.00074     0.00000     0.00000     0.00000    -0.01088     0.00000
     3.46000    -0.00025    -0.00095     0.00073     0.00000     0.00000     0.00000    -0.01086     0.00000
     3.46500    -0.00025    -0.00095     0.00073     0.00000     0.00000     0.00000    -0.01083     0.00000
     3.47000    -0.00025    -0.00094     0.00072     0.00000     0.00000     0.00000    -0.01081     0.00000
     3.47500    -0.00025    -0.00093     0.00071     0.00000     0.00000     0.00000    -0.01078     0.00000
     3.48000    -0.00025    -0.00092     0.00071     0.00000     0.00000     0.00000    -0.01076     0.00000
     3.48500    -0.00025    -0.00091     0.00070     0.00000     0.00000     0.00000    -0.01074     0.00000
     3.49000    -0.00025    -0.00091     0.00070     0.00000     0.00000     0.00000    -0.01071     0.00000
     3.49500    -0.00025    -0.00090     0.00069     0.00000     0.00000     0.00000    -0.01069     0.00000
     3.50000    -0.00024    -0.00089     0.00068     0.00000     0.00000     0.00000    -0.01067     0.00000
     3.50500    -0.00024    -0.00088     0.00068     0.00000     0.00000     0.00000    -0.01064     0.00000
     3.51000    -0.00024    -0.00088     0.00067     0.00000     0.00000     0.00000    -0.01062     0.00000
     3.51500    -0.00024    -0.00087     0.00067     0.00000     0.00000     0.00000    -0.01059     0.00000
     3.52000    -0.00024    -0.00086     0.00066     0.00000     0.00000     0.00000    -0.01057     0.00000
     3.52500    -0.00024    -0.00085     0.00066     0.00000     0.00000     0.00000    -0.01055     0.00000
     3.53000    -0.00024    -0.00085     0.00065     0.00000     0.00000     0.00000    -0.01052     0.00000
     3.53500    -0.00024    -0.00084     0.00065     0.00000     0.00000     0.00000    -0.01050     0.00000
     3.54000    -0.00024    -0.00083     0.00064     0.00000     0.00000     0.00000    -0.01048     0.00000
     3.54500    -0.00024    -0.00083     0.00063     0.00000     0.00000     0.00000    -0.01046     0.00000
     3.55000    -0.00024    -0.00082     0.00063     0.00000     0.00000     0.00000    -0.01043     0.00000
     3.55500    -0.00024    -0.00081     0.00062     0.00000     0.00000     0.00000    -0.01041     0.00000
     3.56000    -0.00024    -0.00080     0.00062     0.00000     0.00000     0.00000    -0.01039     0.00000
     3.56500    -0.00023    -0.00080     0.00061     0.00000     0.00000     0.00000    -0.01036     0.00000
     3.57000    -0.00023    -0.00079     0.00061     0.00000     0.00000     0.00000    -0.01034     0.00000
     3.57500    -0.00023    -0.00078     0.00060     0.00000     0.00000     0.00000    -0.01032     0.00000
     3.58000    -0.00023    -0.00078     0.00060     0.00000     0.00000     0.00000    -0.01030     0.00000
     3.58500    -0.00023    -0.00077     0.00059     0.00000     0.00000     0.00000    -0.01027     0.00000
     3.59000    -0.00023    -0.00076     0.00059     0.00000     0.00000     0.00000    -0.01025     0.00000
     3.59500    -0.00023    -0.00076     0.00058     0.00000     0.00000     0.00000    -0.01023     0.00000
     3.60000    -0.00023    -0.00075     0.00058     0.00000     0.00000     0.00000    -0.01021     0.00000
     3.60500    -0.00023    -0.00075     0.00057     0.00000     0.00000     0.00000    -0.01018     0.00000
     3.61000    -0.00023    -0.00074     0.00057     0.00000     0.00000     0.00000    -0.01016     0.00000
     3.61500    -0.00023    -0.00073     0.00056     0.00000     0.00000     0.00000    -0.01014     0.00000
     3.62000    -0.00023    -0.00073     0.00056     0.00000     0.00000     0.00000    -0.01012     0.00000
     3.62500    -0.00022    -0.00072     0.00055     0.00000     0.00000     0.00000    -0.01010     0.00000
     3.63000    -0.00022    -0.00071     0.00055     0.00000     0.00000     0.00000    -0.01007     0.00000
     3.63500    -0.00022    -0.00071     0.00054     0.00000     0.00000     0.00000    -0.01005     0.00000
     3.64000    -0.00022    -0.00070     0.00054     0.00000     0.00000     0.00000    -0.01003     0.00000
     3.64500    -0.00022    -0.00070     0.00054     0.00000     0.00000     0.00000    -0.01001     0.00000
     3.65000    -0.00022    -0.00069     0.00053     0.00000     0.00000     0.00000    -0.00999     0.00000
     3.65500    -0.00022    -0.00068     0.00053     0.00000     0.00000     0.00000    -0.00997     0.00000
     3.66000    -0.00022    -0.00068     0.00052     0.00000     0.00000     0.00000    -0.00995     0.00000
     3.66500    -0.00022    -0.00067     0.00052     0.00000     0.00000     0.00000    -0.00992     0.00000
     3.67000    -0.00022    -0.00067     0.00051     0.00000     0.00000     0.00000    -0.00990     0.00000
     3.67500    -0.00022    -0.00066     0.00051     0.00000     0.00000     0.00000    -0.00988     0.00000
     3.68000    -0.00022    -0.00066     0.00051     0.00000     0.00000     0.00000    -0.00986     0.00000
     3.68500    -0.00022    -0.00065     0.00050     0.00000     0.00000     0.00000    -0.00984     0.00000
     3.69000    -0.00021    -0.00065     0.00050     0.00000     0.00000     0.00000    -0.00982     0.00000
     3.69500    -0.00021    -0.00064     0.00049     0.00000     0.00000     0.00000    -0.00980     0.00000
     3.70000    -0.00021    -0.00063     0.00049     0.00000     0.00000     0.00000    -0.00978     0.00000
     3.70500    -0.00021    -0.00063     0.00048     0.00000     0.00000     0.00000    -0.00976     0.00000
     3.71000    -0.00021    -0.00062     0.00048     0.00000     0.00000     0.00000    -0.00974     0.00000
     3.71500    -0.00021    -0.00062     0.00048     0.00000     0.00000     0.00000    -0.00971     0.00000
     3.72000    -0.00021    -0.00061     0.00047     0.00000     0.00000     0.00000    -0.00969     0.00000
     3.72500    -0.00021    -0.00061     0.00047     0.00000     0.00000     0.00000    -0.00967     0.00000
     3.73000    -0.00021    -0.00060     0.00046     0.00000     0.00000     0.00000    -0.00965     0.00000
     3.73500    -0.00021    -0.00060     0.00046     0.00000     0.00000     0.00000    -0.00963     0.00000
     3.74000    -0.00021    -0.00059     0.00046     0.00000     0.00000     0.00000    -0.00961     0.00000
     3.74500    -0.00021    -0.00059     0.00045     0.00000     0.00000     0.00000    -0.00959     0.00000
     3.75000    -0.00021    -0.00058     0.00045     0.00000     0.00000     0.00000    -0.00957     0.00000
     3.75500    -0.00020    -0.00058     0.00045     0.00000     0.00000     0.00000    -0.00955     0.00000
     3.76000    -0.00020    -0.00057     0.00044     0.00000     0.00000     0.00000    -0.00953     0.00000
     3.76500    -0.00020    -0.00057     0.00044     0.00000     0.00000     0.00000    -0.00951     0.00000
     3.77000    -0.00020    -0.00056     0.00043     0.00000     0.00000     0.00000    -0.00949     0.00000
     3.77500    -0.00020    -0.00056     0.00043     0.00000     0.00000     0.00000    -0.00947     0.00000
     3.78000    -0.00020    -0.00055     0.00043     0.00000     0.00000     0.00000    -0.00945     0.00000
     3.78500    -0.00020    -0.00055     0.00042     0.00000     0.00000     0.00000    -0.00943     0.00000
     3.79000    -0.00020    -0.00054     0.00042     0.00000     0.00000     0.00000    -0.00941     0.00000
     3.79500    -0.00020    -0.00054     0.00042     0.00000     0.00000     0.00000    -0.00939     0.00000
     3.80000    -0.00020    -0.00054     0.00041     0.00000     0.00000     0.00000    -0.00937     0.00000
     3.80500    -0.00020    -0.00053     0.00041     0.00000     0.00000     0.00000    -0.00935     0.00000
     3.81000    -0.00020    -0.00053     0.00041     0.00000     0.00000     0.00000    -0.00934     0.00000
     3.81500    -0.00020    -0.00052     0.00040     0.00000     0.00000     0.00000    -0.00932     0.00000
     3.82000    -0.00019    -0.00052     0.00040     0.00000     0.00000     0.00000    -0.00930     0.00000
     3.82500    -0.00019    -0.00051     0.00040     0.00000     0.00000     0.00000    -0.00928     0.00000
     3.83000    -0.00019    -0.00051     0.00039     0.00000     0.00000     0.00000    -0.00926     0.00000
     3.83500    -0.00019    -0.00050     0.00039     0.00000     0.00000     0.00000    -0.00924     0.00000
     3.84000    -0.00019    -0.00050     0.00039     0.00000     0.00000     0.00000    -0.00922     0.00000
     3.84500    -0.00019    -0.00050     0.00038     0.00000     0.00000     0.00000    -0.00920     0.00000
     3.85000    -0.00019    -0.00049     0.00038     0.00000     0.00000     0.00000    -0.00918     0.00000
     3.85500    -0.00019    -0.00049     0.00038     0.00000     0.00000     0.00000    -0.00916     0.00000
     3.86000    -0.00019    -0.00048     0.00037     0.00000     0.00000     0.00000    -0.00914     0.00000
     3.86500    -0.00019    -0.00048     0.00037     0.00000     0.00000     0.00000    -0.00913     0.00000
     3.87000    -0.00019    -0.00048     0.00037     0.00000     0.00000     0.00000    -0.00911     0.00000
     3.87500    -0.00019    -0.00047     0.00036     0.00000     0.00000     0.00000    -0.00909     0.00000
     3.88000    -0.00019    -0.00047     0.00036     0.00000     0.00000     0.00000    -0.00907     0.00000
     3.88500    -0.00018    -0.00046     0.00036     0.00000     0.00000     0.00000    -0.00905     0.00000
     3.89000    -0.00018    -0.00046     0.00036     0.00000     0.00000     0.00000    -0.00903     0.00000
     3.89500    -0.00018    -0.00046     0.00035     0.00000     0.00000     0.00000    -0.00901     0.00000
     3.90000    -0.00018    -0.00045     0.00035     0.00000     0.00000     0.00000    -0.00900     0.00000
     3.90500    -0.00018    -0.00045     0.00035     0.00000     0.00000     0.00000    -0.00898     0.00000
     3.91000    -0.00018    -0.00044     0.00034     0.00000     0.00000     0.00000    -0.00896     0.00000
     3.91500    -0.00018    -0.00044     0.00034     0.00000     0.00000     0.00000    -0.00894     0.00000
     3.92000    -0.00018    -0.00044     0.00034     0.00000     0.00000     0.00000    -0.00892     0.00000
     3.92500    -0.00018    -0.00043     0.00034     0.00000     0.00000     0.00000    -0.00890     0.00000
     3.93000    -0.00018    -0.00043     0.00033     0.00000     0.00000     0.00000    -0.00889     0.00000
     3.93500    -0.00018    -0.00043     0.00033     0.00000     0.00000     0.00000    -0.00887     0.00000
     3.94000    -0.00018    -0.00042     0.00033     0.00000     0.00000     0.00000    -0.00885     0.00000
     3.94500    -0.00018    -0.00042     0.00033     0.00000     0.00000     0.00000    -0.00883     0.00000
     3.95000    -0.00017    -0.00042     0.00032     0.00000     0.00000     0.00000    -0.00881     0.00000
     3.95500    -0.00017    -0.00041     0.00032     0.00000     0.00000     0.00000    -0.00880     0.00000
     3.96000    -0.00017    -0.00041     0.00032     0.00000     0.00000     0.00000    -0.00878     0.00000
     3.96500    -0.00017    -0.00041     0.00031     0.00000     0.00000     0.00000    -0.00876     0.00000
     3.97000    -0.00017    -0.00040     0.00031     0.00000     0.00000     0.00000    -0.00874     0.00000
     3.97500    -0.00017    -0.00040     0.00031     0.00000     0.00000     0.00000    -0.00873     0.00000
     3.98000    -0.00017    -0.00039     0.00031     0.00000     0.00000     0.00000    -0.00871     0.00000
     3.98500    -0.00017    -0.00039     0.00030     0.00000     0.00000     0.00000    -0.00869     0.00000
     3.99000    -0.00017    -0.00039     0.00030     0.00000     0.00000     0.00000    -0.00867     0.00000
     3.99500    -0.00017    -0.00039     0.00030     0.00000     0.00000     0.00000    -0.00866     0.00000
     4.00000    -0.00017    -0.00038     0.00030     0.00000     0.00000     0.00000    -0.00864     0.00000
