 # F35_1905 FF
     0.00000     0.00868     0.38866    -0.61071     0.00000     0.00000     0.00000     0.00000     0.00000
     0.00500     0.00856     0.38167    -0.59904     0.00000     0.00000     0.00000     0.00000     0.00000
     0.01000     0.00845     0.37483    -0.58762     0.00000     0.00000     0.00000     0.00000     0.00000
     0.01500     0.00834     0.36812    -0.57644     0.00000     0.00000     0.00000     0.00000     0.00000
     0.02000     0.00823     0.36155    -0.56551     0.00000     0.00000     0.00000     0.00000     0.00000
     0.02500     0.00812     0.35511    -0.55481     0.00000     0.00000     0.00000     0.00000     0.00000
     0.03000     0.00801     0.34881    -0.54434     0.00000     0.00000     0.00000     0.00000     0.00000
     0.03500     0.00790     0.34263    -0.53409     0.00000     0.00000     0.00000     0.00000     0.00000
     0.04000     0.00780     0.33658    -0.52406     0.00000     0.00000     0.00000     0.00000     0.00000
     0.04500     0.00769     0.33065    -0.51424     0.00000     0.00000     0.00000     0.00000     0.00000
     0.05000     0.00759     0.32483    -0.50463     0.00000     0.00000     0.00000     0.00000     0.00000
     0.05500     0.00749     0.31914    -0.49522     0.00000     0.00000     0.00000     0.00000     0.00000
     0.06000     0.00739     0.31355    -0.48600     0.00000     0.00000     0.00000     0.00000     0.00000
     0.06500     0.00730     0.30808    -0.47698     0.00000     0.00000     0.00000     0.00000     0.00000
     0.07000     0.00720     0.30271    -0.46815     0.00000     0.00000     0.00000     0.00000     0.00000
     0.07500     0.00711     0.29745    -0.45949     0.00000     0.00000     0.00000     0.00000     0.00000
     0.08000     0.00701     0.29230    -0.45102     0.00000     0.00000     0.00000     0.00000     0.00000
     0.08500     0.00692     0.28724    -0.44272     0.00000     0.00000     0.00000     0.00000     0.00000
     0.09000     0.00683     0.28228    -0.43460     0.00000     0.00000     0.00000     0.00000     0.00000
     0.09500     0.00674     0.27742    -0.42664     0.00000     0.00000     0.00000     0.00000     0.00000
     0.10000     0.00665     0.27266    -0.41884     0.00000     0.00000     0.00000     0.00000     0.00000
     0.10500     0.00657     0.26799    -0.41120     0.00000     0.00000     0.00000     0.00000     0.00000
     0.11000     0.00648     0.26340    -0.40372     0.00000     0.00000     0.00000     0.00000     0.00000
     0.11500     0.00640     0.25891    -0.39639     0.00000     0.00000     0.00000     0.00000     0.00000
     0.12000     0.00631     0.25450    -0.38920     0.00000     0.00000     0.00000     0.00000     0.00000
     0.12500     0.00623     0.25017    -0.38217     0.00000     0.00000     0.00000     0.00000     0.00000
     0.13000     0.00615     0.24593    -0.37527     0.00000     0.00000     0.00000     0.00000     0.00000
     0.13500     0.00607     0.24177    -0.36851     0.00000     0.00000     0.00000     0.00000     0.00000
     0.14000     0.00599     0.23769    -0.36189     0.00000     0.00000     0.00000     0.00000     0.00000
     0.14500     0.00591     0.23368    -0.35540     0.00000     0.00000     0.00000     0.00000     0.00000
     0.15000     0.00584     0.22975    -0.34904     0.00000     0.00000     0.00000     0.00000     0.00000
     0.15500     0.00576     0.22590    -0.34280     0.00000     0.00000     0.00000     0.00000     0.00000
     0.16000     0.00569     0.22212    -0.33669     0.00000     0.00000     0.00000     0.00000     0.00000
     0.16500     0.00561     0.21840    -0.33070     0.00000     0.00000     0.00000     0.00000     0.00000
     0.17000     0.00554     0.21476    -0.32483     0.00000     0.00000     0.00000     0.00000     0.00000
     0.17500     0.00547     0.21119    -0.31907     0.00000     0.00000     0.00000     0.00000     0.00000
     0.18000     0.00540     0.20768    -0.31342     0.00000     0.00000     0.00000     0.00000     0.00000
     0.18500     0.00533     0.20423    -0.30789     0.00000     0.00000     0.00000     0.00000     0.00000
     0.19000     0.00526     0.20085    -0.30246     0.00000     0.00000     0.00000     0.00000     0.00000
     0.19500     0.00519     0.19754    -0.29714     0.00000     0.00000     0.00000     0.00000     0.00000
     0.20000     0.00513     0.19428    -0.29193     0.00000     0.00000     0.00000     0.00000     0.00000
     0.20500     0.00506     0.19108    -0.28681     0.00000     0.00000     0.00000     0.00000     0.00000
     0.21000     0.00500     0.18795    -0.28179     0.00000     0.00000     0.00000     0.00000     0.00000
     0.21500     0.00493     0.18487    -0.27687     0.00000     0.00000     0.00000     0.00000     0.00000
     0.22000     0.00487     0.18184    -0.27205     0.00000     0.00000     0.00000     0.00000     0.00000
     0.22500     0.00481     0.17887    -0.26732     0.00000     0.00000     0.00000     0.00000     0.00000
     0.23000     0.00475     0.17595    -0.26267     0.00000     0.00000     0.00000     0.00000     0.00000
     0.23500     0.00469     0.17309    -0.25812     0.00000     0.00000     0.00000     0.00000     0.00000
     0.24000     0.00463     0.17028    -0.25365     0.00000     0.00000     0.00000     0.00000     0.00000
     0.24500     0.00457     0.16752    -0.24927     0.00000     0.00000     0.00000     0.00000     0.00000
     0.25000     0.00451     0.16481    -0.24497     0.00000     0.00000     0.00000     0.00000     0.00000
     0.25500     0.00445     0.16215    -0.24076     0.00000     0.00000     0.00000     0.00000     0.00000
     0.26000     0.00439     0.15953    -0.23662     0.00000     0.00000     0.00000     0.00000     0.00000
     0.26500     0.00434     0.15696    -0.23256     0.00000     0.00000     0.00000     0.00000     0.00000
     0.27000     0.00428     0.15444    -0.22858     0.00000     0.00000     0.00000     0.00000     0.00000
     0.27500     0.00423     0.15196    -0.22467     0.00000     0.00000     0.00000     0.00000     0.00000
     0.28000     0.00418     0.14953    -0.22083     0.00000     0.00000     0.00000     0.00000     0.00000
     0.28500     0.00412     0.14714    -0.21707     0.00000     0.00000     0.00000     0.00000     0.00000
     0.29000     0.00407     0.14479    -0.21338     0.00000     0.00000     0.00000     0.00000     0.00000
     0.29500     0.00402     0.14248    -0.20975     0.00000     0.00000     0.00000     0.00000     0.00000
     0.30000     0.00397     0.14021    -0.20620     0.00000     0.00000     0.00000     0.00000     0.00000
     0.30500     0.00392     0.13799    -0.20271     0.00000     0.00000     0.00000     0.00000     0.00000
     0.31000     0.00387     0.13580    -0.19928     0.00000     0.00000     0.00000     0.00000     0.00000
     0.31500     0.00382     0.13365    -0.19592     0.00000     0.00000     0.00000     0.00000     0.00000
     0.32000     0.00377     0.13154    -0.19261     0.00000     0.00000     0.00000     0.00000     0.00000
     0.32500     0.00372     0.12946    -0.18937     0.00000     0.00000     0.00000     0.00000     0.00000
     0.33000     0.00368     0.12742    -0.18619     0.00000     0.00000     0.00000     0.00000     0.00000
     0.33500     0.00363     0.12542    -0.18307     0.00000     0.00000     0.00000     0.00000     0.00000
     0.34000     0.00359     0.12345    -0.18001     0.00000     0.00000     0.00000     0.00000     0.00000
     0.34500     0.00354     0.12151    -0.17700     0.00000     0.00000     0.00000     0.00000     0.00000
     0.35000     0.00350     0.11961    -0.17404     0.00000     0.00000     0.00000     0.00000     0.00000
     0.35500     0.00345     0.11774    -0.17114     0.00000     0.00000     0.00000     0.00000     0.00000
     0.36000     0.00341     0.11590    -0.16829     0.00000     0.00000     0.00000     0.00000     0.00000
     0.36500     0.00337     0.11409    -0.16550     0.00000     0.00000     0.00000     0.00000     0.00000
     0.37000     0.00332     0.11232    -0.16275     0.00000     0.00000     0.00000     0.00000     0.00000
     0.37500     0.00328     0.11057    -0.16005     0.00000     0.00000     0.00000     0.00000     0.00000
     0.38000     0.00324     0.10886    -0.15740     0.00000     0.00000     0.00000     0.00000     0.00000
     0.38500     0.00320     0.10717    -0.15480     0.00000     0.00000     0.00000     0.00000     0.00000
     0.39000     0.00316     0.10551    -0.15225     0.00000     0.00000     0.00000     0.00000     0.00000
     0.39500     0.00312     0.10388    -0.14974     0.00000     0.00000     0.00000     0.00000     0.00000
     0.40000     0.00308     0.10228    -0.14728     0.00000     0.00000     0.00000     0.00000     0.00000
     0.40500     0.00304     0.10070    -0.14486     0.00000     0.00000     0.00000     0.00000     0.00000
     0.41000     0.00301     0.09915    -0.14248     0.00000     0.00000     0.00000     0.00000     0.00000
     0.41500     0.00297     0.09763    -0.14015     0.00000     0.00000     0.00000     0.00000     0.00000
     0.42000     0.00293     0.09613    -0.13786     0.00000     0.00000     0.00000     0.00000     0.00000
     0.42500     0.00290     0.09466    -0.13560     0.00000     0.00000     0.00000     0.00000     0.00000
     0.43000     0.00286     0.09321    -0.13339     0.00000     0.00000     0.00000     0.00000     0.00000
     0.43500     0.00282     0.09179    -0.13122     0.00000     0.00000     0.00000     0.00000     0.00000
     0.44000     0.00279     0.09039    -0.12908     0.00000     0.00000     0.00000     0.00000     0.00000
     0.44500     0.00276     0.08901    -0.12699     0.00000     0.00000     0.00000     0.00000     0.00000
     0.45000     0.00272     0.08766    -0.12493     0.00000     0.00000     0.00000     0.00000     0.00000
     0.45500     0.00269     0.08633    -0.12290     0.00000     0.00000     0.00000     0.00000     0.00000
     0.46000     0.00265     0.08502    -0.12091     0.00000     0.00000     0.00000     0.00000     0.00000
     0.46500     0.00262     0.08373    -0.11896     0.00000     0.00000     0.00000     0.00000     0.00000
     0.47000     0.00259     0.08246    -0.11704     0.00000     0.00000     0.00000     0.00000     0.00000
     0.47500     0.00256     0.08122    -0.11515     0.00000     0.00000     0.00000     0.00000     0.00000
     0.48000     0.00253     0.07999    -0.11330     0.00000     0.00000     0.00000     0.00000     0.00000
     0.48500     0.00249     0.07878    -0.11148     0.00000     0.00000     0.00000     0.00000     0.00000
     0.49000     0.00246     0.07760    -0.10969     0.00000     0.00000     0.00000     0.00000     0.00000
     0.49500     0.00243     0.07643    -0.10793     0.00000     0.00000     0.00000     0.00000     0.00000
     0.50000     0.00240     0.07528    -0.10620     0.00000     0.00000     0.00000     0.00000     0.00000
     0.50500     0.00237     0.07415    -0.10450     0.00000     0.00000     0.00000     0.00000     0.00000
     0.51000     0.00234     0.07304    -0.10283     0.00000     0.00000     0.00000     0.00000     0.00000
     0.51500     0.00232     0.07195    -0.10119     0.00000     0.00000     0.00000     0.00000     0.00000
     0.52000     0.00229     0.07088    -0.09958     0.00000     0.00000     0.00000     0.00000     0.00000
     0.52500     0.00226     0.06982    -0.09799     0.00000     0.00000     0.00000     0.00000     0.00000
     0.53000     0.00223     0.06878    -0.09644     0.00000     0.00000     0.00000     0.00000     0.00000
     0.53500     0.00220     0.06776    -0.09490     0.00000     0.00000     0.00000     0.00000     0.00000
     0.54000     0.00218     0.06675    -0.09340     0.00000     0.00000     0.00000     0.00000     0.00000
     0.54500     0.00215     0.06576    -0.09192     0.00000     0.00000     0.00000     0.00000     0.00000
     0.55000     0.00212     0.06478    -0.09047     0.00000     0.00000     0.00000     0.00000     0.00000
     0.55500     0.00210     0.06382    -0.08904     0.00000     0.00000     0.00000     0.00000     0.00000
     0.56000     0.00207     0.06288    -0.08763     0.00000     0.00000     0.00000     0.00000     0.00000
     0.56500     0.00205     0.06195    -0.08625     0.00000     0.00000     0.00000     0.00000     0.00000
     0.57000     0.00202     0.06103    -0.08489     0.00000     0.00000     0.00000     0.00000     0.00000
     0.57500     0.00200     0.06013    -0.08356     0.00000     0.00000     0.00000     0.00000     0.00000
     0.58000     0.00197     0.05925    -0.08224     0.00000     0.00000     0.00000     0.00000     0.00000
     0.58500     0.00195     0.05838    -0.08095     0.00000     0.00000     0.00000     0.00000     0.00000
     0.59000     0.00192     0.05752    -0.07968     0.00000     0.00000     0.00000     0.00000     0.00000
     0.59500     0.00190     0.05668    -0.07844     0.00000     0.00000     0.00000     0.00000     0.00000
     0.60000     0.00188     0.05585    -0.07721     0.00000     0.00000     0.00000     0.00000     0.00000
     0.60500     0.00186     0.05503    -0.07600     0.00000     0.00000     0.00000     0.00000     0.00000
     0.61000     0.00183     0.05422    -0.07482     0.00000     0.00000     0.00000     0.00000     0.00000
     0.61500     0.00181     0.05343    -0.07365     0.00000     0.00000     0.00000     0.00000     0.00000
     0.62000     0.00179     0.05265    -0.07251     0.00000     0.00000     0.00000     0.00000     0.00000
     0.62500     0.00177     0.05188    -0.07138     0.00000     0.00000     0.00000     0.00000     0.00000
     0.63000     0.00175     0.05113    -0.07027     0.00000     0.00000     0.00000     0.00000     0.00000
     0.63500     0.00172     0.05038    -0.06918     0.00000     0.00000     0.00000     0.00000     0.00000
     0.64000     0.00170     0.04965    -0.06811     0.00000     0.00000     0.00000     0.00000     0.00000
     0.64500     0.00168     0.04893    -0.06705     0.00000     0.00000     0.00000     0.00000     0.00000
     0.65000     0.00166     0.04822    -0.06601     0.00000     0.00000     0.00000     0.00000     0.00000
     0.65500     0.00164     0.04752    -0.06499     0.00000     0.00000     0.00000     0.00000     0.00000
     0.66000     0.00162     0.04684    -0.06399     0.00000     0.00000     0.00000     0.00000     0.00000
     0.66500     0.00160     0.04616    -0.06300     0.00000     0.00000     0.00000     0.00000     0.00000
     0.67000     0.00158     0.04549    -0.06203     0.00000     0.00000     0.00000     0.00000     0.00000
     0.67500     0.00156     0.04484    -0.06108     0.00000     0.00000     0.00000     0.00000     0.00000
     0.68000     0.00154     0.04419    -0.06014     0.00000     0.00000     0.00000     0.00000     0.00000
     0.68500     0.00153     0.04355    -0.05922     0.00000     0.00000     0.00000     0.00000     0.00000
     0.69000     0.00151     0.04293    -0.05831     0.00000     0.00000     0.00000     0.00000     0.00000
     0.69500     0.00149     0.04231    -0.05741     0.00000     0.00000     0.00000     0.00000     0.00000
     0.70000     0.00147     0.04170    -0.05654     0.00000     0.00000     0.00000     0.00000     0.00000
     0.70500     0.00145     0.04111    -0.05567     0.00000     0.00000     0.00000     0.00000     0.00000
     0.71000     0.00144     0.04052    -0.05482     0.00000     0.00000     0.00000     0.00000     0.00000
     0.71500     0.00142     0.03994    -0.05398     0.00000     0.00000     0.00000     0.00000     0.00000
     0.72000     0.00140     0.03937    -0.05316     0.00000     0.00000     0.00000     0.00000     0.00000
     0.72500     0.00138     0.03881    -0.05235     0.00000     0.00000     0.00000     0.00000     0.00000
     0.73000     0.00137     0.03825    -0.05155     0.00000     0.00000     0.00000     0.00000     0.00000
     0.73500     0.00135     0.03771    -0.05077     0.00000     0.00000     0.00000     0.00000     0.00000
     0.74000     0.00134     0.03717    -0.05000     0.00000     0.00000     0.00000     0.00000     0.00000
     0.74500     0.00132     0.03664    -0.04924     0.00000     0.00000     0.00000     0.00000     0.00000
     0.75000     0.00130     0.03612    -0.04849     0.00000     0.00000     0.00000     0.00000     0.00000
     0.75500     0.00129     0.03561    -0.04776     0.00000     0.00000     0.00000     0.00000     0.00000
     0.76000     0.00127     0.03510    -0.04704     0.00000     0.00000     0.00000     0.00000     0.00000
     0.76500     0.00126     0.03461    -0.04633     0.00000     0.00000     0.00000     0.00000     0.00000
     0.77000     0.00124     0.03412    -0.04563     0.00000     0.00000     0.00000     0.00000     0.00000
     0.77500     0.00123     0.03363    -0.04494     0.00000     0.00000     0.00000     0.00000     0.00000
     0.78000     0.00121     0.03316    -0.04426     0.00000     0.00000     0.00000     0.00000     0.00000
     0.78500     0.00120     0.03269    -0.04359     0.00000     0.00000     0.00000     0.00000     0.00000
     0.79000     0.00118     0.03223    -0.04294     0.00000     0.00000     0.00000     0.00000     0.00000
     0.79500     0.00117     0.03178    -0.04229     0.00000     0.00000     0.00000     0.00000     0.00000
     0.80000     0.00115     0.03133    -0.04166     0.00000     0.00000     0.00000     0.00000     0.00000
     0.80500     0.00114     0.03089    -0.04103     0.00000     0.00000     0.00000     0.00000     0.00000
     0.81000     0.00113     0.03045    -0.04042     0.00000     0.00000     0.00000     0.00000     0.00000
     0.81500     0.00111     0.03003    -0.03981     0.00000     0.00000     0.00000     0.00000     0.00000
     0.82000     0.00110     0.02960    -0.03922     0.00000     0.00000     0.00000     0.00000     0.00000
     0.82500     0.00109     0.02919    -0.03863     0.00000     0.00000     0.00000     0.00000     0.00000
     0.83000     0.00107     0.02878    -0.03805     0.00000     0.00000     0.00000     0.00000     0.00000
     0.83500     0.00106     0.02838    -0.03749     0.00000     0.00000     0.00000     0.00000     0.00000
     0.84000     0.00105     0.02798    -0.03693     0.00000     0.00000     0.00000     0.00000     0.00000
     0.84500     0.00104     0.02759    -0.03638     0.00000     0.00000     0.00000     0.00000     0.00000
     0.85000     0.00102     0.02721    -0.03584     0.00000     0.00000     0.00000     0.00000     0.00000
     0.85500     0.00101     0.02683    -0.03530     0.00000     0.00000     0.00000     0.00000     0.00000
     0.86000     0.00100     0.02645    -0.03478     0.00000     0.00000     0.00000     0.00000     0.00000
     0.86500     0.00099     0.02609    -0.03426     0.00000     0.00000     0.00000     0.00000     0.00000
     0.87000     0.00098     0.02572    -0.03375     0.00000     0.00000     0.00000     0.00000     0.00000
     0.87500     0.00096     0.02536    -0.03325     0.00000     0.00000     0.00000     0.00000     0.00000
     0.88000     0.00095     0.02501    -0.03276     0.00000     0.00000     0.00000     0.00000     0.00000
     0.88500     0.00094     0.02467    -0.03228     0.00000     0.00000     0.00000     0.00000     0.00000
     0.89000     0.00093     0.02432    -0.03180     0.00000     0.00000     0.00000     0.00000     0.00000
     0.89500     0.00092     0.02399    -0.03133     0.00000     0.00000     0.00000     0.00000     0.00000
     0.90000     0.00091     0.02366    -0.03087     0.00000     0.00000     0.00000     0.00000     0.00000
     0.90500     0.00090     0.02333    -0.03041     0.00000     0.00000     0.00000     0.00000     0.00000
     0.91000     0.00089     0.02301    -0.02996     0.00000     0.00000     0.00000     0.00000     0.00000
     0.91500     0.00088     0.02269    -0.02952     0.00000     0.00000     0.00000     0.00000     0.00000
     0.92000     0.00087     0.02238    -0.02909     0.00000     0.00000     0.00000     0.00000     0.00000
     0.92500     0.00086     0.02207    -0.02866     0.00000     0.00000     0.00000     0.00000     0.00000
     0.93000     0.00085     0.02176    -0.02824     0.00000     0.00000     0.00000     0.00000     0.00000
     0.93500     0.00084     0.02146    -0.02783     0.00000     0.00000     0.00000     0.00000     0.00000
     0.94000     0.00083     0.02117    -0.02742     0.00000     0.00000     0.00000     0.00000     0.00000
     0.94500     0.00082     0.02088    -0.02702     0.00000     0.00000     0.00000     0.00000     0.00000
     0.95000     0.00081     0.02059    -0.02662     0.00000     0.00000     0.00000     0.00000     0.00000
     0.95500     0.00080     0.02031    -0.02623     0.00000     0.00000     0.00000     0.00000     0.00000
     0.96000     0.00079     0.02003    -0.02585     0.00000     0.00000     0.00000     0.00000     0.00000
     0.96500     0.00078     0.01976    -0.02547     0.00000     0.00000     0.00000     0.00000     0.00000
     0.97000     0.00077     0.01949    -0.02510     0.00000     0.00000     0.00000     0.00000     0.00000
     0.97500     0.00076     0.01922    -0.02473     0.00000     0.00000     0.00000     0.00000     0.00000
     0.98000     0.00075     0.01896    -0.02437     0.00000     0.00000     0.00000     0.00000     0.00000
     0.98500     0.00074     0.01870    -0.02402     0.00000     0.00000     0.00000     0.00000     0.00000
     0.99000     0.00073     0.01844    -0.02367     0.00000     0.00000     0.00000     0.00000     0.00000
     0.99500     0.00072     0.01819    -0.02332     0.00000     0.00000     0.00000     0.00000     0.00000
     1.00000     0.00072     0.01794    -0.02298     0.00000     0.00000     0.00000     0.00000     0.00000
     1.00500     0.00071     0.01770    -0.02265     0.00000     0.00000     0.00000     0.00000     0.00000
     1.01000     0.00070     0.01746    -0.02232     0.00000     0.00000     0.00000     0.00000     0.00000
     1.01500     0.00069     0.01722    -0.02200     0.00000     0.00000     0.00000     0.00000     0.00000
     1.02000     0.00068     0.01699    -0.02168     0.00000     0.00000     0.00000     0.00000     0.00000
     1.02500     0.00067     0.01676    -0.02137     0.00000     0.00000     0.00000     0.00000     0.00000
     1.03000     0.00067     0.01653    -0.02106     0.00000     0.00000     0.00000     0.00000     0.00000
     1.03500     0.00066     0.01631    -0.02075     0.00000     0.00000     0.00000     0.00000     0.00000
     1.04000     0.00065     0.01609    -0.02045     0.00000     0.00000     0.00000     0.00000     0.00000
     1.04500     0.00064     0.01587    -0.02016     0.00000     0.00000     0.00000     0.00000     0.00000
     1.05000     0.00064     0.01565    -0.01987     0.00000     0.00000     0.00000     0.00000     0.00000
     1.05500     0.00063     0.01544    -0.01958     0.00000     0.00000     0.00000     0.00000     0.00000
     1.06000     0.00062     0.01523    -0.01930     0.00000     0.00000     0.00000     0.00000     0.00000
     1.06500     0.00061     0.01503    -0.01902     0.00000     0.00000     0.00000     0.00000     0.00000
     1.07000     0.00061     0.01483    -0.01875     0.00000     0.00000     0.00000     0.00000     0.00000
     1.07500     0.00060     0.01463    -0.01848     0.00000     0.00000     0.00000     0.00000     0.00000
     1.08000     0.00059     0.01443    -0.01821     0.00000     0.00000     0.00000     0.00000     0.00000
     1.08500     0.00059     0.01423    -0.01795     0.00000     0.00000     0.00000     0.00000     0.00000
     1.09000     0.00058     0.01404    -0.01770     0.00000     0.00000     0.00000     0.00000     0.00000
     1.09500     0.00057     0.01385    -0.01744     0.00000     0.00000     0.00000     0.00000     0.00000
     1.10000     0.00056     0.01367    -0.01719     0.00000     0.00000     0.00000     0.00000     0.00000
     1.10500     0.00056     0.01348    -0.01695     0.00000     0.00000     0.00000     0.00000     0.00000
     1.11000     0.00055     0.01330    -0.01670     0.00000     0.00000     0.00000     0.00000     0.00000
     1.11500     0.00055     0.01313    -0.01647     0.00000     0.00000     0.00000     0.00000     0.00000
     1.12000     0.00054     0.01295    -0.01623     0.00000     0.00000     0.00000     0.00000     0.00000
     1.12500     0.00053     0.01278    -0.01600     0.00000     0.00000     0.00000     0.00000     0.00000
     1.13000     0.00053     0.01261    -0.01577     0.00000     0.00000     0.00000     0.00000     0.00000
     1.13500     0.00052     0.01244    -0.01555     0.00000     0.00000     0.00000     0.00000     0.00000
     1.14000     0.00051     0.01227    -0.01532     0.00000     0.00000     0.00000     0.00000     0.00000
     1.14500     0.00051     0.01211    -0.01511     0.00000     0.00000     0.00000     0.00000     0.00000
     1.15000     0.00050     0.01195    -0.01489     0.00000     0.00000     0.00000     0.00000     0.00000
     1.15500     0.00050     0.01179    -0.01468     0.00000     0.00000     0.00000     0.00000     0.00000
     1.16000     0.00049     0.01163    -0.01447     0.00000     0.00000     0.00000     0.00000     0.00000
     1.16500     0.00048     0.01147    -0.01427     0.00000     0.00000     0.00000     0.00000     0.00000
     1.17000     0.00048     0.01132    -0.01406     0.00000     0.00000     0.00000     0.00000     0.00000
     1.17500     0.00047     0.01117    -0.01386     0.00000     0.00000     0.00000     0.00000     0.00000
     1.18000     0.00047     0.01102    -0.01367     0.00000     0.00000     0.00000     0.00000     0.00000
     1.18500     0.00046     0.01088    -0.01347     0.00000     0.00000     0.00000     0.00000     0.00000
     1.19000     0.00046     0.01073    -0.01328     0.00000     0.00000     0.00000     0.00000     0.00000
     1.19500     0.00045     0.01059    -0.01310     0.00000     0.00000     0.00000     0.00000     0.00000
     1.20000     0.00045     0.01045    -0.01291     0.00000     0.00000     0.00000     0.00000     0.00000
     1.20500     0.00044     0.01031    -0.01273     0.00000     0.00000     0.00000     0.00000     0.00000
     1.21000     0.00044     0.01017    -0.01255     0.00000     0.00000     0.00000     0.00000     0.00000
     1.21500     0.00043     0.01004    -0.01237     0.00000     0.00000     0.00000     0.00000     0.00000
     1.22000     0.00043     0.00991    -0.01220     0.00000     0.00000     0.00000     0.00000     0.00000
     1.22500     0.00042     0.00978    -0.01203     0.00000     0.00000     0.00000     0.00000     0.00000
     1.23000     0.00042     0.00965    -0.01186     0.00000     0.00000     0.00000     0.00000     0.00000
     1.23500     0.00041     0.00952    -0.01169     0.00000     0.00000     0.00000     0.00000     0.00000
     1.24000     0.00041     0.00939    -0.01153     0.00000     0.00000     0.00000     0.00000     0.00000
     1.24500     0.00040     0.00927    -0.01136     0.00000     0.00000     0.00000     0.00000     0.00000
     1.25000     0.00040     0.00915    -0.01120     0.00000     0.00000     0.00000     0.00000     0.00000
     1.25500     0.00039     0.00903    -0.01105     0.00000     0.00000     0.00000     0.00000     0.00000
     1.26000     0.00039     0.00891    -0.01089     0.00000     0.00000     0.00000     0.00000     0.00000
     1.26500     0.00038     0.00879    -0.01074     0.00000     0.00000     0.00000     0.00000     0.00000
     1.27000     0.00038     0.00868    -0.01059     0.00000     0.00000     0.00000     0.00000     0.00000
     1.27500     0.00037     0.00856    -0.01044     0.00000     0.00000     0.00000     0.00000     0.00000
     1.28000     0.00037     0.00845    -0.01030     0.00000     0.00000     0.00000     0.00000     0.00000
     1.28500     0.00037     0.00834    -0.01015     0.00000     0.00000     0.00000     0.00000     0.00000
     1.29000     0.00036     0.00823    -0.01001     0.00000     0.00000     0.00000     0.00000     0.00000
     1.29500     0.00036     0.00812    -0.00987     0.00000     0.00000     0.00000     0.00000     0.00000
     1.30000     0.00035     0.00802    -0.00973     0.00000     0.00000     0.00000     0.00000     0.00000
     1.30500     0.00035     0.00791    -0.00960     0.00000     0.00000     0.00000     0.00000     0.00000
     1.31000     0.00034     0.00781    -0.00946     0.00000     0.00000     0.00000     0.00000     0.00000
     1.31500     0.00034     0.00770    -0.00933     0.00000     0.00000     0.00000     0.00000     0.00000
     1.32000     0.00034     0.00760    -0.00920     0.00000     0.00000     0.00000     0.00000     0.00000
     1.32500     0.00033     0.00750    -0.00907     0.00000     0.00000     0.00000     0.00000     0.00000
     1.33000     0.00033     0.00741    -0.00895     0.00000     0.00000     0.00000     0.00000     0.00000
     1.33500     0.00033     0.00731    -0.00882     0.00000     0.00000     0.00000     0.00000     0.00000
     1.34000     0.00032     0.00721    -0.00870     0.00000     0.00000     0.00000     0.00000     0.00000
     1.34500     0.00032     0.00712    -0.00858     0.00000     0.00000     0.00000     0.00000     0.00000
     1.35000     0.00031     0.00703    -0.00846     0.00000     0.00000     0.00000     0.00000     0.00000
     1.35500     0.00031     0.00694    -0.00834     0.00000     0.00000     0.00000     0.00000     0.00000
     1.36000     0.00031     0.00685    -0.00823     0.00000     0.00000     0.00000     0.00000     0.00000
     1.36500     0.00030     0.00676    -0.00811     0.00000     0.00000     0.00000     0.00000     0.00000
     1.37000     0.00030     0.00667    -0.00800     0.00000     0.00000     0.00000     0.00000     0.00000
     1.37500     0.00030     0.00658    -0.00789     0.00000     0.00000     0.00000     0.00000     0.00000
     1.38000     0.00029     0.00650    -0.00778     0.00000     0.00000     0.00000     0.00000     0.00000
     1.38500     0.00029     0.00641    -0.00767     0.00000     0.00000     0.00000     0.00000     0.00000
     1.39000     0.00029     0.00633    -0.00757     0.00000     0.00000     0.00000     0.00000     0.00000
     1.39500     0.00028     0.00625    -0.00746     0.00000     0.00000     0.00000     0.00000     0.00000
     1.40000     0.00028     0.00617    -0.00736     0.00000     0.00000     0.00000     0.00000     0.00000
     1.40500     0.00028     0.00609    -0.00726     0.00000     0.00000     0.00000     0.00000     0.00000
     1.41000     0.00027     0.00601    -0.00716     0.00000     0.00000     0.00000     0.00000     0.00000
     1.41500     0.00027     0.00593    -0.00706     0.00000     0.00000     0.00000     0.00000     0.00000
     1.42000     0.00027     0.00585    -0.00696     0.00000     0.00000     0.00000     0.00000     0.00000
     1.42500     0.00026     0.00578    -0.00687     0.00000     0.00000     0.00000     0.00000     0.00000
     1.43000     0.00026     0.00570    -0.00677     0.00000     0.00000     0.00000     0.00000     0.00000
     1.43500     0.00026     0.00563    -0.00668     0.00000     0.00000     0.00000     0.00000     0.00000
     1.44000     0.00025     0.00556    -0.00659     0.00000     0.00000     0.00000     0.00000     0.00000
     1.44500     0.00025     0.00549    -0.00650     0.00000     0.00000     0.00000     0.00000     0.00000
     1.45000     0.00025     0.00542    -0.00641     0.00000     0.00000     0.00000     0.00000     0.00000
     1.45500     0.00025     0.00535    -0.00632     0.00000     0.00000     0.00000     0.00000     0.00000
     1.46000     0.00024     0.00528    -0.00623     0.00000     0.00000     0.00000     0.00000     0.00000
     1.46500     0.00024     0.00521    -0.00615     0.00000     0.00000     0.00000     0.00000     0.00000
     1.47000     0.00024     0.00514    -0.00606     0.00000     0.00000     0.00000     0.00000     0.00000
     1.47500     0.00023     0.00508    -0.00598     0.00000     0.00000     0.00000     0.00000     0.00000
     1.48000     0.00023     0.00501    -0.00590     0.00000     0.00000     0.00000     0.00000     0.00000
     1.48500     0.00023     0.00495    -0.00582     0.00000     0.00000     0.00000     0.00000     0.00000
     1.49000     0.00023     0.00488    -0.00574     0.00000     0.00000     0.00000     0.00000     0.00000
     1.49500     0.00022     0.00482    -0.00566     0.00000     0.00000     0.00000     0.00000     0.00000
     1.50000     0.00022     0.00476    -0.00558     0.00000     0.00000     0.00000     0.00000     0.00000
     1.50500     0.00022     0.00470    -0.00551     0.00000     0.00000     0.00000     0.00000     0.00000
     1.51000     0.00022     0.00464    -0.00543     0.00000     0.00000     0.00000     0.00000     0.00000
     1.51500     0.00021     0.00458    -0.00536     0.00000     0.00000     0.00000     0.00000     0.00000
     1.52000     0.00021     0.00452    -0.00529     0.00000     0.00000     0.00000     0.00000     0.00000
     1.52500     0.00021     0.00446    -0.00521     0.00000     0.00000     0.00000     0.00000     0.00000
     1.53000     0.00021     0.00440    -0.00514     0.00000     0.00000     0.00000     0.00000     0.00000
     1.53500     0.00020     0.00435    -0.00507     0.00000     0.00000     0.00000     0.00000     0.00000
     1.54000     0.00020     0.00429    -0.00500     0.00000     0.00000     0.00000     0.00000     0.00000
     1.54500     0.00020     0.00424    -0.00494     0.00000     0.00000     0.00000     0.00000     0.00000
     1.55000     0.00020     0.00418    -0.00487     0.00000     0.00000     0.00000     0.00000     0.00000
     1.55500     0.00020     0.00413    -0.00480     0.00000     0.00000     0.00000     0.00000     0.00000
     1.56000     0.00019     0.00408    -0.00474     0.00000     0.00000     0.00000     0.00000     0.00000
     1.56500     0.00019     0.00403    -0.00467     0.00000     0.00000     0.00000     0.00000     0.00000
     1.57000     0.00019     0.00397    -0.00461     0.00000     0.00000     0.00000     0.00000     0.00000
     1.57500     0.00019     0.00392    -0.00455     0.00000     0.00000     0.00000     0.00000     0.00000
     1.58000     0.00018     0.00387    -0.00449     0.00000     0.00000     0.00000     0.00000     0.00000
     1.58500     0.00018     0.00382    -0.00442     0.00000     0.00000     0.00000     0.00000     0.00000
     1.59000     0.00018     0.00378    -0.00436     0.00000     0.00000     0.00000     0.00000     0.00000
     1.59500     0.00018     0.00373    -0.00431     0.00000     0.00000     0.00000     0.00000     0.00000
     1.60000     0.00018     0.00368    -0.00425     0.00000     0.00000     0.00000     0.00000     0.00000
     1.60500     0.00017     0.00363    -0.00419     0.00000     0.00000     0.00000     0.00000     0.00000
     1.61000     0.00017     0.00359    -0.00413     0.00000     0.00000     0.00000     0.00000     0.00000
     1.61500     0.00017     0.00354    -0.00408     0.00000     0.00000     0.00000     0.00000     0.00000
     1.62000     0.00017     0.00350    -0.00402     0.00000     0.00000     0.00000     0.00000     0.00000
     1.62500     0.00017     0.00345    -0.00397     0.00000     0.00000     0.00000     0.00000     0.00000
     1.63000     0.00016     0.00341    -0.00392     0.00000     0.00000     0.00000     0.00000     0.00000
     1.63500     0.00016     0.00337    -0.00386     0.00000     0.00000     0.00000     0.00000     0.00000
     1.64000     0.00016     0.00332    -0.00381     0.00000     0.00000     0.00000     0.00000     0.00000
     1.64500     0.00016     0.00328    -0.00376     0.00000     0.00000     0.00000     0.00000     0.00000
     1.65000     0.00016     0.00324    -0.00371     0.00000     0.00000     0.00000     0.00000     0.00000
     1.65500     0.00016     0.00320    -0.00366     0.00000     0.00000     0.00000     0.00000     0.00000
     1.66000     0.00015     0.00316    -0.00361     0.00000     0.00000     0.00000     0.00000     0.00000
     1.66500     0.00015     0.00312    -0.00356     0.00000     0.00000     0.00000     0.00000     0.00000
     1.67000     0.00015     0.00308    -0.00351     0.00000     0.00000     0.00000     0.00000     0.00000
     1.67500     0.00015     0.00304    -0.00347     0.00000     0.00000     0.00000     0.00000     0.00000
     1.68000     0.00015     0.00300    -0.00342     0.00000     0.00000     0.00000     0.00000     0.00000
     1.68500     0.00014     0.00296    -0.00337     0.00000     0.00000     0.00000     0.00000     0.00000
     1.69000     0.00014     0.00293    -0.00333     0.00000     0.00000     0.00000     0.00000     0.00000
     1.69500     0.00014     0.00289    -0.00328     0.00000     0.00000     0.00000     0.00000     0.00000
     1.70000     0.00014     0.00285    -0.00324     0.00000     0.00000     0.00000     0.00000     0.00000
     1.70500     0.00014     0.00282    -0.00320     0.00000     0.00000     0.00000     0.00000     0.00000
     1.71000     0.00014     0.00278    -0.00315     0.00000     0.00000     0.00000     0.00000     0.00000
     1.71500     0.00014     0.00275    -0.00311     0.00000     0.00000     0.00000     0.00000     0.00000
     1.72000     0.00013     0.00271    -0.00307     0.00000     0.00000     0.00000     0.00000     0.00000
     1.72500     0.00013     0.00268    -0.00303     0.00000     0.00000     0.00000     0.00000     0.00000
     1.73000     0.00013     0.00264    -0.00299     0.00000     0.00000     0.00000     0.00000     0.00000
     1.73500     0.00013     0.00261    -0.00295     0.00000     0.00000     0.00000     0.00000     0.00000
     1.74000     0.00013     0.00258    -0.00291     0.00000     0.00000     0.00000     0.00000     0.00000
     1.74500     0.00013     0.00255    -0.00287     0.00000     0.00000     0.00000     0.00000     0.00000
     1.75000     0.00012     0.00251    -0.00283     0.00000     0.00000     0.00000     0.00000     0.00000
     1.75500     0.00012     0.00248    -0.00279     0.00000     0.00000     0.00000     0.00000     0.00000
     1.76000     0.00012     0.00245    -0.00276     0.00000     0.00000     0.00000     0.00000     0.00000
     1.76500     0.00012     0.00242    -0.00272     0.00000     0.00000     0.00000     0.00000     0.00000
     1.77000     0.00012     0.00239    -0.00268     0.00000     0.00000     0.00000     0.00000     0.00000
     1.77500     0.00012     0.00236    -0.00265     0.00000     0.00000     0.00000     0.00000     0.00000
     1.78000     0.00012     0.00233    -0.00261     0.00000     0.00000     0.00000     0.00000     0.00000
     1.78500     0.00012     0.00230    -0.00258     0.00000     0.00000     0.00000     0.00000     0.00000
     1.79000     0.00011     0.00227    -0.00254     0.00000     0.00000     0.00000     0.00000     0.00000
     1.79500     0.00011     0.00224    -0.00251     0.00000     0.00000     0.00000     0.00000     0.00000
     1.80000     0.00011     0.00222    -0.00248     0.00000     0.00000     0.00000     0.00000     0.00000
     1.80500     0.00011     0.00219    -0.00244     0.00000     0.00000     0.00000     0.00000     0.00000
     1.81000     0.00011     0.00216    -0.00241     0.00000     0.00000     0.00000     0.00000     0.00000
     1.81500     0.00011     0.00213    -0.00238     0.00000     0.00000     0.00000     0.00000     0.00000
     1.82000     0.00011     0.00211    -0.00235     0.00000     0.00000     0.00000     0.00000     0.00000
     1.82500     0.00010     0.00208    -0.00232     0.00000     0.00000     0.00000     0.00000     0.00000
     1.83000     0.00010     0.00206    -0.00229     0.00000     0.00000     0.00000     0.00000     0.00000
     1.83500     0.00010     0.00203    -0.00226     0.00000     0.00000     0.00000     0.00000     0.00000
     1.84000     0.00010     0.00200    -0.00223     0.00000     0.00000     0.00000     0.00000     0.00000
     1.84500     0.00010     0.00198    -0.00220     0.00000     0.00000     0.00000     0.00000     0.00000
     1.85000     0.00010     0.00196    -0.00217     0.00000     0.00000     0.00000     0.00000     0.00000
     1.85500     0.00010     0.00193    -0.00214     0.00000     0.00000     0.00000     0.00000     0.00000
     1.86000     0.00010     0.00191    -0.00211     0.00000     0.00000     0.00000     0.00000     0.00000
     1.86500     0.00010     0.00188    -0.00208     0.00000     0.00000     0.00000     0.00000     0.00000
     1.87000     0.00009     0.00186    -0.00206     0.00000     0.00000     0.00000     0.00000     0.00000
     1.87500     0.00009     0.00184    -0.00203     0.00000     0.00000     0.00000     0.00000     0.00000
     1.88000     0.00009     0.00181    -0.00200     0.00000     0.00000     0.00000     0.00000     0.00000
     1.88500     0.00009     0.00179    -0.00198     0.00000     0.00000     0.00000     0.00000     0.00000
     1.89000     0.00009     0.00177    -0.00195     0.00000     0.00000     0.00000     0.00000     0.00000
     1.89500     0.00009     0.00175    -0.00192     0.00000     0.00000     0.00000     0.00000     0.00000
     1.90000     0.00009     0.00173    -0.00190     0.00000     0.00000     0.00000     0.00000     0.00000
     1.90500     0.00009     0.00170    -0.00187     0.00000     0.00000     0.00000     0.00000     0.00000
     1.91000     0.00009     0.00168    -0.00185     0.00000     0.00000     0.00000     0.00000     0.00000
     1.91500     0.00009     0.00166    -0.00182     0.00000     0.00000     0.00000     0.00000     0.00000
     1.92000     0.00008     0.00164    -0.00180     0.00000     0.00000     0.00000     0.00000     0.00000
     1.92500     0.00008     0.00162    -0.00178     0.00000     0.00000     0.00000     0.00000     0.00000
     1.93000     0.00008     0.00160    -0.00175     0.00000     0.00000     0.00000     0.00000     0.00000
     1.93500     0.00008     0.00158    -0.00173     0.00000     0.00000     0.00000     0.00000     0.00000
     1.94000     0.00008     0.00156    -0.00171     0.00000     0.00000     0.00000     0.00000     0.00000
     1.94500     0.00008     0.00154    -0.00169     0.00000     0.00000     0.00000     0.00000     0.00000
     1.95000     0.00008     0.00152    -0.00166     0.00000     0.00000     0.00000     0.00000     0.00000
     1.95500     0.00008     0.00150    -0.00164     0.00000     0.00000     0.00000     0.00000     0.00000
     1.96000     0.00008     0.00149    -0.00162     0.00000     0.00000     0.00000     0.00000     0.00000
     1.96500     0.00008     0.00147    -0.00160     0.00000     0.00000     0.00000     0.00000     0.00000
     1.97000     0.00008     0.00145    -0.00158     0.00000     0.00000     0.00000     0.00000     0.00000
     1.97500     0.00007     0.00143    -0.00156     0.00000     0.00000     0.00000     0.00000     0.00000
     1.98000     0.00007     0.00141    -0.00154     0.00000     0.00000     0.00000     0.00000     0.00000
     1.98500     0.00007     0.00140    -0.00152     0.00000     0.00000     0.00000     0.00000     0.00000
     1.99000     0.00007     0.00138    -0.00150     0.00000     0.00000     0.00000     0.00000     0.00000
     1.99500     0.00007     0.00136    -0.00148     0.00000     0.00000     0.00000     0.00000     0.00000
     2.00000     0.00007     0.00135    -0.00146     0.00000     0.00000     0.00000     0.00000     0.00000
     2.00500     0.00007     0.00133    -0.00144     0.00000     0.00000     0.00000     0.00000     0.00000
     2.01000     0.00007     0.00131    -0.00142     0.00000     0.00000     0.00000     0.00000     0.00000
     2.01500     0.00007     0.00130    -0.00140     0.00000     0.00000     0.00000     0.00000     0.00000
     2.02000     0.00007     0.00128    -0.00138     0.00000     0.00000     0.00000     0.00000     0.00000
     2.02500     0.00007     0.00127    -0.00136     0.00000     0.00000     0.00000     0.00000     0.00000
     2.03000     0.00007     0.00125    -0.00135     0.00000     0.00000     0.00000     0.00000     0.00000
     2.03500     0.00007     0.00123    -0.00133     0.00000     0.00000     0.00000     0.00000     0.00000
     2.04000     0.00006     0.00122    -0.00131     0.00000     0.00000     0.00000     0.00000     0.00000
     2.04500     0.00006     0.00120    -0.00130     0.00000     0.00000     0.00000     0.00000     0.00000
     2.05000     0.00006     0.00119    -0.00128     0.00000     0.00000     0.00000     0.00000     0.00000
     2.05500     0.00006     0.00117    -0.00126     0.00000     0.00000     0.00000     0.00000     0.00000
     2.06000     0.00006     0.00116    -0.00125     0.00000     0.00000     0.00000     0.00000     0.00000
     2.06500     0.00006     0.00115    -0.00123     0.00000     0.00000     0.00000     0.00000     0.00000
     2.07000     0.00006     0.00113    -0.00121     0.00000     0.00000     0.00000     0.00000     0.00000
     2.07500     0.00006     0.00112    -0.00120     0.00000     0.00000     0.00000     0.00000     0.00000
     2.08000     0.00006     0.00110    -0.00118     0.00000     0.00000     0.00000     0.00000     0.00000
     2.08500     0.00006     0.00109    -0.00117     0.00000     0.00000     0.00000     0.00000     0.00000
     2.09000     0.00006     0.00108    -0.00115     0.00000     0.00000     0.00000     0.00000     0.00000
     2.09500     0.00006     0.00106    -0.00114     0.00000     0.00000     0.00000     0.00000     0.00000
     2.10000     0.00006     0.00105    -0.00112     0.00000     0.00000     0.00000     0.00000     0.00000
     2.10500     0.00006     0.00104    -0.00111     0.00000     0.00000     0.00000     0.00000     0.00000
     2.11000     0.00005     0.00103    -0.00109     0.00000     0.00000     0.00000     0.00000     0.00000
     2.11500     0.00005     0.00101    -0.00108     0.00000     0.00000     0.00000     0.00000     0.00000
     2.12000     0.00005     0.00100    -0.00106     0.00000     0.00000     0.00000     0.00000     0.00000
     2.12500     0.00005     0.00099    -0.00105     0.00000     0.00000     0.00000     0.00000     0.00000
     2.13000     0.00005     0.00098    -0.00104     0.00000     0.00000     0.00000     0.00000     0.00000
     2.13500     0.00005     0.00096    -0.00102     0.00000     0.00000     0.00000     0.00000     0.00000
     2.14000     0.00005     0.00095    -0.00101     0.00000     0.00000     0.00000     0.00000     0.00000
     2.14500     0.00005     0.00094    -0.00100     0.00000     0.00000     0.00000     0.00000     0.00000
     2.15000     0.00005     0.00093    -0.00098     0.00000     0.00000     0.00000     0.00000     0.00000
     2.15500     0.00005     0.00092    -0.00097     0.00000     0.00000     0.00000     0.00000     0.00000
     2.16000     0.00005     0.00091    -0.00096     0.00000     0.00000     0.00000     0.00000     0.00000
     2.16500     0.00005     0.00090    -0.00095     0.00000     0.00000     0.00000     0.00000     0.00000
     2.17000     0.00005     0.00089    -0.00093     0.00000     0.00000     0.00000     0.00000     0.00000
     2.17500     0.00005     0.00087    -0.00092     0.00000     0.00000     0.00000     0.00000     0.00000
     2.18000     0.00005     0.00086    -0.00091     0.00000     0.00000     0.00000     0.00000     0.00000
     2.18500     0.00005     0.00085    -0.00090     0.00000     0.00000     0.00000     0.00000     0.00000
     2.19000     0.00005     0.00084    -0.00089     0.00000     0.00000     0.00000     0.00000     0.00000
     2.19500     0.00005     0.00083    -0.00088     0.00000     0.00000     0.00000     0.00000     0.00000
     2.20000     0.00004     0.00082    -0.00086     0.00000     0.00000     0.00000     0.00000     0.00000
     2.20500     0.00004     0.00081    -0.00085     0.00000     0.00000     0.00000     0.00000     0.00000
     2.21000     0.00004     0.00080    -0.00084     0.00000     0.00000     0.00000     0.00000     0.00000
     2.21500     0.00004     0.00079    -0.00083     0.00000     0.00000     0.00000     0.00000     0.00000
     2.22000     0.00004     0.00078    -0.00082     0.00000     0.00000     0.00000     0.00000     0.00000
     2.22500     0.00004     0.00077    -0.00081     0.00000     0.00000     0.00000     0.00000     0.00000
     2.23000     0.00004     0.00076    -0.00080     0.00000     0.00000     0.00000     0.00000     0.00000
     2.23500     0.00004     0.00076    -0.00079     0.00000     0.00000     0.00000     0.00000     0.00000
     2.24000     0.00004     0.00075    -0.00078     0.00000     0.00000     0.00000     0.00000     0.00000
     2.24500     0.00004     0.00074    -0.00077     0.00000     0.00000     0.00000     0.00000     0.00000
     2.25000     0.00004     0.00073    -0.00076     0.00000     0.00000     0.00000     0.00000     0.00000
     2.25500     0.00004     0.00072    -0.00075     0.00000     0.00000     0.00000     0.00000     0.00000
     2.26000     0.00004     0.00071    -0.00074     0.00000     0.00000     0.00000     0.00000     0.00000
     2.26500     0.00004     0.00070    -0.00073     0.00000     0.00000     0.00000     0.00000     0.00000
     2.27000     0.00004     0.00069    -0.00072     0.00000     0.00000     0.00000     0.00000     0.00000
     2.27500     0.00004     0.00069    -0.00071     0.00000     0.00000     0.00000     0.00000     0.00000
     2.28000     0.00004     0.00068    -0.00070     0.00000     0.00000     0.00000     0.00000     0.00000
     2.28500     0.00004     0.00067    -0.00069     0.00000     0.00000     0.00000     0.00000     0.00000
     2.29000     0.00004     0.00066    -0.00068     0.00000     0.00000     0.00000     0.00000     0.00000
     2.29500     0.00004     0.00065    -0.00068     0.00000     0.00000     0.00000     0.00000     0.00000
     2.30000     0.00004     0.00064    -0.00067     0.00000     0.00000     0.00000     0.00000     0.00000
     2.30500     0.00004     0.00064    -0.00066     0.00000     0.00000     0.00000     0.00000     0.00000
     2.31000     0.00003     0.00063    -0.00065     0.00000     0.00000     0.00000     0.00000     0.00000
     2.31500     0.00003     0.00062    -0.00064     0.00000     0.00000     0.00000     0.00000     0.00000
     2.32000     0.00003     0.00061    -0.00063     0.00000     0.00000     0.00000     0.00000     0.00000
     2.32500     0.00003     0.00061    -0.00063     0.00000     0.00000     0.00000     0.00000     0.00000
     2.33000     0.00003     0.00060    -0.00062     0.00000     0.00000     0.00000     0.00000     0.00000
     2.33500     0.00003     0.00059    -0.00061     0.00000     0.00000     0.00000     0.00000     0.00000
     2.34000     0.00003     0.00059    -0.00060     0.00000     0.00000     0.00000     0.00000     0.00000
     2.34500     0.00003     0.00058    -0.00059     0.00000     0.00000     0.00000     0.00000     0.00000
     2.35000     0.00003     0.00057    -0.00059     0.00000     0.00000     0.00000     0.00000     0.00000
     2.35500     0.00003     0.00056    -0.00058     0.00000     0.00000     0.00000     0.00000     0.00000
     2.36000     0.00003     0.00056    -0.00057     0.00000     0.00000     0.00000     0.00000     0.00000
     2.36500     0.00003     0.00055    -0.00056     0.00000     0.00000     0.00000     0.00000     0.00000
     2.37000     0.00003     0.00054    -0.00056     0.00000     0.00000     0.00000     0.00000     0.00000
     2.37500     0.00003     0.00054    -0.00055     0.00000     0.00000     0.00000     0.00000     0.00000
     2.38000     0.00003     0.00053    -0.00054     0.00000     0.00000     0.00000     0.00000     0.00000
     2.38500     0.00003     0.00052    -0.00054     0.00000     0.00000     0.00000     0.00000     0.00000
     2.39000     0.00003     0.00052    -0.00053     0.00000     0.00000     0.00000     0.00000     0.00000
     2.39500     0.00003     0.00051    -0.00052     0.00000     0.00000     0.00000     0.00000     0.00000
     2.40000     0.00003     0.00051    -0.00052     0.00000     0.00000     0.00000     0.00000     0.00000
     2.40500     0.00003     0.00050    -0.00051     0.00000     0.00000     0.00000     0.00000     0.00000
     2.41000     0.00003     0.00049    -0.00050     0.00000     0.00000     0.00000     0.00000     0.00000
     2.41500     0.00003     0.00049    -0.00050     0.00000     0.00000     0.00000     0.00000     0.00000
     2.42000     0.00003     0.00048    -0.00049     0.00000     0.00000     0.00000     0.00000     0.00000
     2.42500     0.00003     0.00048    -0.00048     0.00000     0.00000     0.00000     0.00000     0.00000
     2.43000     0.00003     0.00047    -0.00048     0.00000     0.00000     0.00000     0.00000     0.00000
     2.43500     0.00003     0.00046    -0.00047     0.00000     0.00000     0.00000     0.00000     0.00000
     2.44000     0.00003     0.00046    -0.00047     0.00000     0.00000     0.00000     0.00000     0.00000
     2.44500     0.00003     0.00045    -0.00046     0.00000     0.00000     0.00000     0.00000     0.00000
     2.45000     0.00003     0.00045    -0.00045     0.00000     0.00000     0.00000     0.00000     0.00000
     2.45500     0.00003     0.00044    -0.00045     0.00000     0.00000     0.00000     0.00000     0.00000
     2.46000     0.00002     0.00044    -0.00044     0.00000     0.00000     0.00000     0.00000     0.00000
     2.46500     0.00002     0.00043    -0.00044     0.00000     0.00000     0.00000     0.00000     0.00000
     2.47000     0.00002     0.00043    -0.00043     0.00000     0.00000     0.00000     0.00000     0.00000
     2.47500     0.00002     0.00042    -0.00043     0.00000     0.00000     0.00000     0.00000     0.00000
     2.48000     0.00002     0.00042    -0.00042     0.00000     0.00000     0.00000     0.00000     0.00000
     2.48500     0.00002     0.00041    -0.00042     0.00000     0.00000     0.00000     0.00000     0.00000
     2.49000     0.00002     0.00041    -0.00041     0.00000     0.00000     0.00000     0.00000     0.00000
     2.49500     0.00002     0.00040    -0.00040     0.00000     0.00000     0.00000     0.00000     0.00000
     2.50000     0.00002     0.00040    -0.00040     0.00000     0.00000     0.00000     0.00000     0.00000
     2.50500     0.00002     0.00039    -0.00039     0.00000     0.00000     0.00000     0.00000     0.00000
     2.51000     0.00002     0.00039    -0.00039     0.00000     0.00000     0.00000     0.00000     0.00000
     2.51500     0.00002     0.00038    -0.00038     0.00000     0.00000     0.00000     0.00000     0.00000
     2.52000     0.00002     0.00038    -0.00038     0.00000     0.00000     0.00000     0.00000     0.00000
     2.52500     0.00002     0.00037    -0.00038     0.00000     0.00000     0.00000     0.00000     0.00000
     2.53000     0.00002     0.00037    -0.00037     0.00000     0.00000     0.00000     0.00000     0.00000
     2.53500     0.00002     0.00037    -0.00037     0.00000     0.00000     0.00000     0.00000     0.00000
     2.54000     0.00002     0.00036    -0.00036     0.00000     0.00000     0.00000     0.00000     0.00000
     2.54500     0.00002     0.00036    -0.00036     0.00000     0.00000     0.00000     0.00000     0.00000
     2.55000     0.00002     0.00035    -0.00035     0.00000     0.00000     0.00000     0.00000     0.00000
     2.55500     0.00002     0.00035    -0.00035     0.00000     0.00000     0.00000     0.00000     0.00000
     2.56000     0.00002     0.00034    -0.00034     0.00000     0.00000     0.00000     0.00000     0.00000
     2.56500     0.00002     0.00034    -0.00034     0.00000     0.00000     0.00000     0.00000     0.00000
     2.57000     0.00002     0.00034    -0.00033     0.00000     0.00000     0.00000     0.00000     0.00000
     2.57500     0.00002     0.00033    -0.00033     0.00000     0.00000     0.00000     0.00000     0.00000
     2.58000     0.00002     0.00033    -0.00033     0.00000     0.00000     0.00000     0.00000     0.00000
     2.58500     0.00002     0.00032    -0.00032     0.00000     0.00000     0.00000     0.00000     0.00000
     2.59000     0.00002     0.00032    -0.00032     0.00000     0.00000     0.00000     0.00000     0.00000
     2.59500     0.00002     0.00032    -0.00031     0.00000     0.00000     0.00000     0.00000     0.00000
     2.60000     0.00002     0.00031    -0.00031     0.00000     0.00000     0.00000     0.00000     0.00000
     2.60500     0.00002     0.00031    -0.00031     0.00000     0.00000     0.00000     0.00000     0.00000
     2.61000     0.00002     0.00031    -0.00030     0.00000     0.00000     0.00000     0.00000     0.00000
     2.61500     0.00002     0.00030    -0.00030     0.00000     0.00000     0.00000     0.00000     0.00000
     2.62000     0.00002     0.00030    -0.00029     0.00000     0.00000     0.00000     0.00000     0.00000
     2.62500     0.00002     0.00029    -0.00029     0.00000     0.00000     0.00000     0.00000     0.00000
     2.63000     0.00002     0.00029    -0.00029     0.00000     0.00000     0.00000     0.00000     0.00000
     2.63500     0.00002     0.00029    -0.00028     0.00000     0.00000     0.00000     0.00000     0.00000
     2.64000     0.00002     0.00028    -0.00028     0.00000     0.00000     0.00000     0.00000     0.00000
     2.64500     0.00002     0.00028    -0.00028     0.00000     0.00000     0.00000     0.00000     0.00000
     2.65000     0.00002     0.00028    -0.00027     0.00000     0.00000     0.00000     0.00000     0.00000
     2.65500     0.00002     0.00027    -0.00027     0.00000     0.00000     0.00000     0.00000     0.00000
     2.66000     0.00002     0.00027    -0.00027     0.00000     0.00000     0.00000     0.00000     0.00000
     2.66500     0.00002     0.00027    -0.00026     0.00000     0.00000     0.00000     0.00000     0.00000
     2.67000     0.00002     0.00026    -0.00026     0.00000     0.00000     0.00000     0.00000     0.00000
     2.67500     0.00002     0.00026    -0.00026     0.00000     0.00000     0.00000     0.00000     0.00000
     2.68000     0.00002     0.00026    -0.00025     0.00000     0.00000     0.00000     0.00000     0.00000
     2.68500     0.00002     0.00026    -0.00025     0.00000     0.00000     0.00000     0.00000     0.00000
     2.69000     0.00001     0.00025    -0.00025     0.00000     0.00000     0.00000     0.00000     0.00000
     2.69500     0.00001     0.00025    -0.00024     0.00000     0.00000     0.00000     0.00000     0.00000
     2.70000     0.00001     0.00025    -0.00024     0.00000     0.00000     0.00000     0.00000     0.00000
     2.70500     0.00001     0.00024    -0.00024     0.00000     0.00000     0.00000     0.00000     0.00000
     2.71000     0.00001     0.00024    -0.00023     0.00000     0.00000     0.00000     0.00000     0.00000
     2.71500     0.00001     0.00024    -0.00023     0.00000     0.00000     0.00000     0.00000     0.00000
     2.72000     0.00001     0.00023    -0.00023     0.00000     0.00000     0.00000     0.00000     0.00000
     2.72500     0.00001     0.00023    -0.00023     0.00000     0.00000     0.00000     0.00000     0.00000
     2.73000     0.00001     0.00023    -0.00022     0.00000     0.00000     0.00000     0.00000     0.00000
     2.73500     0.00001     0.00023    -0.00022     0.00000     0.00000     0.00000     0.00000     0.00000
     2.74000     0.00001     0.00022    -0.00022     0.00000     0.00000     0.00000     0.00000     0.00000
     2.74500     0.00001     0.00022    -0.00022     0.00000     0.00000     0.00000     0.00000     0.00000
     2.75000     0.00001     0.00022    -0.00021     0.00000     0.00000     0.00000     0.00000     0.00000
     2.75500     0.00001     0.00022    -0.00021     0.00000     0.00000     0.00000     0.00000     0.00000
     2.76000     0.00001     0.00021    -0.00021     0.00000     0.00000     0.00000     0.00000     0.00000
     2.76500     0.00001     0.00021    -0.00020     0.00000     0.00000     0.00000     0.00000     0.00000
     2.77000     0.00001     0.00021    -0.00020     0.00000     0.00000     0.00000     0.00000     0.00000
     2.77500     0.00001     0.00021    -0.00020     0.00000     0.00000     0.00000     0.00000     0.00000
     2.78000     0.00001     0.00020    -0.00020     0.00000     0.00000     0.00000     0.00000     0.00000
     2.78500     0.00001     0.00020    -0.00019     0.00000     0.00000     0.00000     0.00000     0.00000
     2.79000     0.00001     0.00020    -0.00019     0.00000     0.00000     0.00000     0.00000     0.00000
     2.79500     0.00001     0.00020    -0.00019     0.00000     0.00000     0.00000     0.00000     0.00000
     2.80000     0.00001     0.00019    -0.00019     0.00000     0.00000     0.00000     0.00000     0.00000
     2.80500     0.00001     0.00019    -0.00018     0.00000     0.00000     0.00000     0.00000     0.00000
     2.81000     0.00001     0.00019    -0.00018     0.00000     0.00000     0.00000     0.00000     0.00000
     2.81500     0.00001     0.00019    -0.00018     0.00000     0.00000     0.00000     0.00000     0.00000
     2.82000     0.00001     0.00019    -0.00018     0.00000     0.00000     0.00000     0.00000     0.00000
     2.82500     0.00001     0.00018    -0.00018     0.00000     0.00000     0.00000     0.00000     0.00000
     2.83000     0.00001     0.00018    -0.00017     0.00000     0.00000     0.00000     0.00000     0.00000
     2.83500     0.00001     0.00018    -0.00017     0.00000     0.00000     0.00000     0.00000     0.00000
     2.84000     0.00001     0.00018    -0.00017     0.00000     0.00000     0.00000     0.00000     0.00000
     2.84500     0.00001     0.00017    -0.00017     0.00000     0.00000     0.00000     0.00000     0.00000
     2.85000     0.00001     0.00017    -0.00017     0.00000     0.00000     0.00000     0.00000     0.00000
     2.85500     0.00001     0.00017    -0.00016     0.00000     0.00000     0.00000     0.00000     0.00000
     2.86000     0.00001     0.00017    -0.00016     0.00000     0.00000     0.00000     0.00000     0.00000
     2.86500     0.00001     0.00017    -0.00016     0.00000     0.00000     0.00000     0.00000     0.00000
     2.87000     0.00001     0.00016    -0.00016     0.00000     0.00000     0.00000     0.00000     0.00000
     2.87500     0.00001     0.00016    -0.00016     0.00000     0.00000     0.00000     0.00000     0.00000
     2.88000     0.00001     0.00016    -0.00015     0.00000     0.00000     0.00000     0.00000     0.00000
     2.88500     0.00001     0.00016    -0.00015     0.00000     0.00000     0.00000     0.00000     0.00000
     2.89000     0.00001     0.00016    -0.00015     0.00000     0.00000     0.00000     0.00000     0.00000
     2.89500     0.00001     0.00016    -0.00015     0.00000     0.00000     0.00000     0.00000     0.00000
     2.90000     0.00001     0.00015    -0.00015     0.00000     0.00000     0.00000     0.00000     0.00000
     2.90500     0.00001     0.00015    -0.00014     0.00000     0.00000     0.00000     0.00000     0.00000
     2.91000     0.00001     0.00015    -0.00014     0.00000     0.00000     0.00000     0.00000     0.00000
     2.91500     0.00001     0.00015    -0.00014     0.00000     0.00000     0.00000     0.00000     0.00000
     2.92000     0.00001     0.00015    -0.00014     0.00000     0.00000     0.00000     0.00000     0.00000
     2.92500     0.00001     0.00014    -0.00014     0.00000     0.00000     0.00000     0.00000     0.00000
     2.93000     0.00001     0.00014    -0.00014     0.00000     0.00000     0.00000     0.00000     0.00000
     2.93500     0.00001     0.00014    -0.00013     0.00000     0.00000     0.00000     0.00000     0.00000
     2.94000     0.00001     0.00014    -0.00013     0.00000     0.00000     0.00000     0.00000     0.00000
     2.94500     0.00001     0.00014    -0.00013     0.00000     0.00000     0.00000     0.00000     0.00000
     2.95000     0.00001     0.00014    -0.00013     0.00000     0.00000     0.00000     0.00000     0.00000
     2.95500     0.00001     0.00013    -0.00013     0.00000     0.00000     0.00000     0.00000     0.00000
     2.96000     0.00001     0.00013    -0.00013     0.00000     0.00000     0.00000     0.00000     0.00000
     2.96500     0.00001     0.00013    -0.00012     0.00000     0.00000     0.00000     0.00000     0.00000
     2.97000     0.00001     0.00013    -0.00012     0.00000     0.00000     0.00000     0.00000     0.00000
     2.97500     0.00001     0.00013    -0.00012     0.00000     0.00000     0.00000     0.00000     0.00000
     2.98000     0.00001     0.00013    -0.00012     0.00000     0.00000     0.00000     0.00000     0.00000
     2.98500     0.00001     0.00013    -0.00012     0.00000     0.00000     0.00000     0.00000     0.00000
     2.99000     0.00001     0.00012    -0.00012     0.00000     0.00000     0.00000     0.00000     0.00000
     2.99500     0.00001     0.00012    -0.00012     0.00000     0.00000     0.00000     0.00000     0.00000
     3.00000     0.00001     0.00012    -0.00011     0.00000     0.00000     0.00000     0.00000     0.00000
     3.00500     0.00001     0.00012    -0.00011     0.00000     0.00000     0.00000     0.00000     0.00000
     3.01000     0.00001     0.00012    -0.00011     0.00000     0.00000     0.00000     0.00000     0.00000
     3.01500     0.00001     0.00012    -0.00011     0.00000     0.00000     0.00000     0.00000     0.00000
     3.02000     0.00001     0.00012    -0.00011     0.00000     0.00000     0.00000     0.00000     0.00000
     3.02500     0.00001     0.00011    -0.00011     0.00000     0.00000     0.00000     0.00000     0.00000
     3.03000     0.00001     0.00011    -0.00011     0.00000     0.00000     0.00000     0.00000     0.00000
     3.03500     0.00001     0.00011    -0.00010     0.00000     0.00000     0.00000     0.00000     0.00000
     3.04000     0.00001     0.00011    -0.00010     0.00000     0.00000     0.00000     0.00000     0.00000
     3.04500     0.00001     0.00011    -0.00010     0.00000     0.00000     0.00000     0.00000     0.00000
     3.05000     0.00001     0.00011    -0.00010     0.00000     0.00000     0.00000     0.00000     0.00000
     3.05500     0.00001     0.00011    -0.00010     0.00000     0.00000     0.00000     0.00000     0.00000
     3.06000     0.00001     0.00011    -0.00010     0.00000     0.00000     0.00000     0.00000     0.00000
     3.06500     0.00001     0.00010    -0.00010     0.00000     0.00000     0.00000     0.00000     0.00000
     3.07000     0.00001     0.00010    -0.00010     0.00000     0.00000     0.00000     0.00000     0.00000
     3.07500     0.00001     0.00010    -0.00009     0.00000     0.00000     0.00000     0.00000     0.00000
     3.08000     0.00001     0.00010    -0.00009     0.00000     0.00000     0.00000     0.00000     0.00000
     3.08500     0.00001     0.00010    -0.00009     0.00000     0.00000     0.00000     0.00000     0.00000
     3.09000     0.00001     0.00010    -0.00009     0.00000     0.00000     0.00000     0.00000     0.00000
     3.09500     0.00001     0.00010    -0.00009     0.00000     0.00000     0.00000     0.00000     0.00000
     3.10000     0.00001     0.00010    -0.00009     0.00000     0.00000     0.00000     0.00000     0.00000
     3.10500     0.00001     0.00009    -0.00009     0.00000     0.00000     0.00000     0.00000     0.00000
     3.11000     0.00001     0.00009    -0.00009     0.00000     0.00000     0.00000     0.00000     0.00000
     3.11500     0.00001     0.00009    -0.00009     0.00000     0.00000     0.00000     0.00000     0.00000
     3.12000     0.00001     0.00009    -0.00008     0.00000     0.00000     0.00000     0.00000     0.00000
     3.12500     0.00001     0.00009    -0.00008     0.00000     0.00000     0.00000     0.00000     0.00000
     3.13000     0.00001     0.00009    -0.00008     0.00000     0.00000     0.00000     0.00000     0.00000
     3.13500     0.00001     0.00009    -0.00008     0.00000     0.00000     0.00000     0.00000     0.00000
     3.14000     0.00001     0.00009    -0.00008     0.00000     0.00000     0.00000     0.00000     0.00000
     3.14500     0.00001     0.00009    -0.00008     0.00000     0.00000     0.00000     0.00000     0.00000
     3.15000     0.00001     0.00009    -0.00008     0.00000     0.00000     0.00000     0.00000     0.00000
     3.15500     0.00001     0.00008    -0.00008     0.00000     0.00000     0.00000     0.00000     0.00000
     3.16000     0.00001     0.00008    -0.00008     0.00000     0.00000     0.00000     0.00000     0.00000
     3.16500     0.00001     0.00008    -0.00008     0.00000     0.00000     0.00000     0.00000     0.00000
     3.17000     0.00001     0.00008    -0.00007     0.00000     0.00000     0.00000     0.00000     0.00000
     3.17500     0.00001     0.00008    -0.00007     0.00000     0.00000     0.00000     0.00000     0.00000
     3.18000     0.00001     0.00008    -0.00007     0.00000     0.00000     0.00000     0.00000     0.00000
     3.18500     0.00000     0.00008    -0.00007     0.00000     0.00000     0.00000     0.00000     0.00000
     3.19000     0.00000     0.00008    -0.00007     0.00000     0.00000     0.00000     0.00000     0.00000
     3.19500     0.00000     0.00008    -0.00007     0.00000     0.00000     0.00000     0.00000     0.00000
     3.20000     0.00000     0.00008    -0.00007     0.00000     0.00000     0.00000     0.00000     0.00000
     3.20500     0.00000     0.00007    -0.00007     0.00000     0.00000     0.00000     0.00000     0.00000
     3.21000     0.00000     0.00007    -0.00007     0.00000     0.00000     0.00000     0.00000     0.00000
     3.21500     0.00000     0.00007    -0.00007     0.00000     0.00000     0.00000     0.00000     0.00000
     3.22000     0.00000     0.00007    -0.00007     0.00000     0.00000     0.00000     0.00000     0.00000
     3.22500     0.00000     0.00007    -0.00007     0.00000     0.00000     0.00000     0.00000     0.00000
     3.23000     0.00000     0.00007    -0.00006     0.00000     0.00000     0.00000     0.00000     0.00000
     3.23500     0.00000     0.00007    -0.00006     0.00000     0.00000     0.00000     0.00000     0.00000
     3.24000     0.00000     0.00007    -0.00006     0.00000     0.00000     0.00000     0.00000     0.00000
     3.24500     0.00000     0.00007    -0.00006     0.00000     0.00000     0.00000     0.00000     0.00000
     3.25000     0.00000     0.00007    -0.00006     0.00000     0.00000     0.00000     0.00000     0.00000
     3.25500     0.00000     0.00007    -0.00006     0.00000     0.00000     0.00000     0.00000     0.00000
     3.26000     0.00000     0.00007    -0.00006     0.00000     0.00000     0.00000     0.00000     0.00000
     3.26500     0.00000     0.00007    -0.00006     0.00000     0.00000     0.00000     0.00000     0.00000
     3.27000     0.00000     0.00006    -0.00006     0.00000     0.00000     0.00000     0.00000     0.00000
     3.27500     0.00000     0.00006    -0.00006     0.00000     0.00000     0.00000     0.00000     0.00000
     3.28000     0.00000     0.00006    -0.00006     0.00000     0.00000     0.00000     0.00000     0.00000
     3.28500     0.00000     0.00006    -0.00006     0.00000     0.00000     0.00000     0.00000     0.00000
     3.29000     0.00000     0.00006    -0.00006     0.00000     0.00000     0.00000     0.00000     0.00000
     3.29500     0.00000     0.00006    -0.00005     0.00000     0.00000     0.00000     0.00000     0.00000
     3.30000     0.00000     0.00006    -0.00005     0.00000     0.00000     0.00000     0.00000     0.00000
     3.30500     0.00000     0.00006    -0.00005     0.00000     0.00000     0.00000     0.00000     0.00000
     3.31000     0.00000     0.00006    -0.00005     0.00000     0.00000     0.00000     0.00000     0.00000
     3.31500     0.00000     0.00006    -0.00005     0.00000     0.00000     0.00000     0.00000     0.00000
     3.32000     0.00000     0.00006    -0.00005     0.00000     0.00000     0.00000     0.00000     0.00000
     3.32500     0.00000     0.00006    -0.00005     0.00000     0.00000     0.00000     0.00000     0.00000
     3.33000     0.00000     0.00006    -0.00005     0.00000     0.00000     0.00000     0.00000     0.00000
     3.33500     0.00000     0.00006    -0.00005     0.00000     0.00000     0.00000     0.00000     0.00000
     3.34000     0.00000     0.00005    -0.00005     0.00000     0.00000     0.00000     0.00000     0.00000
     3.34500     0.00000     0.00005    -0.00005     0.00000     0.00000     0.00000     0.00000     0.00000
     3.35000     0.00000     0.00005    -0.00005     0.00000     0.00000     0.00000     0.00000     0.00000
     3.35500     0.00000     0.00005    -0.00005     0.00000     0.00000     0.00000     0.00000     0.00000
     3.36000     0.00000     0.00005    -0.00005     0.00000     0.00000     0.00000     0.00000     0.00000
     3.36500     0.00000     0.00005    -0.00005     0.00000     0.00000     0.00000     0.00000     0.00000
     3.37000     0.00000     0.00005    -0.00005     0.00000     0.00000     0.00000     0.00000     0.00000
     3.37500     0.00000     0.00005    -0.00005     0.00000     0.00000     0.00000     0.00000     0.00000
     3.38000     0.00000     0.00005    -0.00004     0.00000     0.00000     0.00000     0.00000     0.00000
     3.38500     0.00000     0.00005    -0.00004     0.00000     0.00000     0.00000     0.00000     0.00000
     3.39000     0.00000     0.00005    -0.00004     0.00000     0.00000     0.00000     0.00000     0.00000
     3.39500     0.00000     0.00005    -0.00004     0.00000     0.00000     0.00000     0.00000     0.00000
     3.40000     0.00000     0.00005    -0.00004     0.00000     0.00000     0.00000     0.00000     0.00000
     3.40500     0.00000     0.00005    -0.00004     0.00000     0.00000     0.00000     0.00000     0.00000
     3.41000     0.00000     0.00005    -0.00004     0.00000     0.00000     0.00000     0.00000     0.00000
     3.41500     0.00000     0.00005    -0.00004     0.00000     0.00000     0.00000     0.00000     0.00000
     3.42000     0.00000     0.00005    -0.00004     0.00000     0.00000     0.00000     0.00000     0.00000
     3.42500     0.00000     0.00004    -0.00004     0.00000     0.00000     0.00000     0.00000     0.00000
     3.43000     0.00000     0.00004    -0.00004     0.00000     0.00000     0.00000     0.00000     0.00000
     3.43500     0.00000     0.00004    -0.00004     0.00000     0.00000     0.00000     0.00000     0.00000
     3.44000     0.00000     0.00004    -0.00004     0.00000     0.00000     0.00000     0.00000     0.00000
     3.44500     0.00000     0.00004    -0.00004     0.00000     0.00000     0.00000     0.00000     0.00000
     3.45000     0.00000     0.00004    -0.00004     0.00000     0.00000     0.00000     0.00000     0.00000
     3.45500     0.00000     0.00004    -0.00004     0.00000     0.00000     0.00000     0.00000     0.00000
     3.46000     0.00000     0.00004    -0.00004     0.00000     0.00000     0.00000     0.00000     0.00000
     3.46500     0.00000     0.00004    -0.00004     0.00000     0.00000     0.00000     0.00000     0.00000
     3.47000     0.00000     0.00004    -0.00004     0.00000     0.00000     0.00000     0.00000     0.00000
     3.47500     0.00000     0.00004    -0.00004     0.00000     0.00000     0.00000     0.00000     0.00000
     3.48000     0.00000     0.00004    -0.00003     0.00000     0.00000     0.00000     0.00000     0.00000
     3.48500     0.00000     0.00004    -0.00003     0.00000     0.00000     0.00000     0.00000     0.00000
     3.49000     0.00000     0.00004    -0.00003     0.00000     0.00000     0.00000     0.00000     0.00000
     3.49500     0.00000     0.00004    -0.00003     0.00000     0.00000     0.00000     0.00000     0.00000
     3.50000     0.00000     0.00004    -0.00003     0.00000     0.00000     0.00000     0.00000     0.00000
     3.50500     0.00000     0.00004    -0.00003     0.00000     0.00000     0.00000     0.00000     0.00000
     3.51000     0.00000     0.00004    -0.00003     0.00000     0.00000     0.00000     0.00000     0.00000
     3.51500     0.00000     0.00004    -0.00003     0.00000     0.00000     0.00000     0.00000     0.00000
     3.52000     0.00000     0.00004    -0.00003     0.00000     0.00000     0.00000     0.00000     0.00000
     3.52500     0.00000     0.00004    -0.00003     0.00000     0.00000     0.00000     0.00000     0.00000
     3.53000     0.00000     0.00004    -0.00003     0.00000     0.00000     0.00000     0.00000     0.00000
     3.53500     0.00000     0.00003    -0.00003     0.00000     0.00000     0.00000     0.00000     0.00000
     3.54000     0.00000     0.00003    -0.00003     0.00000     0.00000     0.00000     0.00000     0.00000
     3.54500     0.00000     0.00003    -0.00003     0.00000     0.00000     0.00000     0.00000     0.00000
     3.55000     0.00000     0.00003    -0.00003     0.00000     0.00000     0.00000     0.00000     0.00000
     3.55500     0.00000     0.00003    -0.00003     0.00000     0.00000     0.00000     0.00000     0.00000
     3.56000     0.00000     0.00003    -0.00003     0.00000     0.00000     0.00000     0.00000     0.00000
     3.56500     0.00000     0.00003    -0.00003     0.00000     0.00000     0.00000     0.00000     0.00000
     3.57000     0.00000     0.00003    -0.00003     0.00000     0.00000     0.00000     0.00000     0.00000
     3.57500     0.00000     0.00003    -0.00003     0.00000     0.00000     0.00000     0.00000     0.00000
     3.58000     0.00000     0.00003    -0.00003     0.00000     0.00000     0.00000     0.00000     0.00000
     3.58500     0.00000     0.00003    -0.00003     0.00000     0.00000     0.00000     0.00000     0.00000
     3.59000     0.00000     0.00003    -0.00003     0.00000     0.00000     0.00000     0.00000     0.00000
     3.59500     0.00000     0.00003    -0.00003     0.00000     0.00000     0.00000     0.00000     0.00000
     3.60000     0.00000     0.00003    -0.00003     0.00000     0.00000     0.00000     0.00000     0.00000
     3.60500     0.00000     0.00003    -0.00003     0.00000     0.00000     0.00000     0.00000     0.00000
     3.61000     0.00000     0.00003    -0.00003     0.00000     0.00000     0.00000     0.00000     0.00000
     3.61500     0.00000     0.00003    -0.00003     0.00000     0.00000     0.00000     0.00000     0.00000
     3.62000     0.00000     0.00003    -0.00002     0.00000     0.00000     0.00000     0.00000     0.00000
     3.62500     0.00000     0.00003    -0.00002     0.00000     0.00000     0.00000     0.00000     0.00000
     3.63000     0.00000     0.00003    -0.00002     0.00000     0.00000     0.00000     0.00000     0.00000
     3.63500     0.00000     0.00003    -0.00002     0.00000     0.00000     0.00000     0.00000     0.00000
     3.64000     0.00000     0.00003    -0.00002     0.00000     0.00000     0.00000     0.00000     0.00000
     3.64500     0.00000     0.00003    -0.00002     0.00000     0.00000     0.00000     0.00000     0.00000
     3.65000     0.00000     0.00003    -0.00002     0.00000     0.00000     0.00000     0.00000     0.00000
     3.65500     0.00000     0.00003    -0.00002     0.00000     0.00000     0.00000     0.00000     0.00000
     3.66000     0.00000     0.00003    -0.00002     0.00000     0.00000     0.00000     0.00000     0.00000
     3.66500     0.00000     0.00003    -0.00002     0.00000     0.00000     0.00000     0.00000     0.00000
     3.67000     0.00000     0.00003    -0.00002     0.00000     0.00000     0.00000     0.00000     0.00000
     3.67500     0.00000     0.00003    -0.00002     0.00000     0.00000     0.00000     0.00000     0.00000
     3.68000     0.00000     0.00002    -0.00002     0.00000     0.00000     0.00000     0.00000     0.00000
     3.68500     0.00000     0.00002    -0.00002     0.00000     0.00000     0.00000     0.00000     0.00000
     3.69000     0.00000     0.00002    -0.00002     0.00000     0.00000     0.00000     0.00000     0.00000
     3.69500     0.00000     0.00002    -0.00002     0.00000     0.00000     0.00000     0.00000     0.00000
     3.70000     0.00000     0.00002    -0.00002     0.00000     0.00000     0.00000     0.00000     0.00000
     3.70500     0.00000     0.00002    -0.00002     0.00000     0.00000     0.00000     0.00000     0.00000
     3.71000     0.00000     0.00002    -0.00002     0.00000     0.00000     0.00000     0.00000     0.00000
     3.71500     0.00000     0.00002    -0.00002     0.00000     0.00000     0.00000     0.00000     0.00000
     3.72000     0.00000     0.00002    -0.00002     0.00000     0.00000     0.00000     0.00000     0.00000
     3.72500     0.00000     0.00002    -0.00002     0.00000     0.00000     0.00000     0.00000     0.00000
     3.73000     0.00000     0.00002    -0.00002     0.00000     0.00000     0.00000     0.00000     0.00000
     3.73500     0.00000     0.00002    -0.00002     0.00000     0.00000     0.00000     0.00000     0.00000
     3.74000     0.00000     0.00002    -0.00002     0.00000     0.00000     0.00000     0.00000     0.00000
     3.74500     0.00000     0.00002    -0.00002     0.00000     0.00000     0.00000     0.00000     0.00000
     3.75000     0.00000     0.00002    -0.00002     0.00000     0.00000     0.00000     0.00000     0.00000
     3.75500     0.00000     0.00002    -0.00002     0.00000     0.00000     0.00000     0.00000     0.00000
     3.76000     0.00000     0.00002    -0.00002     0.00000     0.00000     0.00000     0.00000     0.00000
     3.76500     0.00000     0.00002    -0.00002     0.00000     0.00000     0.00000     0.00000     0.00000
     3.77000     0.00000     0.00002    -0.00002     0.00000     0.00000     0.00000     0.00000     0.00000
     3.77500     0.00000     0.00002    -0.00002     0.00000     0.00000     0.00000     0.00000     0.00000
     3.78000     0.00000     0.00002    -0.00002     0.00000     0.00000     0.00000     0.00000     0.00000
     3.78500     0.00000     0.00002    -0.00002     0.00000     0.00000     0.00000     0.00000     0.00000
     3.79000     0.00000     0.00002    -0.00002     0.00000     0.00000     0.00000     0.00000     0.00000
     3.79500     0.00000     0.00002    -0.00002     0.00000     0.00000     0.00000     0.00000     0.00000
     3.80000     0.00000     0.00002    -0.00002     0.00000     0.00000     0.00000     0.00000     0.00000
     3.80500     0.00000     0.00002    -0.00002     0.00000     0.00000     0.00000     0.00000     0.00000
     3.81000     0.00000     0.00002    -0.00002     0.00000     0.00000     0.00000     0.00000     0.00000
     3.81500     0.00000     0.00002    -0.00002     0.00000     0.00000     0.00000     0.00000     0.00000
     3.82000     0.00000     0.00002    -0.00002     0.00000     0.00000     0.00000     0.00000     0.00000
     3.82500     0.00000     0.00002    -0.00002     0.00000     0.00000     0.00000     0.00000     0.00000
     3.83000     0.00000     0.00002    -0.00001     0.00000     0.00000     0.00000     0.00000     0.00000
     3.83500     0.00000     0.00002    -0.00001     0.00000     0.00000     0.00000     0.00000     0.00000
     3.84000     0.00000     0.00002    -0.00001     0.00000     0.00000     0.00000     0.00000     0.00000
     3.84500     0.00000     0.00002    -0.00001     0.00000     0.00000     0.00000     0.00000     0.00000
     3.85000     0.00000     0.00002    -0.00001     0.00000     0.00000     0.00000     0.00000     0.00000
     3.85500     0.00000     0.00002    -0.00001     0.00000     0.00000     0.00000     0.00000     0.00000
     3.86000     0.00000     0.00002    -0.00001     0.00000     0.00000     0.00000     0.00000     0.00000
     3.86500     0.00000     0.00002    -0.00001     0.00000     0.00000     0.00000     0.00000     0.00000
     3.87000     0.00000     0.00002    -0.00001     0.00000     0.00000     0.00000     0.00000     0.00000
     3.87500     0.00000     0.00002    -0.00001     0.00000     0.00000     0.00000     0.00000     0.00000
     3.88000     0.00000     0.00002    -0.00001     0.00000     0.00000     0.00000     0.00000     0.00000
     3.88500     0.00000     0.00002    -0.00001     0.00000     0.00000     0.00000     0.00000     0.00000
     3.89000     0.00000     0.00002    -0.00001     0.00000     0.00000     0.00000     0.00000     0.00000
     3.89500     0.00000     0.00002    -0.00001     0.00000     0.00000     0.00000     0.00000     0.00000
     3.90000     0.00000     0.00002    -0.00001     0.00000     0.00000     0.00000     0.00000     0.00000
     3.90500     0.00000     0.00001    -0.00001     0.00000     0.00000     0.00000     0.00000     0.00000
     3.91000     0.00000     0.00001    -0.00001     0.00000     0.00000     0.00000     0.00000     0.00000
     3.91500     0.00000     0.00001    -0.00001     0.00000     0.00000     0.00000     0.00000     0.00000
     3.92000     0.00000     0.00001    -0.00001     0.00000     0.00000     0.00000     0.00000     0.00000
     3.92500     0.00000     0.00001    -0.00001     0.00000     0.00000     0.00000     0.00000     0.00000
     3.93000     0.00000     0.00001    -0.00001     0.00000     0.00000     0.00000     0.00000     0.00000
     3.93500     0.00000     0.00001    -0.00001     0.00000     0.00000     0.00000     0.00000     0.00000
     3.94000     0.00000     0.00001    -0.00001     0.00000     0.00000     0.00000     0.00000     0.00000
     3.94500     0.00000     0.00001    -0.00001     0.00000     0.00000     0.00000     0.00000     0.00000
     3.95000     0.00000     0.00001    -0.00001     0.00000     0.00000     0.00000     0.00000     0.00000
     3.95500     0.00000     0.00001    -0.00001     0.00000     0.00000     0.00000     0.00000     0.00000
     3.96000     0.00000     0.00001    -0.00001     0.00000     0.00000     0.00000     0.00000     0.00000
     3.96500     0.00000     0.00001    -0.00001     0.00000     0.00000     0.00000     0.00000     0.00000
     3.97000     0.00000     0.00001    -0.00001     0.00000     0.00000     0.00000     0.00000     0.00000
     3.97500     0.00000     0.00001    -0.00001     0.00000     0.00000     0.00000     0.00000     0.00000
     3.98000     0.00000     0.00001    -0.00001     0.00000     0.00000     0.00000     0.00000     0.00000
     3.98500     0.00000     0.00001    -0.00001     0.00000     0.00000     0.00000     0.00000     0.00000
     3.99000     0.00000     0.00001    -0.00001     0.00000     0.00000     0.00000     0.00000     0.00000
     3.99500     0.00000     0.00001    -0.00001     0.00000     0.00000     0.00000     0.00000     0.00000
     4.00000     0.00000     0.00001    -0.00001     0.00000     0.00000     0.00000     0.00000     0.00000
