 # F35_1905 FF
     0.00000    -0.00481    -0.21547     0.33857     0.00000     0.00000     0.00000     0.14861     0.00000
     0.00500    -0.00475    -0.21160     0.33211     0.00000     0.00000     0.00000     0.14713     0.00000
     0.01000    -0.00468    -0.20780     0.32577     0.00000     0.00000     0.00000     0.14568     0.00000
     0.01500    -0.00462    -0.20409     0.31958     0.00000     0.00000     0.00000     0.14425     0.00000
     0.02000    -0.00456    -0.20044     0.31352     0.00000     0.00000     0.00000     0.14284     0.00000
     0.02500    -0.00450    -0.19688     0.30759     0.00000     0.00000     0.00000     0.14145     0.00000
     0.03000    -0.00444    -0.19338     0.30178     0.00000     0.00000     0.00000     0.14008     0.00000
     0.03500    -0.00438    -0.18995     0.29610     0.00000     0.00000     0.00000     0.13873     0.00000
     0.04000    -0.00432    -0.18660     0.29054     0.00000     0.00000     0.00000     0.13739     0.00000
     0.04500    -0.00427    -0.18331     0.28510     0.00000     0.00000     0.00000     0.13608     0.00000
     0.05000    -0.00421    -0.18009     0.27977     0.00000     0.00000     0.00000     0.13479     0.00000
     0.05500    -0.00415    -0.17693     0.27455     0.00000     0.00000     0.00000     0.13352     0.00000
     0.06000    -0.00410    -0.17383     0.26944     0.00000     0.00000     0.00000     0.13226     0.00000
     0.06500    -0.00405    -0.17080     0.26444     0.00000     0.00000     0.00000     0.13102     0.00000
     0.07000    -0.00399    -0.16782     0.25954     0.00000     0.00000     0.00000     0.12980     0.00000
     0.07500    -0.00394    -0.16491     0.25474     0.00000     0.00000     0.00000     0.12859     0.00000
     0.08000    -0.00389    -0.16205     0.25005     0.00000     0.00000     0.00000     0.12741     0.00000
     0.08500    -0.00384    -0.15925     0.24545     0.00000     0.00000     0.00000     0.12623     0.00000
     0.09000    -0.00379    -0.15650     0.24094     0.00000     0.00000     0.00000     0.12508     0.00000
     0.09500    -0.00374    -0.15380     0.23653     0.00000     0.00000     0.00000     0.12394     0.00000
     0.10000    -0.00369    -0.15116     0.23220     0.00000     0.00000     0.00000     0.12281     0.00000
     0.10500    -0.00364    -0.14857     0.22797     0.00000     0.00000     0.00000     0.12171     0.00000
     0.11000    -0.00359    -0.14603     0.22382     0.00000     0.00000     0.00000     0.12061     0.00000
     0.11500    -0.00355    -0.14354     0.21976     0.00000     0.00000     0.00000     0.11953     0.00000
     0.12000    -0.00350    -0.14109     0.21577     0.00000     0.00000     0.00000     0.11847     0.00000
     0.12500    -0.00345    -0.13870     0.21187     0.00000     0.00000     0.00000     0.11742     0.00000
     0.13000    -0.00341    -0.13634     0.20805     0.00000     0.00000     0.00000     0.11638     0.00000
     0.13500    -0.00337    -0.13404     0.20430     0.00000     0.00000     0.00000     0.11536     0.00000
     0.14000    -0.00332    -0.13177     0.20063     0.00000     0.00000     0.00000     0.11435     0.00000
     0.14500    -0.00328    -0.12955     0.19703     0.00000     0.00000     0.00000     0.11335     0.00000
     0.15000    -0.00324    -0.12738     0.19351     0.00000     0.00000     0.00000     0.11237     0.00000
     0.15500    -0.00319    -0.12524     0.19005     0.00000     0.00000     0.00000     0.11140     0.00000
     0.16000    -0.00315    -0.12314     0.18666     0.00000     0.00000     0.00000     0.11044     0.00000
     0.16500    -0.00311    -0.12108     0.18334     0.00000     0.00000     0.00000     0.10949     0.00000
     0.17000    -0.00307    -0.11906     0.18008     0.00000     0.00000     0.00000     0.10856     0.00000
     0.17500    -0.00303    -0.11708     0.17689     0.00000     0.00000     0.00000     0.10764     0.00000
     0.18000    -0.00299    -0.11514     0.17376     0.00000     0.00000     0.00000     0.10673     0.00000
     0.18500    -0.00295    -0.11323     0.17069     0.00000     0.00000     0.00000     0.10583     0.00000
     0.19000    -0.00292    -0.11135     0.16769     0.00000     0.00000     0.00000     0.10494     0.00000
     0.19500    -0.00288    -0.10951     0.16474     0.00000     0.00000     0.00000     0.10406     0.00000
     0.20000    -0.00284    -0.10771     0.16184     0.00000     0.00000     0.00000     0.10320     0.00000
     0.20500    -0.00281    -0.10594     0.15901     0.00000     0.00000     0.00000     0.10234     0.00000
     0.21000    -0.00277    -0.10420     0.15623     0.00000     0.00000     0.00000     0.10150     0.00000
     0.21500    -0.00273    -0.10249     0.15350     0.00000     0.00000     0.00000     0.10067     0.00000
     0.22000    -0.00270    -0.10081     0.15082     0.00000     0.00000     0.00000     0.09984     0.00000
     0.22500    -0.00267    -0.09917     0.14820     0.00000     0.00000     0.00000     0.09903     0.00000
     0.23000    -0.00263    -0.09755     0.14563     0.00000     0.00000     0.00000     0.09823     0.00000
     0.23500    -0.00260    -0.09596     0.14310     0.00000     0.00000     0.00000     0.09743     0.00000
     0.24000    -0.00256    -0.09440     0.14063     0.00000     0.00000     0.00000     0.09665     0.00000
     0.24500    -0.00253    -0.09287     0.13820     0.00000     0.00000     0.00000     0.09587     0.00000
     0.25000    -0.00250    -0.09137     0.13581     0.00000     0.00000     0.00000     0.09511     0.00000
     0.25500    -0.00247    -0.08989     0.13348     0.00000     0.00000     0.00000     0.09435     0.00000
     0.26000    -0.00244    -0.08844     0.13118     0.00000     0.00000     0.00000     0.09360     0.00000
     0.26500    -0.00241    -0.08702     0.12893     0.00000     0.00000     0.00000     0.09287     0.00000
     0.27000    -0.00237    -0.08562     0.12672     0.00000     0.00000     0.00000     0.09214     0.00000
     0.27500    -0.00234    -0.08425     0.12456     0.00000     0.00000     0.00000     0.09141     0.00000
     0.28000    -0.00232    -0.08290     0.12243     0.00000     0.00000     0.00000     0.09070     0.00000
     0.28500    -0.00229    -0.08157     0.12034     0.00000     0.00000     0.00000     0.09000     0.00000
     0.29000    -0.00226    -0.08027     0.11830     0.00000     0.00000     0.00000     0.08930     0.00000
     0.29500    -0.00223    -0.07899     0.11629     0.00000     0.00000     0.00000     0.08861     0.00000
     0.30000    -0.00220    -0.07773     0.11432     0.00000     0.00000     0.00000     0.08793     0.00000
     0.30500    -0.00217    -0.07650     0.11238     0.00000     0.00000     0.00000     0.08726     0.00000
     0.31000    -0.00215    -0.07529     0.11048     0.00000     0.00000     0.00000     0.08660     0.00000
     0.31500    -0.00212    -0.07409     0.10862     0.00000     0.00000     0.00000     0.08594     0.00000
     0.32000    -0.00209    -0.07292     0.10679     0.00000     0.00000     0.00000     0.08529     0.00000
     0.32500    -0.00207    -0.07177     0.10499     0.00000     0.00000     0.00000     0.08465     0.00000
     0.33000    -0.00204    -0.07064     0.10323     0.00000     0.00000     0.00000     0.08401     0.00000
     0.33500    -0.00201    -0.06953     0.10149     0.00000     0.00000     0.00000     0.08338     0.00000
     0.34000    -0.00199    -0.06844     0.09980     0.00000     0.00000     0.00000     0.08276     0.00000
     0.34500    -0.00196    -0.06736     0.09813     0.00000     0.00000     0.00000     0.08215     0.00000
     0.35000    -0.00194    -0.06631     0.09649     0.00000     0.00000     0.00000     0.08154     0.00000
     0.35500    -0.00191    -0.06527     0.09488     0.00000     0.00000     0.00000     0.08094     0.00000
     0.36000    -0.00189    -0.06425     0.09330     0.00000     0.00000     0.00000     0.08034     0.00000
     0.36500    -0.00187    -0.06325     0.09175     0.00000     0.00000     0.00000     0.07976     0.00000
     0.37000    -0.00184    -0.06227     0.09023     0.00000     0.00000     0.00000     0.07918     0.00000
     0.37500    -0.00182    -0.06130     0.08873     0.00000     0.00000     0.00000     0.07860     0.00000
     0.38000    -0.00180    -0.06035     0.08726     0.00000     0.00000     0.00000     0.07803     0.00000
     0.38500    -0.00178    -0.05941     0.08582     0.00000     0.00000     0.00000     0.07747     0.00000
     0.39000    -0.00175    -0.05850     0.08441     0.00000     0.00000     0.00000     0.07691     0.00000
     0.39500    -0.00173    -0.05759     0.08302     0.00000     0.00000     0.00000     0.07636     0.00000
     0.40000    -0.00171    -0.05670     0.08165     0.00000     0.00000     0.00000     0.07582     0.00000
     0.40500    -0.00169    -0.05583     0.08031     0.00000     0.00000     0.00000     0.07528     0.00000
     0.41000    -0.00167    -0.05497     0.07899     0.00000     0.00000     0.00000     0.07475     0.00000
     0.41500    -0.00165    -0.05413     0.07770     0.00000     0.00000     0.00000     0.07422     0.00000
     0.42000    -0.00163    -0.05330     0.07643     0.00000     0.00000     0.00000     0.07370     0.00000
     0.42500    -0.00161    -0.05248     0.07518     0.00000     0.00000     0.00000     0.07318     0.00000
     0.43000    -0.00159    -0.05168     0.07395     0.00000     0.00000     0.00000     0.07267     0.00000
     0.43500    -0.00157    -0.05089     0.07275     0.00000     0.00000     0.00000     0.07217     0.00000
     0.44000    -0.00155    -0.05011     0.07156     0.00000     0.00000     0.00000     0.07167     0.00000
     0.44500    -0.00153    -0.04935     0.07040     0.00000     0.00000     0.00000     0.07117     0.00000
     0.45000    -0.00151    -0.04860     0.06926     0.00000     0.00000     0.00000     0.07068     0.00000
     0.45500    -0.00149    -0.04786     0.06814     0.00000     0.00000     0.00000     0.07020     0.00000
     0.46000    -0.00147    -0.04713     0.06703     0.00000     0.00000     0.00000     0.06972     0.00000
     0.46500    -0.00145    -0.04642     0.06595     0.00000     0.00000     0.00000     0.06924     0.00000
     0.47000    -0.00144    -0.04572     0.06489     0.00000     0.00000     0.00000     0.06877     0.00000
     0.47500    -0.00142    -0.04503     0.06384     0.00000     0.00000     0.00000     0.06830     0.00000
     0.48000    -0.00140    -0.04435     0.06281     0.00000     0.00000     0.00000     0.06784     0.00000
     0.48500    -0.00138    -0.04368     0.06180     0.00000     0.00000     0.00000     0.06739     0.00000
     0.49000    -0.00137    -0.04302     0.06081     0.00000     0.00000     0.00000     0.06694     0.00000
     0.49500    -0.00135    -0.04237     0.05984     0.00000     0.00000     0.00000     0.06649     0.00000
     0.50000    -0.00133    -0.04174     0.05888     0.00000     0.00000     0.00000     0.06605     0.00000
     0.50500    -0.00132    -0.04111     0.05794     0.00000     0.00000     0.00000     0.06561     0.00000
     0.51000    -0.00130    -0.04050     0.05701     0.00000     0.00000     0.00000     0.06518     0.00000
     0.51500    -0.00128    -0.03989     0.05610     0.00000     0.00000     0.00000     0.06475     0.00000
     0.52000    -0.00127    -0.03929     0.05521     0.00000     0.00000     0.00000     0.06432     0.00000
     0.52500    -0.00125    -0.03871     0.05433     0.00000     0.00000     0.00000     0.06390     0.00000
     0.53000    -0.00124    -0.03813     0.05346     0.00000     0.00000     0.00000     0.06348     0.00000
     0.53500    -0.00122    -0.03756     0.05262     0.00000     0.00000     0.00000     0.06307     0.00000
     0.54000    -0.00121    -0.03701     0.05178     0.00000     0.00000     0.00000     0.06266     0.00000
     0.54500    -0.00119    -0.03646     0.05096     0.00000     0.00000     0.00000     0.06226     0.00000
     0.55000    -0.00118    -0.03592     0.05015     0.00000     0.00000     0.00000     0.06185     0.00000
     0.55500    -0.00116    -0.03538     0.04936     0.00000     0.00000     0.00000     0.06146     0.00000
     0.56000    -0.00115    -0.03486     0.04858     0.00000     0.00000     0.00000     0.06106     0.00000
     0.56500    -0.00113    -0.03434     0.04782     0.00000     0.00000     0.00000     0.06067     0.00000
     0.57000    -0.00112    -0.03384     0.04706     0.00000     0.00000     0.00000     0.06029     0.00000
     0.57500    -0.00111    -0.03334     0.04632     0.00000     0.00000     0.00000     0.05991     0.00000
     0.58000    -0.00109    -0.03285     0.04560     0.00000     0.00000     0.00000     0.05953     0.00000
     0.58500    -0.00108    -0.03236     0.04488     0.00000     0.00000     0.00000     0.05915     0.00000
     0.59000    -0.00107    -0.03189     0.04418     0.00000     0.00000     0.00000     0.05878     0.00000
     0.59500    -0.00105    -0.03142     0.04349     0.00000     0.00000     0.00000     0.05841     0.00000
     0.60000    -0.00104    -0.03096     0.04281     0.00000     0.00000     0.00000     0.05805     0.00000
     0.60500    -0.00103    -0.03051     0.04214     0.00000     0.00000     0.00000     0.05769     0.00000
     0.61000    -0.00102    -0.03006     0.04148     0.00000     0.00000     0.00000     0.05733     0.00000
     0.61500    -0.00100    -0.02962     0.04083     0.00000     0.00000     0.00000     0.05698     0.00000
     0.62000    -0.00099    -0.02919     0.04020     0.00000     0.00000     0.00000     0.05662     0.00000
     0.62500    -0.00098    -0.02876     0.03957     0.00000     0.00000     0.00000     0.05628     0.00000
     0.63000    -0.00097    -0.02835     0.03896     0.00000     0.00000     0.00000     0.05593     0.00000
     0.63500    -0.00096    -0.02793     0.03835     0.00000     0.00000     0.00000     0.05559     0.00000
     0.64000    -0.00094    -0.02753     0.03776     0.00000     0.00000     0.00000     0.05525     0.00000
     0.64500    -0.00093    -0.02713     0.03717     0.00000     0.00000     0.00000     0.05492     0.00000
     0.65000    -0.00092    -0.02673     0.03660     0.00000     0.00000     0.00000     0.05458     0.00000
     0.65500    -0.00091    -0.02635     0.03603     0.00000     0.00000     0.00000     0.05426     0.00000
     0.66000    -0.00090    -0.02597     0.03548     0.00000     0.00000     0.00000     0.05393     0.00000
     0.66500    -0.00089    -0.02559     0.03493     0.00000     0.00000     0.00000     0.05361     0.00000
     0.67000    -0.00088    -0.02522     0.03439     0.00000     0.00000     0.00000     0.05328     0.00000
     0.67500    -0.00087    -0.02486     0.03386     0.00000     0.00000     0.00000     0.05297     0.00000
     0.68000    -0.00086    -0.02450     0.03334     0.00000     0.00000     0.00000     0.05265     0.00000
     0.68500    -0.00085    -0.02415     0.03283     0.00000     0.00000     0.00000     0.05234     0.00000
     0.69000    -0.00084    -0.02380     0.03233     0.00000     0.00000     0.00000     0.05203     0.00000
     0.69500    -0.00083    -0.02346     0.03183     0.00000     0.00000     0.00000     0.05172     0.00000
     0.70000    -0.00082    -0.02312     0.03134     0.00000     0.00000     0.00000     0.05142     0.00000
     0.70500    -0.00081    -0.02279     0.03086     0.00000     0.00000     0.00000     0.05112     0.00000
     0.71000    -0.00080    -0.02246     0.03039     0.00000     0.00000     0.00000     0.05082     0.00000
     0.71500    -0.00079    -0.02214     0.02993     0.00000     0.00000     0.00000     0.05053     0.00000
     0.72000    -0.00078    -0.02183     0.02947     0.00000     0.00000     0.00000     0.05023     0.00000
     0.72500    -0.00077    -0.02151     0.02902     0.00000     0.00000     0.00000     0.04994     0.00000
     0.73000    -0.00076    -0.02121     0.02858     0.00000     0.00000     0.00000     0.04965     0.00000
     0.73500    -0.00075    -0.02090     0.02815     0.00000     0.00000     0.00000     0.04937     0.00000
     0.74000    -0.00074    -0.02061     0.02772     0.00000     0.00000     0.00000     0.04908     0.00000
     0.74500    -0.00073    -0.02031     0.02730     0.00000     0.00000     0.00000     0.04880     0.00000
     0.75000    -0.00072    -0.02003     0.02689     0.00000     0.00000     0.00000     0.04852     0.00000
     0.75500    -0.00071    -0.01974     0.02648     0.00000     0.00000     0.00000     0.04825     0.00000
     0.76000    -0.00071    -0.01946     0.02608     0.00000     0.00000     0.00000     0.04797     0.00000
     0.76500    -0.00070    -0.01919     0.02568     0.00000     0.00000     0.00000     0.04770     0.00000
     0.77000    -0.00069    -0.01891     0.02530     0.00000     0.00000     0.00000     0.04743     0.00000
     0.77500    -0.00068    -0.01865     0.02491     0.00000     0.00000     0.00000     0.04717     0.00000
     0.78000    -0.00067    -0.01838     0.02454     0.00000     0.00000     0.00000     0.04690     0.00000
     0.78500    -0.00066    -0.01812     0.02417     0.00000     0.00000     0.00000     0.04664     0.00000
     0.79000    -0.00066    -0.01787     0.02381     0.00000     0.00000     0.00000     0.04638     0.00000
     0.79500    -0.00065    -0.01762     0.02345     0.00000     0.00000     0.00000     0.04612     0.00000
     0.80000    -0.00064    -0.01737     0.02310     0.00000     0.00000     0.00000     0.04587     0.00000
     0.80500    -0.00063    -0.01712     0.02275     0.00000     0.00000     0.00000     0.04561     0.00000
     0.81000    -0.00063    -0.01688     0.02241     0.00000     0.00000     0.00000     0.04536     0.00000
     0.81500    -0.00062    -0.01665     0.02207     0.00000     0.00000     0.00000     0.04511     0.00000
     0.82000    -0.00061    -0.01641     0.02174     0.00000     0.00000     0.00000     0.04486     0.00000
     0.82500    -0.00060    -0.01618     0.02142     0.00000     0.00000     0.00000     0.04462     0.00000
     0.83000    -0.00060    -0.01596     0.02110     0.00000     0.00000     0.00000     0.04437     0.00000
     0.83500    -0.00059    -0.01573     0.02078     0.00000     0.00000     0.00000     0.04413     0.00000
     0.84000    -0.00058    -0.01551     0.02047     0.00000     0.00000     0.00000     0.04389     0.00000
     0.84500    -0.00057    -0.01530     0.02017     0.00000     0.00000     0.00000     0.04366     0.00000
     0.85000    -0.00057    -0.01508     0.01987     0.00000     0.00000     0.00000     0.04342     0.00000
     0.85500    -0.00056    -0.01487     0.01957     0.00000     0.00000     0.00000     0.04319     0.00000
     0.86000    -0.00055    -0.01467     0.01928     0.00000     0.00000     0.00000     0.04295     0.00000
     0.86500    -0.00055    -0.01446     0.01899     0.00000     0.00000     0.00000     0.04272     0.00000
     0.87000    -0.00054    -0.01426     0.01871     0.00000     0.00000     0.00000     0.04250     0.00000
     0.87500    -0.00053    -0.01406     0.01844     0.00000     0.00000     0.00000     0.04227     0.00000
     0.88000    -0.00053    -0.01387     0.01816     0.00000     0.00000     0.00000     0.04205     0.00000
     0.88500    -0.00052    -0.01367     0.01789     0.00000     0.00000     0.00000     0.04182     0.00000
     0.89000    -0.00052    -0.01349     0.01763     0.00000     0.00000     0.00000     0.04160     0.00000
     0.89500    -0.00051    -0.01330     0.01737     0.00000     0.00000     0.00000     0.04138     0.00000
     0.90000    -0.00050    -0.01311     0.01711     0.00000     0.00000     0.00000     0.04117     0.00000
     0.90500    -0.00050    -0.01293     0.01686     0.00000     0.00000     0.00000     0.04095     0.00000
     0.91000    -0.00049    -0.01275     0.01661     0.00000     0.00000     0.00000     0.04074     0.00000
     0.91500    -0.00049    -0.01258     0.01637     0.00000     0.00000     0.00000     0.04052     0.00000
     0.92000    -0.00048    -0.01241     0.01613     0.00000     0.00000     0.00000     0.04031     0.00000
     0.92500    -0.00047    -0.01223     0.01589     0.00000     0.00000     0.00000     0.04010     0.00000
     0.93000    -0.00047    -0.01207     0.01566     0.00000     0.00000     0.00000     0.03990     0.00000
     0.93500    -0.00046    -0.01190     0.01543     0.00000     0.00000     0.00000     0.03969     0.00000
     0.94000    -0.00046    -0.01174     0.01520     0.00000     0.00000     0.00000     0.03949     0.00000
     0.94500    -0.00045    -0.01157     0.01498     0.00000     0.00000     0.00000     0.03928     0.00000
     0.95000    -0.00045    -0.01142     0.01476     0.00000     0.00000     0.00000     0.03908     0.00000
     0.95500    -0.00044    -0.01126     0.01454     0.00000     0.00000     0.00000     0.03888     0.00000
     0.96000    -0.00044    -0.01111     0.01433     0.00000     0.00000     0.00000     0.03868     0.00000
     0.96500    -0.00043    -0.01095     0.01412     0.00000     0.00000     0.00000     0.03849     0.00000
     0.97000    -0.00043    -0.01080     0.01391     0.00000     0.00000     0.00000     0.03829     0.00000
     0.97500    -0.00042    -0.01066     0.01371     0.00000     0.00000     0.00000     0.03810     0.00000
     0.98000    -0.00042    -0.01051     0.01351     0.00000     0.00000     0.00000     0.03791     0.00000
     0.98500    -0.00041    -0.01037     0.01332     0.00000     0.00000     0.00000     0.03772     0.00000
     0.99000    -0.00041    -0.01023     0.01312     0.00000     0.00000     0.00000     0.03753     0.00000
     0.99500    -0.00040    -0.01009     0.01293     0.00000     0.00000     0.00000     0.03734     0.00000
     1.00000    -0.00040    -0.00995     0.01274     0.00000     0.00000     0.00000     0.03715     0.00000
     1.00500    -0.00039    -0.00981     0.01256     0.00000     0.00000     0.00000     0.03697     0.00000
     1.01000    -0.00039    -0.00968     0.01238     0.00000     0.00000     0.00000     0.03678     0.00000
     1.01500    -0.00038    -0.00955     0.01220     0.00000     0.00000     0.00000     0.03660     0.00000
     1.02000    -0.00038    -0.00942     0.01202     0.00000     0.00000     0.00000     0.03642     0.00000
     1.02500    -0.00037    -0.00929     0.01185     0.00000     0.00000     0.00000     0.03624     0.00000
     1.03000    -0.00037    -0.00916     0.01167     0.00000     0.00000     0.00000     0.03606     0.00000
     1.03500    -0.00037    -0.00904     0.01151     0.00000     0.00000     0.00000     0.03588     0.00000
     1.04000    -0.00036    -0.00892     0.01134     0.00000     0.00000     0.00000     0.03571     0.00000
     1.04500    -0.00036    -0.00880     0.01118     0.00000     0.00000     0.00000     0.03553     0.00000
     1.05000    -0.00035    -0.00868     0.01101     0.00000     0.00000     0.00000     0.03536     0.00000
     1.05500    -0.00035    -0.00856     0.01086     0.00000     0.00000     0.00000     0.03519     0.00000
     1.06000    -0.00034    -0.00845     0.01070     0.00000     0.00000     0.00000     0.03502     0.00000
     1.06500    -0.00034    -0.00833     0.01055     0.00000     0.00000     0.00000     0.03485     0.00000
     1.07000    -0.00034    -0.00822     0.01039     0.00000     0.00000     0.00000     0.03468     0.00000
     1.07500    -0.00033    -0.00811     0.01025     0.00000     0.00000     0.00000     0.03451     0.00000
     1.08000    -0.00033    -0.00800     0.01010     0.00000     0.00000     0.00000     0.03435     0.00000
     1.08500    -0.00032    -0.00789     0.00995     0.00000     0.00000     0.00000     0.03418     0.00000
     1.09000    -0.00032    -0.00779     0.00981     0.00000     0.00000     0.00000     0.03402     0.00000
     1.09500    -0.00032    -0.00768     0.00967     0.00000     0.00000     0.00000     0.03386     0.00000
     1.10000    -0.00031    -0.00758     0.00953     0.00000     0.00000     0.00000     0.03370     0.00000
     1.10500    -0.00031    -0.00748     0.00940     0.00000     0.00000     0.00000     0.03354     0.00000
     1.11000    -0.00031    -0.00738     0.00926     0.00000     0.00000     0.00000     0.03338     0.00000
     1.11500    -0.00030    -0.00728     0.00913     0.00000     0.00000     0.00000     0.03322     0.00000
     1.12000    -0.00030    -0.00718     0.00900     0.00000     0.00000     0.00000     0.03306     0.00000
     1.12500    -0.00030    -0.00708     0.00887     0.00000     0.00000     0.00000     0.03291     0.00000
     1.13000    -0.00029    -0.00699     0.00874     0.00000     0.00000     0.00000     0.03275     0.00000
     1.13500    -0.00029    -0.00690     0.00862     0.00000     0.00000     0.00000     0.03260     0.00000
     1.14000    -0.00028    -0.00680     0.00850     0.00000     0.00000     0.00000     0.03245     0.00000
     1.14500    -0.00028    -0.00671     0.00838     0.00000     0.00000     0.00000     0.03230     0.00000
     1.15000    -0.00028    -0.00662     0.00826     0.00000     0.00000     0.00000     0.03215     0.00000
     1.15500    -0.00028    -0.00653     0.00814     0.00000     0.00000     0.00000     0.03200     0.00000
     1.16000    -0.00027    -0.00645     0.00802     0.00000     0.00000     0.00000     0.03185     0.00000
     1.16500    -0.00027    -0.00636     0.00791     0.00000     0.00000     0.00000     0.03170     0.00000
     1.17000    -0.00027    -0.00628     0.00780     0.00000     0.00000     0.00000     0.03156     0.00000
     1.17500    -0.00026    -0.00619     0.00769     0.00000     0.00000     0.00000     0.03141     0.00000
     1.18000    -0.00026    -0.00611     0.00758     0.00000     0.00000     0.00000     0.03127     0.00000
     1.18500    -0.00026    -0.00603     0.00747     0.00000     0.00000     0.00000     0.03113     0.00000
     1.19000    -0.00025    -0.00595     0.00736     0.00000     0.00000     0.00000     0.03098     0.00000
     1.19500    -0.00025    -0.00587     0.00726     0.00000     0.00000     0.00000     0.03084     0.00000
     1.20000    -0.00025    -0.00579     0.00716     0.00000     0.00000     0.00000     0.03070     0.00000
     1.20500    -0.00024    -0.00572     0.00706     0.00000     0.00000     0.00000     0.03056     0.00000
     1.21000    -0.00024    -0.00564     0.00696     0.00000     0.00000     0.00000     0.03043     0.00000
     1.21500    -0.00024    -0.00557     0.00686     0.00000     0.00000     0.00000     0.03029     0.00000
     1.22000    -0.00024    -0.00549     0.00676     0.00000     0.00000     0.00000     0.03015     0.00000
     1.22500    -0.00023    -0.00542     0.00667     0.00000     0.00000     0.00000     0.03002     0.00000
     1.23000    -0.00023    -0.00535     0.00657     0.00000     0.00000     0.00000     0.02988     0.00000
     1.23500    -0.00023    -0.00528     0.00648     0.00000     0.00000     0.00000     0.02975     0.00000
     1.24000    -0.00023    -0.00521     0.00639     0.00000     0.00000     0.00000     0.02962     0.00000
     1.24500    -0.00022    -0.00514     0.00630     0.00000     0.00000     0.00000     0.02949     0.00000
     1.25000    -0.00022    -0.00507     0.00621     0.00000     0.00000     0.00000     0.02935     0.00000
     1.25500    -0.00022    -0.00500     0.00612     0.00000     0.00000     0.00000     0.02922     0.00000
     1.26000    -0.00021    -0.00494     0.00604     0.00000     0.00000     0.00000     0.02910     0.00000
     1.26500    -0.00021    -0.00487     0.00595     0.00000     0.00000     0.00000     0.02897     0.00000
     1.27000    -0.00021    -0.00481     0.00587     0.00000     0.00000     0.00000     0.02884     0.00000
     1.27500    -0.00021    -0.00475     0.00579     0.00000     0.00000     0.00000     0.02871     0.00000
     1.28000    -0.00021    -0.00468     0.00571     0.00000     0.00000     0.00000     0.02859     0.00000
     1.28500    -0.00020    -0.00462     0.00563     0.00000     0.00000     0.00000     0.02846     0.00000
     1.29000    -0.00020    -0.00456     0.00555     0.00000     0.00000     0.00000     0.02834     0.00000
     1.29500    -0.00020    -0.00450     0.00547     0.00000     0.00000     0.00000     0.02821     0.00000
     1.30000    -0.00020    -0.00444     0.00540     0.00000     0.00000     0.00000     0.02809     0.00000
     1.30500    -0.00019    -0.00439     0.00532     0.00000     0.00000     0.00000     0.02797     0.00000
     1.31000    -0.00019    -0.00433     0.00525     0.00000     0.00000     0.00000     0.02785     0.00000
     1.31500    -0.00019    -0.00427     0.00517     0.00000     0.00000     0.00000     0.02773     0.00000
     1.32000    -0.00019    -0.00422     0.00510     0.00000     0.00000     0.00000     0.02761     0.00000
     1.32500    -0.00018    -0.00416     0.00503     0.00000     0.00000     0.00000     0.02749     0.00000
     1.33000    -0.00018    -0.00411     0.00496     0.00000     0.00000     0.00000     0.02737     0.00000
     1.33500    -0.00018    -0.00405     0.00489     0.00000     0.00000     0.00000     0.02726     0.00000
     1.34000    -0.00018    -0.00400     0.00482     0.00000     0.00000     0.00000     0.02714     0.00000
     1.34500    -0.00018    -0.00395     0.00476     0.00000     0.00000     0.00000     0.02702     0.00000
     1.35000    -0.00017    -0.00390     0.00469     0.00000     0.00000     0.00000     0.02691     0.00000
     1.35500    -0.00017    -0.00385     0.00463     0.00000     0.00000     0.00000     0.02680     0.00000
     1.36000    -0.00017    -0.00380     0.00456     0.00000     0.00000     0.00000     0.02668     0.00000
     1.36500    -0.00017    -0.00375     0.00450     0.00000     0.00000     0.00000     0.02657     0.00000
     1.37000    -0.00017    -0.00370     0.00444     0.00000     0.00000     0.00000     0.02646     0.00000
     1.37500    -0.00016    -0.00365     0.00437     0.00000     0.00000     0.00000     0.02635     0.00000
     1.38000    -0.00016    -0.00360     0.00431     0.00000     0.00000     0.00000     0.02624     0.00000
     1.38500    -0.00016    -0.00356     0.00425     0.00000     0.00000     0.00000     0.02613     0.00000
     1.39000    -0.00016    -0.00351     0.00420     0.00000     0.00000     0.00000     0.02602     0.00000
     1.39500    -0.00016    -0.00346     0.00414     0.00000     0.00000     0.00000     0.02591     0.00000
     1.40000    -0.00016    -0.00342     0.00408     0.00000     0.00000     0.00000     0.02580     0.00000
     1.40500    -0.00015    -0.00337     0.00402     0.00000     0.00000     0.00000     0.02569     0.00000
     1.41000    -0.00015    -0.00333     0.00397     0.00000     0.00000     0.00000     0.02559     0.00000
     1.41500    -0.00015    -0.00329     0.00391     0.00000     0.00000     0.00000     0.02548     0.00000
     1.42000    -0.00015    -0.00325     0.00386     0.00000     0.00000     0.00000     0.02537     0.00000
     1.42500    -0.00015    -0.00320     0.00381     0.00000     0.00000     0.00000     0.02527     0.00000
     1.43000    -0.00014    -0.00316     0.00375     0.00000     0.00000     0.00000     0.02517     0.00000
     1.43500    -0.00014    -0.00312     0.00370     0.00000     0.00000     0.00000     0.02506     0.00000
     1.44000    -0.00014    -0.00308     0.00365     0.00000     0.00000     0.00000     0.02496     0.00000
     1.44500    -0.00014    -0.00304     0.00360     0.00000     0.00000     0.00000     0.02486     0.00000
     1.45000    -0.00014    -0.00300     0.00355     0.00000     0.00000     0.00000     0.02476     0.00000
     1.45500    -0.00014    -0.00296     0.00350     0.00000     0.00000     0.00000     0.02466     0.00000
     1.46000    -0.00013    -0.00293     0.00346     0.00000     0.00000     0.00000     0.02456     0.00000
     1.46500    -0.00013    -0.00289     0.00341     0.00000     0.00000     0.00000     0.02446     0.00000
     1.47000    -0.00013    -0.00285     0.00336     0.00000     0.00000     0.00000     0.02436     0.00000
     1.47500    -0.00013    -0.00281     0.00332     0.00000     0.00000     0.00000     0.02426     0.00000
     1.48000    -0.00013    -0.00278     0.00327     0.00000     0.00000     0.00000     0.02416     0.00000
     1.48500    -0.00013    -0.00274     0.00323     0.00000     0.00000     0.00000     0.02406     0.00000
     1.49000    -0.00013    -0.00271     0.00318     0.00000     0.00000     0.00000     0.02397     0.00000
     1.49500    -0.00012    -0.00267     0.00314     0.00000     0.00000     0.00000     0.02387     0.00000
     1.50000    -0.00012    -0.00264     0.00310     0.00000     0.00000     0.00000     0.02378     0.00000
     1.50500    -0.00012    -0.00260     0.00305     0.00000     0.00000     0.00000     0.02368     0.00000
     1.51000    -0.00012    -0.00257     0.00301     0.00000     0.00000     0.00000     0.02359     0.00000
     1.51500    -0.00012    -0.00254     0.00297     0.00000     0.00000     0.00000     0.02349     0.00000
     1.52000    -0.00012    -0.00251     0.00293     0.00000     0.00000     0.00000     0.02340     0.00000
     1.52500    -0.00012    -0.00247     0.00289     0.00000     0.00000     0.00000     0.02331     0.00000
     1.53000    -0.00011    -0.00244     0.00285     0.00000     0.00000     0.00000     0.02322     0.00000
     1.53500    -0.00011    -0.00241     0.00281     0.00000     0.00000     0.00000     0.02312     0.00000
     1.54000    -0.00011    -0.00238     0.00277     0.00000     0.00000     0.00000     0.02303     0.00000
     1.54500    -0.00011    -0.00235     0.00274     0.00000     0.00000     0.00000     0.02294     0.00000
     1.55000    -0.00011    -0.00232     0.00270     0.00000     0.00000     0.00000     0.02285     0.00000
     1.55500    -0.00011    -0.00229     0.00266     0.00000     0.00000     0.00000     0.02276     0.00000
     1.56000    -0.00011    -0.00226     0.00263     0.00000     0.00000     0.00000     0.02268     0.00000
     1.56500    -0.00011    -0.00223     0.00259     0.00000     0.00000     0.00000     0.02259     0.00000
     1.57000    -0.00010    -0.00220     0.00256     0.00000     0.00000     0.00000     0.02250     0.00000
     1.57500    -0.00010    -0.00218     0.00252     0.00000     0.00000     0.00000     0.02241     0.00000
     1.58000    -0.00010    -0.00215     0.00249     0.00000     0.00000     0.00000     0.02233     0.00000
     1.58500    -0.00010    -0.00212     0.00245     0.00000     0.00000     0.00000     0.02224     0.00000
     1.59000    -0.00010    -0.00209     0.00242     0.00000     0.00000     0.00000     0.02215     0.00000
     1.59500    -0.00010    -0.00207     0.00239     0.00000     0.00000     0.00000     0.02207     0.00000
     1.60000    -0.00010    -0.00204     0.00235     0.00000     0.00000     0.00000     0.02198     0.00000
     1.60500    -0.00010    -0.00201     0.00232     0.00000     0.00000     0.00000     0.02190     0.00000
     1.61000    -0.00010    -0.00199     0.00229     0.00000     0.00000     0.00000     0.02182     0.00000
     1.61500    -0.00009    -0.00196     0.00226     0.00000     0.00000     0.00000     0.02173     0.00000
     1.62000    -0.00009    -0.00194     0.00223     0.00000     0.00000     0.00000     0.02165     0.00000
     1.62500    -0.00009    -0.00191     0.00220     0.00000     0.00000     0.00000     0.02157     0.00000
     1.63000    -0.00009    -0.00189     0.00217     0.00000     0.00000     0.00000     0.02148     0.00000
     1.63500    -0.00009    -0.00187     0.00214     0.00000     0.00000     0.00000     0.02140     0.00000
     1.64000    -0.00009    -0.00184     0.00211     0.00000     0.00000     0.00000     0.02132     0.00000
     1.64500    -0.00009    -0.00182     0.00208     0.00000     0.00000     0.00000     0.02124     0.00000
     1.65000    -0.00009    -0.00180     0.00206     0.00000     0.00000     0.00000     0.02116     0.00000
     1.65500    -0.00009    -0.00177     0.00203     0.00000     0.00000     0.00000     0.02108     0.00000
     1.66000    -0.00008    -0.00175     0.00200     0.00000     0.00000     0.00000     0.02100     0.00000
     1.66500    -0.00008    -0.00173     0.00197     0.00000     0.00000     0.00000     0.02092     0.00000
     1.67000    -0.00008    -0.00171     0.00195     0.00000     0.00000     0.00000     0.02085     0.00000
     1.67500    -0.00008    -0.00169     0.00192     0.00000     0.00000     0.00000     0.02077     0.00000
     1.68000    -0.00008    -0.00166     0.00190     0.00000     0.00000     0.00000     0.02069     0.00000
     1.68500    -0.00008    -0.00164     0.00187     0.00000     0.00000     0.00000     0.02061     0.00000
     1.69000    -0.00008    -0.00162     0.00185     0.00000     0.00000     0.00000     0.02054     0.00000
     1.69500    -0.00008    -0.00160     0.00182     0.00000     0.00000     0.00000     0.02046     0.00000
     1.70000    -0.00008    -0.00158     0.00180     0.00000     0.00000     0.00000     0.02038     0.00000
     1.70500    -0.00008    -0.00156     0.00177     0.00000     0.00000     0.00000     0.02031     0.00000
     1.71000    -0.00008    -0.00154     0.00175     0.00000     0.00000     0.00000     0.02023     0.00000
     1.71500    -0.00007    -0.00152     0.00173     0.00000     0.00000     0.00000     0.02016     0.00000
     1.72000    -0.00007    -0.00150     0.00170     0.00000     0.00000     0.00000     0.02009     0.00000
     1.72500    -0.00007    -0.00148     0.00168     0.00000     0.00000     0.00000     0.02001     0.00000
     1.73000    -0.00007    -0.00147     0.00166     0.00000     0.00000     0.00000     0.01994     0.00000
     1.73500    -0.00007    -0.00145     0.00163     0.00000     0.00000     0.00000     0.01987     0.00000
     1.74000    -0.00007    -0.00143     0.00161     0.00000     0.00000     0.00000     0.01979     0.00000
     1.74500    -0.00007    -0.00141     0.00159     0.00000     0.00000     0.00000     0.01972     0.00000
     1.75000    -0.00007    -0.00139     0.00157     0.00000     0.00000     0.00000     0.01965     0.00000
     1.75500    -0.00007    -0.00138     0.00155     0.00000     0.00000     0.00000     0.01958     0.00000
     1.76000    -0.00007    -0.00136     0.00153     0.00000     0.00000     0.00000     0.01951     0.00000
     1.76500    -0.00007    -0.00134     0.00151     0.00000     0.00000     0.00000     0.01944     0.00000
     1.77000    -0.00007    -0.00133     0.00149     0.00000     0.00000     0.00000     0.01937     0.00000
     1.77500    -0.00007    -0.00131     0.00147     0.00000     0.00000     0.00000     0.01930     0.00000
     1.78000    -0.00006    -0.00129     0.00145     0.00000     0.00000     0.00000     0.01923     0.00000
     1.78500    -0.00006    -0.00128     0.00143     0.00000     0.00000     0.00000     0.01916     0.00000
     1.79000    -0.00006    -0.00126     0.00141     0.00000     0.00000     0.00000     0.01909     0.00000
     1.79500    -0.00006    -0.00124     0.00139     0.00000     0.00000     0.00000     0.01902     0.00000
     1.80000    -0.00006    -0.00123     0.00137     0.00000     0.00000     0.00000     0.01895     0.00000
     1.80500    -0.00006    -0.00121     0.00136     0.00000     0.00000     0.00000     0.01889     0.00000
     1.81000    -0.00006    -0.00120     0.00134     0.00000     0.00000     0.00000     0.01882     0.00000
     1.81500    -0.00006    -0.00118     0.00132     0.00000     0.00000     0.00000     0.01875     0.00000
     1.82000    -0.00006    -0.00117     0.00130     0.00000     0.00000     0.00000     0.01869     0.00000
     1.82500    -0.00006    -0.00115     0.00128     0.00000     0.00000     0.00000     0.01862     0.00000
     1.83000    -0.00006    -0.00114     0.00127     0.00000     0.00000     0.00000     0.01856     0.00000
     1.83500    -0.00006    -0.00113     0.00125     0.00000     0.00000     0.00000     0.01849     0.00000
     1.84000    -0.00006    -0.00111     0.00123     0.00000     0.00000     0.00000     0.01842     0.00000
     1.84500    -0.00006    -0.00110     0.00122     0.00000     0.00000     0.00000     0.01836     0.00000
     1.85000    -0.00005    -0.00108     0.00120     0.00000     0.00000     0.00000     0.01830     0.00000
     1.85500    -0.00005    -0.00107     0.00119     0.00000     0.00000     0.00000     0.01823     0.00000
     1.86000    -0.00005    -0.00106     0.00117     0.00000     0.00000     0.00000     0.01817     0.00000
     1.86500    -0.00005    -0.00104     0.00115     0.00000     0.00000     0.00000     0.01810     0.00000
     1.87000    -0.00005    -0.00103     0.00114     0.00000     0.00000     0.00000     0.01804     0.00000
     1.87500    -0.00005    -0.00102     0.00112     0.00000     0.00000     0.00000     0.01798     0.00000
     1.88000    -0.00005    -0.00101     0.00111     0.00000     0.00000     0.00000     0.01792     0.00000
     1.88500    -0.00005    -0.00099     0.00110     0.00000     0.00000     0.00000     0.01785     0.00000
     1.89000    -0.00005    -0.00098     0.00108     0.00000     0.00000     0.00000     0.01779     0.00000
     1.89500    -0.00005    -0.00097     0.00107     0.00000     0.00000     0.00000     0.01773     0.00000
     1.90000    -0.00005    -0.00096     0.00105     0.00000     0.00000     0.00000     0.01767     0.00000
     1.90500    -0.00005    -0.00094     0.00104     0.00000     0.00000     0.00000     0.01761     0.00000
     1.91000    -0.00005    -0.00093     0.00102     0.00000     0.00000     0.00000     0.01755     0.00000
     1.91500    -0.00005    -0.00092     0.00101     0.00000     0.00000     0.00000     0.01749     0.00000
     1.92000    -0.00005    -0.00091     0.00100     0.00000     0.00000     0.00000     0.01743     0.00000
     1.92500    -0.00005    -0.00090     0.00098     0.00000     0.00000     0.00000     0.01737     0.00000
     1.93000    -0.00005    -0.00089     0.00097     0.00000     0.00000     0.00000     0.01731     0.00000
     1.93500    -0.00005    -0.00088     0.00096     0.00000     0.00000     0.00000     0.01725     0.00000
     1.94000    -0.00004    -0.00087     0.00095     0.00000     0.00000     0.00000     0.01719     0.00000
     1.94500    -0.00004    -0.00086     0.00093     0.00000     0.00000     0.00000     0.01713     0.00000
     1.95000    -0.00004    -0.00084     0.00092     0.00000     0.00000     0.00000     0.01708     0.00000
     1.95500    -0.00004    -0.00083     0.00091     0.00000     0.00000     0.00000     0.01702     0.00000
     1.96000    -0.00004    -0.00082     0.00090     0.00000     0.00000     0.00000     0.01696     0.00000
     1.96500    -0.00004    -0.00081     0.00089     0.00000     0.00000     0.00000     0.01690     0.00000
     1.97000    -0.00004    -0.00080     0.00087     0.00000     0.00000     0.00000     0.01685     0.00000
     1.97500    -0.00004    -0.00079     0.00086     0.00000     0.00000     0.00000     0.01679     0.00000
     1.98000    -0.00004    -0.00078     0.00085     0.00000     0.00000     0.00000     0.01673     0.00000
     1.98500    -0.00004    -0.00077     0.00084     0.00000     0.00000     0.00000     0.01668     0.00000
     1.99000    -0.00004    -0.00076     0.00083     0.00000     0.00000     0.00000     0.01662     0.00000
     1.99500    -0.00004    -0.00076     0.00082     0.00000     0.00000     0.00000     0.01657     0.00000
     2.00000    -0.00004    -0.00075     0.00081     0.00000     0.00000     0.00000     0.01651     0.00000
     2.00500    -0.00004    -0.00074     0.00080     0.00000     0.00000     0.00000     0.01646     0.00000
     2.01000    -0.00004    -0.00073     0.00079     0.00000     0.00000     0.00000     0.01640     0.00000
     2.01500    -0.00004    -0.00072     0.00078     0.00000     0.00000     0.00000     0.01635     0.00000
     2.02000    -0.00004    -0.00071     0.00077     0.00000     0.00000     0.00000     0.01629     0.00000
     2.02500    -0.00004    -0.00070     0.00076     0.00000     0.00000     0.00000     0.01624     0.00000
     2.03000    -0.00004    -0.00069     0.00075     0.00000     0.00000     0.00000     0.01619     0.00000
     2.03500    -0.00004    -0.00068     0.00074     0.00000     0.00000     0.00000     0.01613     0.00000
     2.04000    -0.00004    -0.00068     0.00073     0.00000     0.00000     0.00000     0.01608     0.00000
     2.04500    -0.00004    -0.00067     0.00072     0.00000     0.00000     0.00000     0.01603     0.00000
     2.05000    -0.00003    -0.00066     0.00071     0.00000     0.00000     0.00000     0.01597     0.00000
     2.05500    -0.00003    -0.00065     0.00070     0.00000     0.00000     0.00000     0.01592     0.00000
     2.06000    -0.00003    -0.00064     0.00069     0.00000     0.00000     0.00000     0.01587     0.00000
     2.06500    -0.00003    -0.00064     0.00068     0.00000     0.00000     0.00000     0.01582     0.00000
     2.07000    -0.00003    -0.00063     0.00067     0.00000     0.00000     0.00000     0.01577     0.00000
     2.07500    -0.00003    -0.00062     0.00066     0.00000     0.00000     0.00000     0.01572     0.00000
     2.08000    -0.00003    -0.00061     0.00066     0.00000     0.00000     0.00000     0.01567     0.00000
     2.08500    -0.00003    -0.00060     0.00065     0.00000     0.00000     0.00000     0.01561     0.00000
     2.09000    -0.00003    -0.00060     0.00064     0.00000     0.00000     0.00000     0.01556     0.00000
     2.09500    -0.00003    -0.00059     0.00063     0.00000     0.00000     0.00000     0.01551     0.00000
     2.10000    -0.00003    -0.00058     0.00062     0.00000     0.00000     0.00000     0.01546     0.00000
     2.10500    -0.00003    -0.00058     0.00061     0.00000     0.00000     0.00000     0.01541     0.00000
     2.11000    -0.00003    -0.00057     0.00061     0.00000     0.00000     0.00000     0.01536     0.00000
     2.11500    -0.00003    -0.00056     0.00060     0.00000     0.00000     0.00000     0.01532     0.00000
     2.12000    -0.00003    -0.00055     0.00059     0.00000     0.00000     0.00000     0.01527     0.00000
     2.12500    -0.00003    -0.00055     0.00058     0.00000     0.00000     0.00000     0.01522     0.00000
     2.13000    -0.00003    -0.00054     0.00057     0.00000     0.00000     0.00000     0.01517     0.00000
     2.13500    -0.00003    -0.00053     0.00057     0.00000     0.00000     0.00000     0.01512     0.00000
     2.14000    -0.00003    -0.00053     0.00056     0.00000     0.00000     0.00000     0.01507     0.00000
     2.14500    -0.00003    -0.00052     0.00055     0.00000     0.00000     0.00000     0.01502     0.00000
     2.15000    -0.00003    -0.00052     0.00055     0.00000     0.00000     0.00000     0.01498     0.00000
     2.15500    -0.00003    -0.00051     0.00054     0.00000     0.00000     0.00000     0.01493     0.00000
     2.16000    -0.00003    -0.00050     0.00053     0.00000     0.00000     0.00000     0.01488     0.00000
     2.16500    -0.00003    -0.00050     0.00052     0.00000     0.00000     0.00000     0.01484     0.00000
     2.17000    -0.00003    -0.00049     0.00052     0.00000     0.00000     0.00000     0.01479     0.00000
     2.17500    -0.00003    -0.00048     0.00051     0.00000     0.00000     0.00000     0.01474     0.00000
     2.18000    -0.00003    -0.00048     0.00050     0.00000     0.00000     0.00000     0.01470     0.00000
     2.18500    -0.00003    -0.00047     0.00050     0.00000     0.00000     0.00000     0.01465     0.00000
     2.19000    -0.00003    -0.00047     0.00049     0.00000     0.00000     0.00000     0.01460     0.00000
     2.19500    -0.00003    -0.00046     0.00049     0.00000     0.00000     0.00000     0.01456     0.00000
     2.20000    -0.00002    -0.00046     0.00048     0.00000     0.00000     0.00000     0.01451     0.00000
     2.20500    -0.00002    -0.00045     0.00047     0.00000     0.00000     0.00000     0.01447     0.00000
     2.21000    -0.00002    -0.00045     0.00047     0.00000     0.00000     0.00000     0.01442     0.00000
     2.21500    -0.00002    -0.00044     0.00046     0.00000     0.00000     0.00000     0.01438     0.00000
     2.22000    -0.00002    -0.00043     0.00046     0.00000     0.00000     0.00000     0.01433     0.00000
     2.22500    -0.00002    -0.00043     0.00045     0.00000     0.00000     0.00000     0.01429     0.00000
     2.23000    -0.00002    -0.00042     0.00044     0.00000     0.00000     0.00000     0.01424     0.00000
     2.23500    -0.00002    -0.00042     0.00044     0.00000     0.00000     0.00000     0.01420     0.00000
     2.24000    -0.00002    -0.00041     0.00043     0.00000     0.00000     0.00000     0.01416     0.00000
     2.24500    -0.00002    -0.00041     0.00043     0.00000     0.00000     0.00000     0.01411     0.00000
     2.25000    -0.00002    -0.00040     0.00042     0.00000     0.00000     0.00000     0.01407     0.00000
     2.25500    -0.00002    -0.00040     0.00042     0.00000     0.00000     0.00000     0.01403     0.00000
     2.26000    -0.00002    -0.00039     0.00041     0.00000     0.00000     0.00000     0.01398     0.00000
     2.26500    -0.00002    -0.00039     0.00040     0.00000     0.00000     0.00000     0.01394     0.00000
     2.27000    -0.00002    -0.00038     0.00040     0.00000     0.00000     0.00000     0.01390     0.00000
     2.27500    -0.00002    -0.00038     0.00039     0.00000     0.00000     0.00000     0.01386     0.00000
     2.28000    -0.00002    -0.00038     0.00039     0.00000     0.00000     0.00000     0.01381     0.00000
     2.28500    -0.00002    -0.00037     0.00038     0.00000     0.00000     0.00000     0.01377     0.00000
     2.29000    -0.00002    -0.00037     0.00038     0.00000     0.00000     0.00000     0.01373     0.00000
     2.29500    -0.00002    -0.00036     0.00037     0.00000     0.00000     0.00000     0.01369     0.00000
     2.30000    -0.00002    -0.00036     0.00037     0.00000     0.00000     0.00000     0.01365     0.00000
     2.30500    -0.00002    -0.00035     0.00037     0.00000     0.00000     0.00000     0.01360     0.00000
     2.31000    -0.00002    -0.00035     0.00036     0.00000     0.00000     0.00000     0.01356     0.00000
     2.31500    -0.00002    -0.00034     0.00036     0.00000     0.00000     0.00000     0.01352     0.00000
     2.32000    -0.00002    -0.00034     0.00035     0.00000     0.00000     0.00000     0.01348     0.00000
     2.32500    -0.00002    -0.00034     0.00035     0.00000     0.00000     0.00000     0.01344     0.00000
     2.33000    -0.00002    -0.00033     0.00034     0.00000     0.00000     0.00000     0.01340     0.00000
     2.33500    -0.00002    -0.00033     0.00034     0.00000     0.00000     0.00000     0.01336     0.00000
     2.34000    -0.00002    -0.00032     0.00033     0.00000     0.00000     0.00000     0.01332     0.00000
     2.34500    -0.00002    -0.00032     0.00033     0.00000     0.00000     0.00000     0.01328     0.00000
     2.35000    -0.00002    -0.00032     0.00033     0.00000     0.00000     0.00000     0.01324     0.00000
     2.35500    -0.00002    -0.00031     0.00032     0.00000     0.00000     0.00000     0.01320     0.00000
     2.36000    -0.00002    -0.00031     0.00032     0.00000     0.00000     0.00000     0.01316     0.00000
     2.36500    -0.00002    -0.00031     0.00031     0.00000     0.00000     0.00000     0.01312     0.00000
     2.37000    -0.00002    -0.00030     0.00031     0.00000     0.00000     0.00000     0.01309     0.00000
     2.37500    -0.00002    -0.00030     0.00031     0.00000     0.00000     0.00000     0.01305     0.00000
     2.38000    -0.00002    -0.00029     0.00030     0.00000     0.00000     0.00000     0.01301     0.00000
     2.38500    -0.00002    -0.00029     0.00030     0.00000     0.00000     0.00000     0.01297     0.00000
     2.39000    -0.00002    -0.00029     0.00029     0.00000     0.00000     0.00000     0.01293     0.00000
     2.39500    -0.00002    -0.00028     0.00029     0.00000     0.00000     0.00000     0.01289     0.00000
     2.40000    -0.00002    -0.00028     0.00029     0.00000     0.00000     0.00000     0.01286     0.00000
     2.40500    -0.00002    -0.00028     0.00028     0.00000     0.00000     0.00000     0.01282     0.00000
     2.41000    -0.00002    -0.00027     0.00028     0.00000     0.00000     0.00000     0.01278     0.00000
     2.41500    -0.00002    -0.00027     0.00028     0.00000     0.00000     0.00000     0.01274     0.00000
     2.42000    -0.00002    -0.00027     0.00027     0.00000     0.00000     0.00000     0.01271     0.00000
     2.42500    -0.00001    -0.00026     0.00027     0.00000     0.00000     0.00000     0.01267     0.00000
     2.43000    -0.00001    -0.00026     0.00027     0.00000     0.00000     0.00000     0.01263     0.00000
     2.43500    -0.00001    -0.00026     0.00026     0.00000     0.00000     0.00000     0.01259     0.00000
     2.44000    -0.00001    -0.00025     0.00026     0.00000     0.00000     0.00000     0.01256     0.00000
     2.44500    -0.00001    -0.00025     0.00026     0.00000     0.00000     0.00000     0.01252     0.00000
     2.45000    -0.00001    -0.00025     0.00025     0.00000     0.00000     0.00000     0.01249     0.00000
     2.45500    -0.00001    -0.00025     0.00025     0.00000     0.00000     0.00000     0.01245     0.00000
     2.46000    -0.00001    -0.00024     0.00025     0.00000     0.00000     0.00000     0.01241     0.00000
     2.46500    -0.00001    -0.00024     0.00024     0.00000     0.00000     0.00000     0.01238     0.00000
     2.47000    -0.00001    -0.00024     0.00024     0.00000     0.00000     0.00000     0.01234     0.00000
     2.47500    -0.00001    -0.00023     0.00024     0.00000     0.00000     0.00000     0.01231     0.00000
     2.48000    -0.00001    -0.00023     0.00023     0.00000     0.00000     0.00000     0.01227     0.00000
     2.48500    -0.00001    -0.00023     0.00023     0.00000     0.00000     0.00000     0.01224     0.00000
     2.49000    -0.00001    -0.00023     0.00023     0.00000     0.00000     0.00000     0.01220     0.00000
     2.49500    -0.00001    -0.00022     0.00022     0.00000     0.00000     0.00000     0.01217     0.00000
     2.50000    -0.00001    -0.00022     0.00022     0.00000     0.00000     0.00000     0.01213     0.00000
     2.50500    -0.00001    -0.00022     0.00022     0.00000     0.00000     0.00000     0.01210     0.00000
     2.51000    -0.00001    -0.00022     0.00022     0.00000     0.00000     0.00000     0.01206     0.00000
     2.51500    -0.00001    -0.00021     0.00021     0.00000     0.00000     0.00000     0.01203     0.00000
     2.52000    -0.00001    -0.00021     0.00021     0.00000     0.00000     0.00000     0.01199     0.00000
     2.52500    -0.00001    -0.00021     0.00021     0.00000     0.00000     0.00000     0.01196     0.00000
     2.53000    -0.00001    -0.00021     0.00021     0.00000     0.00000     0.00000     0.01193     0.00000
     2.53500    -0.00001    -0.00020     0.00020     0.00000     0.00000     0.00000     0.01189     0.00000
     2.54000    -0.00001    -0.00020     0.00020     0.00000     0.00000     0.00000     0.01186     0.00000
     2.54500    -0.00001    -0.00020     0.00020     0.00000     0.00000     0.00000     0.01183     0.00000
     2.55000    -0.00001    -0.00020     0.00020     0.00000     0.00000     0.00000     0.01179     0.00000
     2.55500    -0.00001    -0.00019     0.00019     0.00000     0.00000     0.00000     0.01176     0.00000
     2.56000    -0.00001    -0.00019     0.00019     0.00000     0.00000     0.00000     0.01173     0.00000
     2.56500    -0.00001    -0.00019     0.00019     0.00000     0.00000     0.00000     0.01169     0.00000
     2.57000    -0.00001    -0.00019     0.00019     0.00000     0.00000     0.00000     0.01166     0.00000
     2.57500    -0.00001    -0.00018     0.00018     0.00000     0.00000     0.00000     0.01163     0.00000
     2.58000    -0.00001    -0.00018     0.00018     0.00000     0.00000     0.00000     0.01159     0.00000
     2.58500    -0.00001    -0.00018     0.00018     0.00000     0.00000     0.00000     0.01156     0.00000
     2.59000    -0.00001    -0.00018     0.00018     0.00000     0.00000     0.00000     0.01153     0.00000
     2.59500    -0.00001    -0.00018     0.00017     0.00000     0.00000     0.00000     0.01150     0.00000
     2.60000    -0.00001    -0.00017     0.00017     0.00000     0.00000     0.00000     0.01147     0.00000
     2.60500    -0.00001    -0.00017     0.00017     0.00000     0.00000     0.00000     0.01143     0.00000
     2.61000    -0.00001    -0.00017     0.00017     0.00000     0.00000     0.00000     0.01140     0.00000
     2.61500    -0.00001    -0.00017     0.00017     0.00000     0.00000     0.00000     0.01137     0.00000
     2.62000    -0.00001    -0.00017     0.00016     0.00000     0.00000     0.00000     0.01134     0.00000
     2.62500    -0.00001    -0.00016     0.00016     0.00000     0.00000     0.00000     0.01131     0.00000
     2.63000    -0.00001    -0.00016     0.00016     0.00000     0.00000     0.00000     0.01128     0.00000
     2.63500    -0.00001    -0.00016     0.00016     0.00000     0.00000     0.00000     0.01125     0.00000
     2.64000    -0.00001    -0.00016     0.00016     0.00000     0.00000     0.00000     0.01122     0.00000
     2.64500    -0.00001    -0.00016     0.00015     0.00000     0.00000     0.00000     0.01119     0.00000
     2.65000    -0.00001    -0.00015     0.00015     0.00000     0.00000     0.00000     0.01115     0.00000
     2.65500    -0.00001    -0.00015     0.00015     0.00000     0.00000     0.00000     0.01112     0.00000
     2.66000    -0.00001    -0.00015     0.00015     0.00000     0.00000     0.00000     0.01109     0.00000
     2.66500    -0.00001    -0.00015     0.00015     0.00000     0.00000     0.00000     0.01106     0.00000
     2.67000    -0.00001    -0.00015     0.00014     0.00000     0.00000     0.00000     0.01103     0.00000
     2.67500    -0.00001    -0.00014     0.00014     0.00000     0.00000     0.00000     0.01100     0.00000
     2.68000    -0.00001    -0.00014     0.00014     0.00000     0.00000     0.00000     0.01097     0.00000
     2.68500    -0.00001    -0.00014     0.00014     0.00000     0.00000     0.00000     0.01094     0.00000
     2.69000    -0.00001    -0.00014     0.00014     0.00000     0.00000     0.00000     0.01091     0.00000
     2.69500    -0.00001    -0.00014     0.00014     0.00000     0.00000     0.00000     0.01088     0.00000
     2.70000    -0.00001    -0.00014     0.00013     0.00000     0.00000     0.00000     0.01086     0.00000
     2.70500    -0.00001    -0.00013     0.00013     0.00000     0.00000     0.00000     0.01083     0.00000
     2.71000    -0.00001    -0.00013     0.00013     0.00000     0.00000     0.00000     0.01080     0.00000
     2.71500    -0.00001    -0.00013     0.00013     0.00000     0.00000     0.00000     0.01077     0.00000
     2.72000    -0.00001    -0.00013     0.00013     0.00000     0.00000     0.00000     0.01074     0.00000
     2.72500    -0.00001    -0.00013     0.00013     0.00000     0.00000     0.00000     0.01071     0.00000
     2.73000    -0.00001    -0.00013     0.00012     0.00000     0.00000     0.00000     0.01068     0.00000
     2.73500    -0.00001    -0.00013     0.00012     0.00000     0.00000     0.00000     0.01065     0.00000
     2.74000    -0.00001    -0.00012     0.00012     0.00000     0.00000     0.00000     0.01062     0.00000
     2.74500    -0.00001    -0.00012     0.00012     0.00000     0.00000     0.00000     0.01060     0.00000
     2.75000    -0.00001    -0.00012     0.00012     0.00000     0.00000     0.00000     0.01057     0.00000
     2.75500    -0.00001    -0.00012     0.00012     0.00000     0.00000     0.00000     0.01054     0.00000
     2.76000    -0.00001    -0.00012     0.00011     0.00000     0.00000     0.00000     0.01051     0.00000
     2.76500    -0.00001    -0.00012     0.00011     0.00000     0.00000     0.00000     0.01048     0.00000
     2.77000    -0.00001    -0.00012     0.00011     0.00000     0.00000     0.00000     0.01046     0.00000
     2.77500    -0.00001    -0.00011     0.00011     0.00000     0.00000     0.00000     0.01043     0.00000
     2.78000    -0.00001    -0.00011     0.00011     0.00000     0.00000     0.00000     0.01040     0.00000
     2.78500    -0.00001    -0.00011     0.00011     0.00000     0.00000     0.00000     0.01037     0.00000
     2.79000    -0.00001    -0.00011     0.00011     0.00000     0.00000     0.00000     0.01035     0.00000
     2.79500    -0.00001    -0.00011     0.00011     0.00000     0.00000     0.00000     0.01032     0.00000
     2.80000    -0.00001    -0.00011     0.00010     0.00000     0.00000     0.00000     0.01029     0.00000
     2.80500    -0.00001    -0.00011     0.00010     0.00000     0.00000     0.00000     0.01026     0.00000
     2.81000    -0.00001    -0.00011     0.00010     0.00000     0.00000     0.00000     0.01024     0.00000
     2.81500    -0.00001    -0.00010     0.00010     0.00000     0.00000     0.00000     0.01021     0.00000
     2.82000    -0.00001    -0.00010     0.00010     0.00000     0.00000     0.00000     0.01018     0.00000
     2.82500    -0.00001    -0.00010     0.00010     0.00000     0.00000     0.00000     0.01016     0.00000
     2.83000    -0.00001    -0.00010     0.00010     0.00000     0.00000     0.00000     0.01013     0.00000
     2.83500    -0.00001    -0.00010     0.00010     0.00000     0.00000     0.00000     0.01010     0.00000
     2.84000    -0.00001    -0.00010     0.00009     0.00000     0.00000     0.00000     0.01008     0.00000
     2.84500    -0.00001    -0.00010     0.00009     0.00000     0.00000     0.00000     0.01005     0.00000
     2.85000    -0.00001    -0.00010     0.00009     0.00000     0.00000     0.00000     0.01003     0.00000
     2.85500    -0.00001    -0.00009     0.00009     0.00000     0.00000     0.00000     0.01000     0.00000
     2.86000    -0.00001    -0.00009     0.00009     0.00000     0.00000     0.00000     0.00997     0.00000
     2.86500    -0.00001    -0.00009     0.00009     0.00000     0.00000     0.00000     0.00995     0.00000
     2.87000    -0.00001    -0.00009     0.00009     0.00000     0.00000     0.00000     0.00992     0.00000
     2.87500    -0.00001    -0.00009     0.00009     0.00000     0.00000     0.00000     0.00990     0.00000
     2.88000    -0.00001    -0.00009     0.00008     0.00000     0.00000     0.00000     0.00987     0.00000
     2.88500    -0.00001    -0.00009     0.00008     0.00000     0.00000     0.00000     0.00985     0.00000
     2.89000    -0.00001    -0.00009     0.00008     0.00000     0.00000     0.00000     0.00982     0.00000
     2.89500    -0.00001    -0.00009     0.00008     0.00000     0.00000     0.00000     0.00980     0.00000
     2.90000    -0.00001    -0.00008     0.00008     0.00000     0.00000     0.00000     0.00977     0.00000
     2.90500    -0.00001    -0.00008     0.00008     0.00000     0.00000     0.00000     0.00975     0.00000
     2.91000    -0.00001    -0.00008     0.00008     0.00000     0.00000     0.00000     0.00972     0.00000
     2.91500    -0.00001    -0.00008     0.00008     0.00000     0.00000     0.00000     0.00970     0.00000
     2.92000     0.00000    -0.00008     0.00008     0.00000     0.00000     0.00000     0.00967     0.00000
     2.92500     0.00000    -0.00008     0.00008     0.00000     0.00000     0.00000     0.00965     0.00000
     2.93000     0.00000    -0.00008     0.00008     0.00000     0.00000     0.00000     0.00962     0.00000
     2.93500     0.00000    -0.00008     0.00007     0.00000     0.00000     0.00000     0.00960     0.00000
     2.94000     0.00000    -0.00008     0.00007     0.00000     0.00000     0.00000     0.00957     0.00000
     2.94500     0.00000    -0.00008     0.00007     0.00000     0.00000     0.00000     0.00955     0.00000
     2.95000     0.00000    -0.00008     0.00007     0.00000     0.00000     0.00000     0.00952     0.00000
     2.95500     0.00000    -0.00007     0.00007     0.00000     0.00000     0.00000     0.00950     0.00000
     2.96000     0.00000    -0.00007     0.00007     0.00000     0.00000     0.00000     0.00948     0.00000
     2.96500     0.00000    -0.00007     0.00007     0.00000     0.00000     0.00000     0.00945     0.00000
     2.97000     0.00000    -0.00007     0.00007     0.00000     0.00000     0.00000     0.00943     0.00000
     2.97500     0.00000    -0.00007     0.00007     0.00000     0.00000     0.00000     0.00941     0.00000
     2.98000     0.00000    -0.00007     0.00007     0.00000     0.00000     0.00000     0.00938     0.00000
     2.98500     0.00000    -0.00007     0.00007     0.00000     0.00000     0.00000     0.00936     0.00000
     2.99000     0.00000    -0.00007     0.00006     0.00000     0.00000     0.00000     0.00933     0.00000
     2.99500     0.00000    -0.00007     0.00006     0.00000     0.00000     0.00000     0.00931     0.00000
     3.00000     0.00000    -0.00007     0.00006     0.00000     0.00000     0.00000     0.00929     0.00000
     3.00500     0.00000    -0.00007     0.00006     0.00000     0.00000     0.00000     0.00926     0.00000
     3.01000     0.00000    -0.00007     0.00006     0.00000     0.00000     0.00000     0.00924     0.00000
     3.01500     0.00000    -0.00006     0.00006     0.00000     0.00000     0.00000     0.00922     0.00000
     3.02000     0.00000    -0.00006     0.00006     0.00000     0.00000     0.00000     0.00920     0.00000
     3.02500     0.00000    -0.00006     0.00006     0.00000     0.00000     0.00000     0.00917     0.00000
     3.03000     0.00000    -0.00006     0.00006     0.00000     0.00000     0.00000     0.00915     0.00000
     3.03500     0.00000    -0.00006     0.00006     0.00000     0.00000     0.00000     0.00913     0.00000
     3.04000     0.00000    -0.00006     0.00006     0.00000     0.00000     0.00000     0.00910     0.00000
     3.04500     0.00000    -0.00006     0.00006     0.00000     0.00000     0.00000     0.00908     0.00000
     3.05000     0.00000    -0.00006     0.00006     0.00000     0.00000     0.00000     0.00906     0.00000
     3.05500     0.00000    -0.00006     0.00005     0.00000     0.00000     0.00000     0.00904     0.00000
     3.06000     0.00000    -0.00006     0.00005     0.00000     0.00000     0.00000     0.00902     0.00000
     3.06500     0.00000    -0.00006     0.00005     0.00000     0.00000     0.00000     0.00899     0.00000
     3.07000     0.00000    -0.00006     0.00005     0.00000     0.00000     0.00000     0.00897     0.00000
     3.07500     0.00000    -0.00006     0.00005     0.00000     0.00000     0.00000     0.00895     0.00000
     3.08000     0.00000    -0.00006     0.00005     0.00000     0.00000     0.00000     0.00893     0.00000
     3.08500     0.00000    -0.00005     0.00005     0.00000     0.00000     0.00000     0.00891     0.00000
     3.09000     0.00000    -0.00005     0.00005     0.00000     0.00000     0.00000     0.00888     0.00000
     3.09500     0.00000    -0.00005     0.00005     0.00000     0.00000     0.00000     0.00886     0.00000
     3.10000     0.00000    -0.00005     0.00005     0.00000     0.00000     0.00000     0.00884     0.00000
     3.10500     0.00000    -0.00005     0.00005     0.00000     0.00000     0.00000     0.00882     0.00000
     3.11000     0.00000    -0.00005     0.00005     0.00000     0.00000     0.00000     0.00880     0.00000
     3.11500     0.00000    -0.00005     0.00005     0.00000     0.00000     0.00000     0.00878     0.00000
     3.12000     0.00000    -0.00005     0.00005     0.00000     0.00000     0.00000     0.00875     0.00000
     3.12500     0.00000    -0.00005     0.00005     0.00000     0.00000     0.00000     0.00873     0.00000
     3.13000     0.00000    -0.00005     0.00005     0.00000     0.00000     0.00000     0.00871     0.00000
     3.13500     0.00000    -0.00005     0.00005     0.00000     0.00000     0.00000     0.00869     0.00000
     3.14000     0.00000    -0.00005     0.00004     0.00000     0.00000     0.00000     0.00867     0.00000
     3.14500     0.00000    -0.00005     0.00004     0.00000     0.00000     0.00000     0.00865     0.00000
     3.15000     0.00000    -0.00005     0.00004     0.00000     0.00000     0.00000     0.00863     0.00000
     3.15500     0.00000    -0.00005     0.00004     0.00000     0.00000     0.00000     0.00861     0.00000
     3.16000     0.00000    -0.00005     0.00004     0.00000     0.00000     0.00000     0.00859     0.00000
     3.16500     0.00000    -0.00005     0.00004     0.00000     0.00000     0.00000     0.00857     0.00000
     3.17000     0.00000    -0.00005     0.00004     0.00000     0.00000     0.00000     0.00855     0.00000
     3.17500     0.00000    -0.00004     0.00004     0.00000     0.00000     0.00000     0.00853     0.00000
     3.18000     0.00000    -0.00004     0.00004     0.00000     0.00000     0.00000     0.00851     0.00000
     3.18500     0.00000    -0.00004     0.00004     0.00000     0.00000     0.00000     0.00848     0.00000
     3.19000     0.00000    -0.00004     0.00004     0.00000     0.00000     0.00000     0.00846     0.00000
     3.19500     0.00000    -0.00004     0.00004     0.00000     0.00000     0.00000     0.00844     0.00000
     3.20000     0.00000    -0.00004     0.00004     0.00000     0.00000     0.00000     0.00842     0.00000
     3.20500     0.00000    -0.00004     0.00004     0.00000     0.00000     0.00000     0.00840     0.00000
     3.21000     0.00000    -0.00004     0.00004     0.00000     0.00000     0.00000     0.00838     0.00000
     3.21500     0.00000    -0.00004     0.00004     0.00000     0.00000     0.00000     0.00836     0.00000
     3.22000     0.00000    -0.00004     0.00004     0.00000     0.00000     0.00000     0.00834     0.00000
     3.22500     0.00000    -0.00004     0.00004     0.00000     0.00000     0.00000     0.00832     0.00000
     3.23000     0.00000    -0.00004     0.00004     0.00000     0.00000     0.00000     0.00831     0.00000
     3.23500     0.00000    -0.00004     0.00004     0.00000     0.00000     0.00000     0.00829     0.00000
     3.24000     0.00000    -0.00004     0.00003     0.00000     0.00000     0.00000     0.00827     0.00000
     3.24500     0.00000    -0.00004     0.00003     0.00000     0.00000     0.00000     0.00825     0.00000
     3.25000     0.00000    -0.00004     0.00003     0.00000     0.00000     0.00000     0.00823     0.00000
     3.25500     0.00000    -0.00004     0.00003     0.00000     0.00000     0.00000     0.00821     0.00000
     3.26000     0.00000    -0.00004     0.00003     0.00000     0.00000     0.00000     0.00819     0.00000
     3.26500     0.00000    -0.00004     0.00003     0.00000     0.00000     0.00000     0.00817     0.00000
     3.27000     0.00000    -0.00004     0.00003     0.00000     0.00000     0.00000     0.00815     0.00000
     3.27500     0.00000    -0.00004     0.00003     0.00000     0.00000     0.00000     0.00813     0.00000
     3.28000     0.00000    -0.00003     0.00003     0.00000     0.00000     0.00000     0.00811     0.00000
     3.28500     0.00000    -0.00003     0.00003     0.00000     0.00000     0.00000     0.00809     0.00000
     3.29000     0.00000    -0.00003     0.00003     0.00000     0.00000     0.00000     0.00807     0.00000
     3.29500     0.00000    -0.00003     0.00003     0.00000     0.00000     0.00000     0.00806     0.00000
     3.30000     0.00000    -0.00003     0.00003     0.00000     0.00000     0.00000     0.00804     0.00000
     3.30500     0.00000    -0.00003     0.00003     0.00000     0.00000     0.00000     0.00802     0.00000
     3.31000     0.00000    -0.00003     0.00003     0.00000     0.00000     0.00000     0.00800     0.00000
     3.31500     0.00000    -0.00003     0.00003     0.00000     0.00000     0.00000     0.00798     0.00000
     3.32000     0.00000    -0.00003     0.00003     0.00000     0.00000     0.00000     0.00796     0.00000
     3.32500     0.00000    -0.00003     0.00003     0.00000     0.00000     0.00000     0.00794     0.00000
     3.33000     0.00000    -0.00003     0.00003     0.00000     0.00000     0.00000     0.00793     0.00000
     3.33500     0.00000    -0.00003     0.00003     0.00000     0.00000     0.00000     0.00791     0.00000
     3.34000     0.00000    -0.00003     0.00003     0.00000     0.00000     0.00000     0.00789     0.00000
     3.34500     0.00000    -0.00003     0.00003     0.00000     0.00000     0.00000     0.00787     0.00000
     3.35000     0.00000    -0.00003     0.00003     0.00000     0.00000     0.00000     0.00785     0.00000
     3.35500     0.00000    -0.00003     0.00003     0.00000     0.00000     0.00000     0.00784     0.00000
     3.36000     0.00000    -0.00003     0.00003     0.00000     0.00000     0.00000     0.00782     0.00000
     3.36500     0.00000    -0.00003     0.00003     0.00000     0.00000     0.00000     0.00780     0.00000
     3.37000     0.00000    -0.00003     0.00003     0.00000     0.00000     0.00000     0.00778     0.00000
     3.37500     0.00000    -0.00003     0.00003     0.00000     0.00000     0.00000     0.00776     0.00000
     3.38000     0.00000    -0.00003     0.00002     0.00000     0.00000     0.00000     0.00775     0.00000
     3.38500     0.00000    -0.00003     0.00002     0.00000     0.00000     0.00000     0.00773     0.00000
     3.39000     0.00000    -0.00003     0.00002     0.00000     0.00000     0.00000     0.00771     0.00000
     3.39500     0.00000    -0.00003     0.00002     0.00000     0.00000     0.00000     0.00769     0.00000
     3.40000     0.00000    -0.00003     0.00002     0.00000     0.00000     0.00000     0.00768     0.00000
     3.40500     0.00000    -0.00003     0.00002     0.00000     0.00000     0.00000     0.00766     0.00000
     3.41000     0.00000    -0.00003     0.00002     0.00000     0.00000     0.00000     0.00764     0.00000
     3.41500     0.00000    -0.00003     0.00002     0.00000     0.00000     0.00000     0.00762     0.00000
     3.42000     0.00000    -0.00003     0.00002     0.00000     0.00000     0.00000     0.00761     0.00000
     3.42500     0.00000    -0.00002     0.00002     0.00000     0.00000     0.00000     0.00759     0.00000
     3.43000     0.00000    -0.00002     0.00002     0.00000     0.00000     0.00000     0.00757     0.00000
     3.43500     0.00000    -0.00002     0.00002     0.00000     0.00000     0.00000     0.00756     0.00000
     3.44000     0.00000    -0.00002     0.00002     0.00000     0.00000     0.00000     0.00754     0.00000
     3.44500     0.00000    -0.00002     0.00002     0.00000     0.00000     0.00000     0.00752     0.00000
     3.45000     0.00000    -0.00002     0.00002     0.00000     0.00000     0.00000     0.00750     0.00000
     3.45500     0.00000    -0.00002     0.00002     0.00000     0.00000     0.00000     0.00749     0.00000
     3.46000     0.00000    -0.00002     0.00002     0.00000     0.00000     0.00000     0.00747     0.00000
     3.46500     0.00000    -0.00002     0.00002     0.00000     0.00000     0.00000     0.00745     0.00000
     3.47000     0.00000    -0.00002     0.00002     0.00000     0.00000     0.00000     0.00744     0.00000
     3.47500     0.00000    -0.00002     0.00002     0.00000     0.00000     0.00000     0.00742     0.00000
     3.48000     0.00000    -0.00002     0.00002     0.00000     0.00000     0.00000     0.00740     0.00000
     3.48500     0.00000    -0.00002     0.00002     0.00000     0.00000     0.00000     0.00739     0.00000
     3.49000     0.00000    -0.00002     0.00002     0.00000     0.00000     0.00000     0.00737     0.00000
     3.49500     0.00000    -0.00002     0.00002     0.00000     0.00000     0.00000     0.00735     0.00000
     3.50000     0.00000    -0.00002     0.00002     0.00000     0.00000     0.00000     0.00734     0.00000
     3.50500     0.00000    -0.00002     0.00002     0.00000     0.00000     0.00000     0.00732     0.00000
     3.51000     0.00000    -0.00002     0.00002     0.00000     0.00000     0.00000     0.00731     0.00000
     3.51500     0.00000    -0.00002     0.00002     0.00000     0.00000     0.00000     0.00729     0.00000
     3.52000     0.00000    -0.00002     0.00002     0.00000     0.00000     0.00000     0.00727     0.00000
     3.52500     0.00000    -0.00002     0.00002     0.00000     0.00000     0.00000     0.00726     0.00000
     3.53000     0.00000    -0.00002     0.00002     0.00000     0.00000     0.00000     0.00724     0.00000
     3.53500     0.00000    -0.00002     0.00002     0.00000     0.00000     0.00000     0.00723     0.00000
     3.54000     0.00000    -0.00002     0.00002     0.00000     0.00000     0.00000     0.00721     0.00000
     3.54500     0.00000    -0.00002     0.00002     0.00000     0.00000     0.00000     0.00719     0.00000
     3.55000     0.00000    -0.00002     0.00002     0.00000     0.00000     0.00000     0.00718     0.00000
     3.55500     0.00000    -0.00002     0.00002     0.00000     0.00000     0.00000     0.00716     0.00000
     3.56000     0.00000    -0.00002     0.00002     0.00000     0.00000     0.00000     0.00715     0.00000
     3.56500     0.00000    -0.00002     0.00002     0.00000     0.00000     0.00000     0.00713     0.00000
     3.57000     0.00000    -0.00002     0.00002     0.00000     0.00000     0.00000     0.00712     0.00000
     3.57500     0.00000    -0.00002     0.00002     0.00000     0.00000     0.00000     0.00710     0.00000
     3.58000     0.00000    -0.00002     0.00002     0.00000     0.00000     0.00000     0.00708     0.00000
     3.58500     0.00000    -0.00002     0.00001     0.00000     0.00000     0.00000     0.00707     0.00000
     3.59000     0.00000    -0.00002     0.00001     0.00000     0.00000     0.00000     0.00705     0.00000
     3.59500     0.00000    -0.00002     0.00001     0.00000     0.00000     0.00000     0.00704     0.00000
     3.60000     0.00000    -0.00002     0.00001     0.00000     0.00000     0.00000     0.00702     0.00000
     3.60500     0.00000    -0.00002     0.00001     0.00000     0.00000     0.00000     0.00701     0.00000
     3.61000     0.00000    -0.00002     0.00001     0.00000     0.00000     0.00000     0.00699     0.00000
     3.61500     0.00000    -0.00002     0.00001     0.00000     0.00000     0.00000     0.00698     0.00000
     3.62000     0.00000    -0.00002     0.00001     0.00000     0.00000     0.00000     0.00696     0.00000
     3.62500     0.00000    -0.00002     0.00001     0.00000     0.00000     0.00000     0.00695     0.00000
     3.63000     0.00000    -0.00002     0.00001     0.00000     0.00000     0.00000     0.00693     0.00000
     3.63500     0.00000    -0.00002     0.00001     0.00000     0.00000     0.00000     0.00692     0.00000
     3.64000     0.00000    -0.00002     0.00001     0.00000     0.00000     0.00000     0.00690     0.00000
     3.64500     0.00000    -0.00001     0.00001     0.00000     0.00000     0.00000     0.00689     0.00000
     3.65000     0.00000    -0.00001     0.00001     0.00000     0.00000     0.00000     0.00687     0.00000
     3.65500     0.00000    -0.00001     0.00001     0.00000     0.00000     0.00000     0.00686     0.00000
     3.66000     0.00000    -0.00001     0.00001     0.00000     0.00000     0.00000     0.00684     0.00000
     3.66500     0.00000    -0.00001     0.00001     0.00000     0.00000     0.00000     0.00683     0.00000
     3.67000     0.00000    -0.00001     0.00001     0.00000     0.00000     0.00000     0.00681     0.00000
     3.67500     0.00000    -0.00001     0.00001     0.00000     0.00000     0.00000     0.00680     0.00000
     3.68000     0.00000    -0.00001     0.00001     0.00000     0.00000     0.00000     0.00678     0.00000
     3.68500     0.00000    -0.00001     0.00001     0.00000     0.00000     0.00000     0.00677     0.00000
     3.69000     0.00000    -0.00001     0.00001     0.00000     0.00000     0.00000     0.00676     0.00000
     3.69500     0.00000    -0.00001     0.00001     0.00000     0.00000     0.00000     0.00674     0.00000
     3.70000     0.00000    -0.00001     0.00001     0.00000     0.00000     0.00000     0.00673     0.00000
     3.70500     0.00000    -0.00001     0.00001     0.00000     0.00000     0.00000     0.00671     0.00000
     3.71000     0.00000    -0.00001     0.00001     0.00000     0.00000     0.00000     0.00670     0.00000
     3.71500     0.00000    -0.00001     0.00001     0.00000     0.00000     0.00000     0.00668     0.00000
     3.72000     0.00000    -0.00001     0.00001     0.00000     0.00000     0.00000     0.00667     0.00000
     3.72500     0.00000    -0.00001     0.00001     0.00000     0.00000     0.00000     0.00666     0.00000
     3.73000     0.00000    -0.00001     0.00001     0.00000     0.00000     0.00000     0.00664     0.00000
     3.73500     0.00000    -0.00001     0.00001     0.00000     0.00000     0.00000     0.00663     0.00000
     3.74000     0.00000    -0.00001     0.00001     0.00000     0.00000     0.00000     0.00661     0.00000
     3.74500     0.00000    -0.00001     0.00001     0.00000     0.00000     0.00000     0.00660     0.00000
     3.75000     0.00000    -0.00001     0.00001     0.00000     0.00000     0.00000     0.00659     0.00000
     3.75500     0.00000    -0.00001     0.00001     0.00000     0.00000     0.00000     0.00657     0.00000
     3.76000     0.00000    -0.00001     0.00001     0.00000     0.00000     0.00000     0.00656     0.00000
     3.76500     0.00000    -0.00001     0.00001     0.00000     0.00000     0.00000     0.00655     0.00000
     3.77000     0.00000    -0.00001     0.00001     0.00000     0.00000     0.00000     0.00653     0.00000
     3.77500     0.00000    -0.00001     0.00001     0.00000     0.00000     0.00000     0.00652     0.00000
     3.78000     0.00000    -0.00001     0.00001     0.00000     0.00000     0.00000     0.00650     0.00000
     3.78500     0.00000    -0.00001     0.00001     0.00000     0.00000     0.00000     0.00649     0.00000
     3.79000     0.00000    -0.00001     0.00001     0.00000     0.00000     0.00000     0.00648     0.00000
     3.79500     0.00000    -0.00001     0.00001     0.00000     0.00000     0.00000     0.00646     0.00000
     3.80000     0.00000    -0.00001     0.00001     0.00000     0.00000     0.00000     0.00645     0.00000
     3.80500     0.00000    -0.00001     0.00001     0.00000     0.00000     0.00000     0.00644     0.00000
     3.81000     0.00000    -0.00001     0.00001     0.00000     0.00000     0.00000     0.00642     0.00000
     3.81500     0.00000    -0.00001     0.00001     0.00000     0.00000     0.00000     0.00641     0.00000
     3.82000     0.00000    -0.00001     0.00001     0.00000     0.00000     0.00000     0.00640     0.00000
     3.82500     0.00000    -0.00001     0.00001     0.00000     0.00000     0.00000     0.00638     0.00000
     3.83000     0.00000    -0.00001     0.00001     0.00000     0.00000     0.00000     0.00637     0.00000
     3.83500     0.00000    -0.00001     0.00001     0.00000     0.00000     0.00000     0.00636     0.00000
     3.84000     0.00000    -0.00001     0.00001     0.00000     0.00000     0.00000     0.00634     0.00000
     3.84500     0.00000    -0.00001     0.00001     0.00000     0.00000     0.00000     0.00633     0.00000
     3.85000     0.00000    -0.00001     0.00001     0.00000     0.00000     0.00000     0.00632     0.00000
     3.85500     0.00000    -0.00001     0.00001     0.00000     0.00000     0.00000     0.00630     0.00000
     3.86000     0.00000    -0.00001     0.00001     0.00000     0.00000     0.00000     0.00629     0.00000
     3.86500     0.00000    -0.00001     0.00001     0.00000     0.00000     0.00000     0.00628     0.00000
     3.87000     0.00000    -0.00001     0.00001     0.00000     0.00000     0.00000     0.00627     0.00000
     3.87500     0.00000    -0.00001     0.00001     0.00000     0.00000     0.00000     0.00625     0.00000
     3.88000     0.00000    -0.00001     0.00001     0.00000     0.00000     0.00000     0.00624     0.00000
     3.88500     0.00000    -0.00001     0.00001     0.00000     0.00000     0.00000     0.00623     0.00000
     3.89000     0.00000    -0.00001     0.00001     0.00000     0.00000     0.00000     0.00621     0.00000
     3.89500     0.00000    -0.00001     0.00001     0.00000     0.00000     0.00000     0.00620     0.00000
     3.90000     0.00000    -0.00001     0.00001     0.00000     0.00000     0.00000     0.00619     0.00000
     3.90500     0.00000    -0.00001     0.00001     0.00000     0.00000     0.00000     0.00618     0.00000
     3.91000     0.00000    -0.00001     0.00001     0.00000     0.00000     0.00000     0.00616     0.00000
     3.91500     0.00000    -0.00001     0.00001     0.00000     0.00000     0.00000     0.00615     0.00000
     3.92000     0.00000    -0.00001     0.00001     0.00000     0.00000     0.00000     0.00614     0.00000
     3.92500     0.00000    -0.00001     0.00001     0.00000     0.00000     0.00000     0.00613     0.00000
     3.93000     0.00000    -0.00001     0.00001     0.00000     0.00000     0.00000     0.00611     0.00000
     3.93500     0.00000    -0.00001     0.00001     0.00000     0.00000     0.00000     0.00610     0.00000
     3.94000     0.00000    -0.00001     0.00001     0.00000     0.00000     0.00000     0.00609     0.00000
     3.94500     0.00000    -0.00001     0.00001     0.00000     0.00000     0.00000     0.00608     0.00000
     3.95000     0.00000    -0.00001     0.00001     0.00000     0.00000     0.00000     0.00606     0.00000
     3.95500     0.00000    -0.00001     0.00001     0.00000     0.00000     0.00000     0.00605     0.00000
     3.96000     0.00000    -0.00001     0.00001     0.00000     0.00000     0.00000     0.00604     0.00000
     3.96500     0.00000    -0.00001     0.00001     0.00000     0.00000     0.00000     0.00603     0.00000
     3.97000     0.00000    -0.00001     0.00001     0.00000     0.00000     0.00000     0.00602     0.00000
     3.97500     0.00000    -0.00001     0.00001     0.00000     0.00000     0.00000     0.00600     0.00000
     3.98000     0.00000    -0.00001     0.00001     0.00000     0.00000     0.00000     0.00599     0.00000
     3.98500     0.00000    -0.00001     0.00001     0.00000     0.00000     0.00000     0.00598     0.00000
     3.99000     0.00000    -0.00001     0.00001     0.00000     0.00000     0.00000     0.00597     0.00000
     3.99500     0.00000    -0.00001     0.00001     0.00000     0.00000     0.00000     0.00596     0.00000
     4.00000     0.00000    -0.00001     0.00001     0.00000     0.00000     0.00000     0.00594     0.00000
