 # F37_1950 FF
     0.00000     0.37269    -0.07257    -0.18224     0.00000     0.00000     0.00000     0.23543     0.00000
     0.00500     0.36785    -0.07200    -0.17905     0.00000     0.00000     0.00000     0.23310     0.00000
     0.01000     0.36308    -0.07144    -0.17592     0.00000     0.00000     0.00000     0.23079     0.00000
     0.01500     0.35838    -0.07088    -0.17285     0.00000     0.00000     0.00000     0.22853     0.00000
     0.02000     0.35374    -0.07031    -0.16985     0.00000     0.00000     0.00000     0.22629     0.00000
     0.02500     0.34917    -0.06975    -0.16690     0.00000     0.00000     0.00000     0.22409     0.00000
     0.03000     0.34466    -0.06919    -0.16401     0.00000     0.00000     0.00000     0.22192     0.00000
     0.03500     0.34021    -0.06862    -0.16117     0.00000     0.00000     0.00000     0.21978     0.00000
     0.04000     0.33582    -0.06806    -0.15839     0.00000     0.00000     0.00000     0.21767     0.00000
     0.04500     0.33150    -0.06750    -0.15566     0.00000     0.00000     0.00000     0.21559     0.00000
     0.05000     0.32723    -0.06694    -0.15298     0.00000     0.00000     0.00000     0.21354     0.00000
     0.05500     0.32303    -0.06639    -0.15035     0.00000     0.00000     0.00000     0.21153     0.00000
     0.06000     0.31888    -0.06583    -0.14777     0.00000     0.00000     0.00000     0.20953     0.00000
     0.06500     0.31478    -0.06527    -0.14525     0.00000     0.00000     0.00000     0.20757     0.00000
     0.07000     0.31074    -0.06472    -0.14276     0.00000     0.00000     0.00000     0.20564     0.00000
     0.07500     0.30676    -0.06417    -0.14033     0.00000     0.00000     0.00000     0.20373     0.00000
     0.08000     0.30284    -0.06362    -0.13794     0.00000     0.00000     0.00000     0.20185     0.00000
     0.08500     0.29896    -0.06307    -0.13560     0.00000     0.00000     0.00000     0.19999     0.00000
     0.09000     0.29514    -0.06252    -0.13330     0.00000     0.00000     0.00000     0.19816     0.00000
     0.09500     0.29137    -0.06198    -0.13104     0.00000     0.00000     0.00000     0.19635     0.00000
     0.10000     0.28765    -0.06144    -0.12882     0.00000     0.00000     0.00000     0.19457     0.00000
     0.10500     0.28398    -0.06090    -0.12665     0.00000     0.00000     0.00000     0.19282     0.00000
     0.11000     0.28037    -0.06036    -0.12452     0.00000     0.00000     0.00000     0.19108     0.00000
     0.11500     0.27680    -0.05983    -0.12242     0.00000     0.00000     0.00000     0.18937     0.00000
     0.12000     0.27328    -0.05929    -0.12036     0.00000     0.00000     0.00000     0.18769     0.00000
     0.12500     0.26980    -0.05876    -0.11835     0.00000     0.00000     0.00000     0.18602     0.00000
     0.13000     0.26637    -0.05824    -0.11636     0.00000     0.00000     0.00000     0.18438     0.00000
     0.13500     0.26299    -0.05771    -0.11442     0.00000     0.00000     0.00000     0.18276     0.00000
     0.14000     0.25966    -0.05719    -0.11251     0.00000     0.00000     0.00000     0.18116     0.00000
     0.14500     0.25637    -0.05667    -0.11064     0.00000     0.00000     0.00000     0.17958     0.00000
     0.15000     0.25312    -0.05615    -0.10880     0.00000     0.00000     0.00000     0.17802     0.00000
     0.15500     0.24992    -0.05564    -0.10699     0.00000     0.00000     0.00000     0.17648     0.00000
     0.16000     0.24676    -0.05513    -0.10521     0.00000     0.00000     0.00000     0.17497     0.00000
     0.16500     0.24364    -0.05462    -0.10347     0.00000     0.00000     0.00000     0.17347     0.00000
     0.17000     0.24057    -0.05412    -0.10176     0.00000     0.00000     0.00000     0.17199     0.00000
     0.17500     0.23753    -0.05362    -0.10008     0.00000     0.00000     0.00000     0.17053     0.00000
     0.18000     0.23454    -0.05312    -0.09843     0.00000     0.00000     0.00000     0.16908     0.00000
     0.18500     0.23158    -0.05262    -0.09681     0.00000     0.00000     0.00000     0.16766     0.00000
     0.19000     0.22867    -0.05213    -0.09522     0.00000     0.00000     0.00000     0.16625     0.00000
     0.19500     0.22579    -0.05164    -0.09366     0.00000     0.00000     0.00000     0.16487     0.00000
     0.20000     0.22295    -0.05116    -0.09212     0.00000     0.00000     0.00000     0.16350     0.00000
     0.20500     0.22015    -0.05067    -0.09062     0.00000     0.00000     0.00000     0.16214     0.00000
     0.21000     0.21739    -0.05019    -0.08914     0.00000     0.00000     0.00000     0.16080     0.00000
     0.21500     0.21466    -0.04972    -0.08768     0.00000     0.00000     0.00000     0.15948     0.00000
     0.22000     0.21197    -0.04925    -0.08625     0.00000     0.00000     0.00000     0.15818     0.00000
     0.22500     0.20931    -0.04878    -0.08485     0.00000     0.00000     0.00000     0.15689     0.00000
     0.23000     0.20669    -0.04831    -0.08347     0.00000     0.00000     0.00000     0.15562     0.00000
     0.23500     0.20411    -0.04785    -0.08212     0.00000     0.00000     0.00000     0.15436     0.00000
     0.24000     0.20155    -0.04739    -0.08079     0.00000     0.00000     0.00000     0.15312     0.00000
     0.24500     0.19904    -0.04693    -0.07948     0.00000     0.00000     0.00000     0.15189     0.00000
     0.25000     0.19655    -0.04648    -0.07820     0.00000     0.00000     0.00000     0.15068     0.00000
     0.25500     0.19410    -0.04603    -0.07694     0.00000     0.00000     0.00000     0.14948     0.00000
     0.26000     0.19168    -0.04558    -0.07570     0.00000     0.00000     0.00000     0.14829     0.00000
     0.26500     0.18929    -0.04514    -0.07448     0.00000     0.00000     0.00000     0.14712     0.00000
     0.27000     0.18693    -0.04470    -0.07328     0.00000     0.00000     0.00000     0.14597     0.00000
     0.27500     0.18460    -0.04426    -0.07211     0.00000     0.00000     0.00000     0.14483     0.00000
     0.28000     0.18231    -0.04383    -0.07095     0.00000     0.00000     0.00000     0.14370     0.00000
     0.28500     0.18004    -0.04340    -0.06982     0.00000     0.00000     0.00000     0.14258     0.00000
     0.29000     0.17780    -0.04298    -0.06870     0.00000     0.00000     0.00000     0.14148     0.00000
     0.29500     0.17560    -0.04255    -0.06760     0.00000     0.00000     0.00000     0.14039     0.00000
     0.30000     0.17342    -0.04214    -0.06653     0.00000     0.00000     0.00000     0.13931     0.00000
     0.30500     0.17127    -0.04172    -0.06547     0.00000     0.00000     0.00000     0.13824     0.00000
     0.31000     0.16914    -0.04131    -0.06443     0.00000     0.00000     0.00000     0.13719     0.00000
     0.31500     0.16705    -0.04090    -0.06340     0.00000     0.00000     0.00000     0.13615     0.00000
     0.32000     0.16498    -0.04049    -0.06240     0.00000     0.00000     0.00000     0.13512     0.00000
     0.32500     0.16294    -0.04009    -0.06141     0.00000     0.00000     0.00000     0.13410     0.00000
     0.33000     0.16092    -0.03969    -0.06044     0.00000     0.00000     0.00000     0.13310     0.00000
     0.33500     0.15894    -0.03930    -0.05948     0.00000     0.00000     0.00000     0.13210     0.00000
     0.34000     0.15697    -0.03890    -0.05854     0.00000     0.00000     0.00000     0.13112     0.00000
     0.34500     0.15503    -0.03851    -0.05762     0.00000     0.00000     0.00000     0.13014     0.00000
     0.35000     0.15312    -0.03813    -0.05671     0.00000     0.00000     0.00000     0.12918     0.00000
     0.35500     0.15123    -0.03775    -0.05582     0.00000     0.00000     0.00000     0.12823     0.00000
     0.36000     0.14937    -0.03737    -0.05495     0.00000     0.00000     0.00000     0.12729     0.00000
     0.36500     0.14753    -0.03699    -0.05408     0.00000     0.00000     0.00000     0.12636     0.00000
     0.37000     0.14571    -0.03662    -0.05324     0.00000     0.00000     0.00000     0.12544     0.00000
     0.37500     0.14392    -0.03625    -0.05240     0.00000     0.00000     0.00000     0.12453     0.00000
     0.38000     0.14215    -0.03588    -0.05159     0.00000     0.00000     0.00000     0.12363     0.00000
     0.38500     0.14041    -0.03552    -0.05078     0.00000     0.00000     0.00000     0.12273     0.00000
     0.39000     0.13868    -0.03516    -0.04999     0.00000     0.00000     0.00000     0.12185     0.00000
     0.39500     0.13698    -0.03480    -0.04921     0.00000     0.00000     0.00000     0.12098     0.00000
     0.40000     0.13530    -0.03445    -0.04844     0.00000     0.00000     0.00000     0.12012     0.00000
     0.40500     0.13364    -0.03410    -0.04769     0.00000     0.00000     0.00000     0.11927     0.00000
     0.41000     0.13200    -0.03375    -0.04695     0.00000     0.00000     0.00000     0.11842     0.00000
     0.41500     0.13038    -0.03341    -0.04622     0.00000     0.00000     0.00000     0.11759     0.00000
     0.42000     0.12879    -0.03307    -0.04551     0.00000     0.00000     0.00000     0.11676     0.00000
     0.42500     0.12721    -0.03273    -0.04480     0.00000     0.00000     0.00000     0.11594     0.00000
     0.43000     0.12566    -0.03240    -0.04411     0.00000     0.00000     0.00000     0.11513     0.00000
     0.43500     0.12412    -0.03207    -0.04343     0.00000     0.00000     0.00000     0.11433     0.00000
     0.44000     0.12260    -0.03174    -0.04276     0.00000     0.00000     0.00000     0.11354     0.00000
     0.44500     0.12111    -0.03141    -0.04210     0.00000     0.00000     0.00000     0.11275     0.00000
     0.45000     0.11963    -0.03109    -0.04145     0.00000     0.00000     0.00000     0.11198     0.00000
     0.45500     0.11817    -0.03077    -0.04082     0.00000     0.00000     0.00000     0.11121     0.00000
     0.46000     0.11673    -0.03045    -0.04019     0.00000     0.00000     0.00000     0.11045     0.00000
     0.46500     0.11530    -0.03014    -0.03957     0.00000     0.00000     0.00000     0.10970     0.00000
     0.47000     0.11390    -0.02983    -0.03897     0.00000     0.00000     0.00000     0.10895     0.00000
     0.47500     0.11251    -0.02952    -0.03837     0.00000     0.00000     0.00000     0.10821     0.00000
     0.48000     0.11114    -0.02922    -0.03779     0.00000     0.00000     0.00000     0.10748     0.00000
     0.48500     0.10979    -0.02891    -0.03721     0.00000     0.00000     0.00000     0.10676     0.00000
     0.49000     0.10846    -0.02861    -0.03664     0.00000     0.00000     0.00000     0.10605     0.00000
     0.49500     0.10714    -0.02832    -0.03608     0.00000     0.00000     0.00000     0.10534     0.00000
     0.50000     0.10584    -0.02802    -0.03553     0.00000     0.00000     0.00000     0.10464     0.00000
     0.50500     0.10455    -0.02773    -0.03499     0.00000     0.00000     0.00000     0.10394     0.00000
     0.51000     0.10328    -0.02745    -0.03446     0.00000     0.00000     0.00000     0.10326     0.00000
     0.51500     0.10203    -0.02716    -0.03394     0.00000     0.00000     0.00000     0.10258     0.00000
     0.52000     0.10079    -0.02688    -0.03342     0.00000     0.00000     0.00000     0.10190     0.00000
     0.52500     0.09957    -0.02660    -0.03292     0.00000     0.00000     0.00000     0.10123     0.00000
     0.53000     0.09837    -0.02632    -0.03242     0.00000     0.00000     0.00000     0.10057     0.00000
     0.53500     0.09717    -0.02605    -0.03193     0.00000     0.00000     0.00000     0.09992     0.00000
     0.54000     0.09600    -0.02578    -0.03145     0.00000     0.00000     0.00000     0.09927     0.00000
     0.54500     0.09484    -0.02551    -0.03097     0.00000     0.00000     0.00000     0.09863     0.00000
     0.55000     0.09369    -0.02524    -0.03051     0.00000     0.00000     0.00000     0.09800     0.00000
     0.55500     0.09256    -0.02498    -0.03005     0.00000     0.00000     0.00000     0.09737     0.00000
     0.56000     0.09144    -0.02471    -0.02960     0.00000     0.00000     0.00000     0.09674     0.00000
     0.56500     0.09034    -0.02446    -0.02915     0.00000     0.00000     0.00000     0.09613     0.00000
     0.57000     0.08925    -0.02420    -0.02871     0.00000     0.00000     0.00000     0.09551     0.00000
     0.57500     0.08817    -0.02395    -0.02828     0.00000     0.00000     0.00000     0.09491     0.00000
     0.58000     0.08711    -0.02369    -0.02786     0.00000     0.00000     0.00000     0.09431     0.00000
     0.58500     0.08606    -0.02345    -0.02744     0.00000     0.00000     0.00000     0.09371     0.00000
     0.59000     0.08502    -0.02320    -0.02703     0.00000     0.00000     0.00000     0.09313     0.00000
     0.59500     0.08399    -0.02296    -0.02663     0.00000     0.00000     0.00000     0.09254     0.00000
     0.60000     0.08298    -0.02271    -0.02623     0.00000     0.00000     0.00000     0.09197     0.00000
     0.60500     0.08198    -0.02248    -0.02584     0.00000     0.00000     0.00000     0.09139     0.00000
     0.61000     0.08100    -0.02224    -0.02545     0.00000     0.00000     0.00000     0.09083     0.00000
     0.61500     0.08002    -0.02200    -0.02507     0.00000     0.00000     0.00000     0.09027     0.00000
     0.62000     0.07906    -0.02177    -0.02470     0.00000     0.00000     0.00000     0.08971     0.00000
     0.62500     0.07811    -0.02154    -0.02433     0.00000     0.00000     0.00000     0.08916     0.00000
     0.63000     0.07717    -0.02132    -0.02397     0.00000     0.00000     0.00000     0.08861     0.00000
     0.63500     0.07625    -0.02109    -0.02362     0.00000     0.00000     0.00000     0.08807     0.00000
     0.64000     0.07533    -0.02087    -0.02327     0.00000     0.00000     0.00000     0.08753     0.00000
     0.64500     0.07443    -0.02065    -0.02292     0.00000     0.00000     0.00000     0.08700     0.00000
     0.65000     0.07354    -0.02043    -0.02258     0.00000     0.00000     0.00000     0.08648     0.00000
     0.65500     0.07266    -0.02021    -0.02225     0.00000     0.00000     0.00000     0.08596     0.00000
     0.66000     0.07179    -0.02000    -0.02192     0.00000     0.00000     0.00000     0.08544     0.00000
     0.66500     0.07093    -0.01979    -0.02160     0.00000     0.00000     0.00000     0.08493     0.00000
     0.67000     0.07008    -0.01958    -0.02128     0.00000     0.00000     0.00000     0.08442     0.00000
     0.67500     0.06924    -0.01937    -0.02097     0.00000     0.00000     0.00000     0.08391     0.00000
     0.68000     0.06841    -0.01916    -0.02066     0.00000     0.00000     0.00000     0.08342     0.00000
     0.68500     0.06759    -0.01896    -0.02035     0.00000     0.00000     0.00000     0.08292     0.00000
     0.69000     0.06678    -0.01876    -0.02005     0.00000     0.00000     0.00000     0.08243     0.00000
     0.69500     0.06599    -0.01856    -0.01976     0.00000     0.00000     0.00000     0.08195     0.00000
     0.70000     0.06520    -0.01836    -0.01947     0.00000     0.00000     0.00000     0.08146     0.00000
     0.70500     0.06442    -0.01817    -0.01918     0.00000     0.00000     0.00000     0.08099     0.00000
     0.71000     0.06365    -0.01797    -0.01890     0.00000     0.00000     0.00000     0.08051     0.00000
     0.71500     0.06289    -0.01778    -0.01863     0.00000     0.00000     0.00000     0.08005     0.00000
     0.72000     0.06214    -0.01759    -0.01836     0.00000     0.00000     0.00000     0.07958     0.00000
     0.72500     0.06140    -0.01741    -0.01809     0.00000     0.00000     0.00000     0.07912     0.00000
     0.73000     0.06067    -0.01722    -0.01782     0.00000     0.00000     0.00000     0.07866     0.00000
     0.73500     0.05995    -0.01704    -0.01756     0.00000     0.00000     0.00000     0.07821     0.00000
     0.74000     0.05923    -0.01685    -0.01731     0.00000     0.00000     0.00000     0.07776     0.00000
     0.74500     0.05853    -0.01668    -0.01706     0.00000     0.00000     0.00000     0.07732     0.00000
     0.75000     0.05783    -0.01650    -0.01681     0.00000     0.00000     0.00000     0.07688     0.00000
     0.75500     0.05714    -0.01632    -0.01656     0.00000     0.00000     0.00000     0.07644     0.00000
     0.76000     0.05646    -0.01615    -0.01632     0.00000     0.00000     0.00000     0.07600     0.00000
     0.76500     0.05579    -0.01597    -0.01609     0.00000     0.00000     0.00000     0.07557     0.00000
     0.77000     0.05513    -0.01580    -0.01585     0.00000     0.00000     0.00000     0.07515     0.00000
     0.77500     0.05447    -0.01563    -0.01562     0.00000     0.00000     0.00000     0.07473     0.00000
     0.78000     0.05383    -0.01547    -0.01540     0.00000     0.00000     0.00000     0.07431     0.00000
     0.78500     0.05319    -0.01530    -0.01517     0.00000     0.00000     0.00000     0.07389     0.00000
     0.79000     0.05256    -0.01514    -0.01495     0.00000     0.00000     0.00000     0.07348     0.00000
     0.79500     0.05193    -0.01498    -0.01474     0.00000     0.00000     0.00000     0.07307     0.00000
     0.80000     0.05132    -0.01482    -0.01453     0.00000     0.00000     0.00000     0.07266     0.00000
     0.80500     0.05071    -0.01466    -0.01432     0.00000     0.00000     0.00000     0.07226     0.00000
     0.81000     0.05011    -0.01450    -0.01411     0.00000     0.00000     0.00000     0.07186     0.00000
     0.81500     0.04951    -0.01434    -0.01391     0.00000     0.00000     0.00000     0.07147     0.00000
     0.82000     0.04893    -0.01419    -0.01371     0.00000     0.00000     0.00000     0.07108     0.00000
     0.82500     0.04835    -0.01404    -0.01351     0.00000     0.00000     0.00000     0.07069     0.00000
     0.83000     0.04778    -0.01389    -0.01331     0.00000     0.00000     0.00000     0.07030     0.00000
     0.83500     0.04721    -0.01374    -0.01312     0.00000     0.00000     0.00000     0.06992     0.00000
     0.84000     0.04665    -0.01359    -0.01294     0.00000     0.00000     0.00000     0.06954     0.00000
     0.84500     0.04610    -0.01345    -0.01275     0.00000     0.00000     0.00000     0.06916     0.00000
     0.85000     0.04556    -0.01330    -0.01257     0.00000     0.00000     0.00000     0.06879     0.00000
     0.85500     0.04502    -0.01316    -0.01239     0.00000     0.00000     0.00000     0.06842     0.00000
     0.86000     0.04449    -0.01302    -0.01221     0.00000     0.00000     0.00000     0.06805     0.00000
     0.86500     0.04396    -0.01288    -0.01204     0.00000     0.00000     0.00000     0.06769     0.00000
     0.87000     0.04344    -0.01274    -0.01186     0.00000     0.00000     0.00000     0.06733     0.00000
     0.87500     0.04293    -0.01260    -0.01169     0.00000     0.00000     0.00000     0.06697     0.00000
     0.88000     0.04242    -0.01247    -0.01153     0.00000     0.00000     0.00000     0.06661     0.00000
     0.88500     0.04192    -0.01233    -0.01136     0.00000     0.00000     0.00000     0.06626     0.00000
     0.89000     0.04143    -0.01220    -0.01120     0.00000     0.00000     0.00000     0.06591     0.00000
     0.89500     0.04094    -0.01207    -0.01104     0.00000     0.00000     0.00000     0.06556     0.00000
     0.90000     0.04046    -0.01194    -0.01088     0.00000     0.00000     0.00000     0.06522     0.00000
     0.90500     0.03998    -0.01181    -0.01073     0.00000     0.00000     0.00000     0.06488     0.00000
     0.91000     0.03951    -0.01168    -0.01058     0.00000     0.00000     0.00000     0.06454     0.00000
     0.91500     0.03905    -0.01156    -0.01043     0.00000     0.00000     0.00000     0.06420     0.00000
     0.92000     0.03859    -0.01143    -0.01028     0.00000     0.00000     0.00000     0.06387     0.00000
     0.92500     0.03813    -0.01131    -0.01013     0.00000     0.00000     0.00000     0.06353     0.00000
     0.93000     0.03768    -0.01119    -0.00999     0.00000     0.00000     0.00000     0.06321     0.00000
     0.93500     0.03724    -0.01106    -0.00985     0.00000     0.00000     0.00000     0.06288     0.00000
     0.94000     0.03680    -0.01095    -0.00971     0.00000     0.00000     0.00000     0.06256     0.00000
     0.94500     0.03637    -0.01083    -0.00957     0.00000     0.00000     0.00000     0.06223     0.00000
     0.95000     0.03594    -0.01071    -0.00944     0.00000     0.00000     0.00000     0.06192     0.00000
     0.95500     0.03552    -0.01059    -0.00930     0.00000     0.00000     0.00000     0.06160     0.00000
     0.96000     0.03511    -0.01048    -0.00917     0.00000     0.00000     0.00000     0.06129     0.00000
     0.96500     0.03469    -0.01037    -0.00904     0.00000     0.00000     0.00000     0.06097     0.00000
     0.97000     0.03429    -0.01026    -0.00892     0.00000     0.00000     0.00000     0.06066     0.00000
     0.97500     0.03388    -0.01014    -0.00879     0.00000     0.00000     0.00000     0.06036     0.00000
     0.98000     0.03349    -0.01003    -0.00867     0.00000     0.00000     0.00000     0.06005     0.00000
     0.98500     0.03309    -0.00993    -0.00854     0.00000     0.00000     0.00000     0.05975     0.00000
     0.99000     0.03271    -0.00982    -0.00842     0.00000     0.00000     0.00000     0.05945     0.00000
     0.99500     0.03232    -0.00971    -0.00831     0.00000     0.00000     0.00000     0.05915     0.00000
     1.00000     0.03195    -0.00961    -0.00819     0.00000     0.00000     0.00000     0.05886     0.00000
     1.00500     0.03157    -0.00950    -0.00807     0.00000     0.00000     0.00000     0.05857     0.00000
     1.01000     0.03120    -0.00940    -0.00796     0.00000     0.00000     0.00000     0.05827     0.00000
     1.01500     0.03084    -0.00930    -0.00785     0.00000     0.00000     0.00000     0.05799     0.00000
     1.02000     0.03048    -0.00920    -0.00774     0.00000     0.00000     0.00000     0.05770     0.00000
     1.02500     0.03012    -0.00910    -0.00763     0.00000     0.00000     0.00000     0.05741     0.00000
     1.03000     0.02977    -0.00900    -0.00752     0.00000     0.00000     0.00000     0.05713     0.00000
     1.03500     0.02942    -0.00890    -0.00742     0.00000     0.00000     0.00000     0.05685     0.00000
     1.04000     0.02908    -0.00881    -0.00732     0.00000     0.00000     0.00000     0.05657     0.00000
     1.04500     0.02874    -0.00871    -0.00721     0.00000     0.00000     0.00000     0.05630     0.00000
     1.05000     0.02840    -0.00862    -0.00711     0.00000     0.00000     0.00000     0.05602     0.00000
     1.05500     0.02807    -0.00852    -0.00701     0.00000     0.00000     0.00000     0.05575     0.00000
     1.06000     0.02774    -0.00843    -0.00692     0.00000     0.00000     0.00000     0.05548     0.00000
     1.06500     0.02742    -0.00834    -0.00682     0.00000     0.00000     0.00000     0.05521     0.00000
     1.07000     0.02710    -0.00825    -0.00672     0.00000     0.00000     0.00000     0.05494     0.00000
     1.07500     0.02678    -0.00816    -0.00663     0.00000     0.00000     0.00000     0.05468     0.00000
     1.08000     0.02647    -0.00807    -0.00654     0.00000     0.00000     0.00000     0.05442     0.00000
     1.08500     0.02616    -0.00798    -0.00645     0.00000     0.00000     0.00000     0.05416     0.00000
     1.09000     0.02586    -0.00790    -0.00636     0.00000     0.00000     0.00000     0.05390     0.00000
     1.09500     0.02556    -0.00781    -0.00627     0.00000     0.00000     0.00000     0.05364     0.00000
     1.10000     0.02526    -0.00773    -0.00618     0.00000     0.00000     0.00000     0.05339     0.00000
     1.10500     0.02496    -0.00764    -0.00610     0.00000     0.00000     0.00000     0.05313     0.00000
     1.11000     0.02467    -0.00756    -0.00601     0.00000     0.00000     0.00000     0.05288     0.00000
     1.11500     0.02439    -0.00748    -0.00593     0.00000     0.00000     0.00000     0.05263     0.00000
     1.12000     0.02410    -0.00740    -0.00585     0.00000     0.00000     0.00000     0.05238     0.00000
     1.12500     0.02382    -0.00732    -0.00577     0.00000     0.00000     0.00000     0.05214     0.00000
     1.13000     0.02354    -0.00724    -0.00569     0.00000     0.00000     0.00000     0.05189     0.00000
     1.13500     0.02327    -0.00716    -0.00561     0.00000     0.00000     0.00000     0.05165     0.00000
     1.14000     0.02300    -0.00708    -0.00553     0.00000     0.00000     0.00000     0.05141     0.00000
     1.14500     0.02273    -0.00700    -0.00546     0.00000     0.00000     0.00000     0.05117     0.00000
     1.15000     0.02247    -0.00693    -0.00538     0.00000     0.00000     0.00000     0.05093     0.00000
     1.15500     0.02221    -0.00685    -0.00531     0.00000     0.00000     0.00000     0.05070     0.00000
     1.16000     0.02195    -0.00678    -0.00523     0.00000     0.00000     0.00000     0.05046     0.00000
     1.16500     0.02170    -0.00671    -0.00516     0.00000     0.00000     0.00000     0.05023     0.00000
     1.17000     0.02144    -0.00663    -0.00509     0.00000     0.00000     0.00000     0.05000     0.00000
     1.17500     0.02119    -0.00656    -0.00502     0.00000     0.00000     0.00000     0.04977     0.00000
     1.18000     0.02095    -0.00649    -0.00495     0.00000     0.00000     0.00000     0.04954     0.00000
     1.18500     0.02071    -0.00642    -0.00488     0.00000     0.00000     0.00000     0.04931     0.00000
     1.19000     0.02047    -0.00635    -0.00482     0.00000     0.00000     0.00000     0.04909     0.00000
     1.19500     0.02023    -0.00628    -0.00475     0.00000     0.00000     0.00000     0.04887     0.00000
     1.20000     0.01999    -0.00621    -0.00468     0.00000     0.00000     0.00000     0.04864     0.00000
     1.20500     0.01976    -0.00614    -0.00462     0.00000     0.00000     0.00000     0.04842     0.00000
     1.21000     0.01953    -0.00608    -0.00456     0.00000     0.00000     0.00000     0.04820     0.00000
     1.21500     0.01931    -0.00601    -0.00450     0.00000     0.00000     0.00000     0.04799     0.00000
     1.22000     0.01908    -0.00595    -0.00443     0.00000     0.00000     0.00000     0.04777     0.00000
     1.22500     0.01886    -0.00588    -0.00437     0.00000     0.00000     0.00000     0.04756     0.00000
     1.23000     0.01864    -0.00582    -0.00431     0.00000     0.00000     0.00000     0.04734     0.00000
     1.23500     0.01843    -0.00575    -0.00425     0.00000     0.00000     0.00000     0.04713     0.00000
     1.24000     0.01822    -0.00569    -0.00420     0.00000     0.00000     0.00000     0.04692     0.00000
     1.24500     0.01801    -0.00563    -0.00414     0.00000     0.00000     0.00000     0.04671     0.00000
     1.25000     0.01780    -0.00557    -0.00408     0.00000     0.00000     0.00000     0.04651     0.00000
     1.25500     0.01759    -0.00551    -0.00403     0.00000     0.00000     0.00000     0.04630     0.00000
     1.26000     0.01739    -0.00545    -0.00397     0.00000     0.00000     0.00000     0.04609     0.00000
     1.26500     0.01719    -0.00539    -0.00392     0.00000     0.00000     0.00000     0.04589     0.00000
     1.27000     0.01699    -0.00533    -0.00386     0.00000     0.00000     0.00000     0.04569     0.00000
     1.27500     0.01679    -0.00527    -0.00381     0.00000     0.00000     0.00000     0.04549     0.00000
     1.28000     0.01660    -0.00521    -0.00376     0.00000     0.00000     0.00000     0.04529     0.00000
     1.28500     0.01641    -0.00516    -0.00371     0.00000     0.00000     0.00000     0.04509     0.00000
     1.29000     0.01622    -0.00510    -0.00366     0.00000     0.00000     0.00000     0.04489     0.00000
     1.29500     0.01603    -0.00505    -0.00361     0.00000     0.00000     0.00000     0.04470     0.00000
     1.30000     0.01585    -0.00499    -0.00356     0.00000     0.00000     0.00000     0.04451     0.00000
     1.30500     0.01566    -0.00494    -0.00351     0.00000     0.00000     0.00000     0.04431     0.00000
     1.31000     0.01548    -0.00488    -0.00346     0.00000     0.00000     0.00000     0.04412     0.00000
     1.31500     0.01530    -0.00483    -0.00342     0.00000     0.00000     0.00000     0.04393     0.00000
     1.32000     0.01513    -0.00478    -0.00337     0.00000     0.00000     0.00000     0.04374     0.00000
     1.32500     0.01495    -0.00473    -0.00333     0.00000     0.00000     0.00000     0.04355     0.00000
     1.33000     0.01478    -0.00467    -0.00328     0.00000     0.00000     0.00000     0.04337     0.00000
     1.33500     0.01461    -0.00462    -0.00324     0.00000     0.00000     0.00000     0.04318     0.00000
     1.34000     0.01444    -0.00457    -0.00319     0.00000     0.00000     0.00000     0.04300     0.00000
     1.34500     0.01428    -0.00452    -0.00315     0.00000     0.00000     0.00000     0.04281     0.00000
     1.35000     0.01411    -0.00447    -0.00311     0.00000     0.00000     0.00000     0.04263     0.00000
     1.35500     0.01395    -0.00443    -0.00306     0.00000     0.00000     0.00000     0.04245     0.00000
     1.36000     0.01379    -0.00438    -0.00302     0.00000     0.00000     0.00000     0.04227     0.00000
     1.36500     0.01363    -0.00433    -0.00298     0.00000     0.00000     0.00000     0.04209     0.00000
     1.37000     0.01347    -0.00428    -0.00294     0.00000     0.00000     0.00000     0.04192     0.00000
     1.37500     0.01332    -0.00424    -0.00290     0.00000     0.00000     0.00000     0.04174     0.00000
     1.38000     0.01317    -0.00419    -0.00286     0.00000     0.00000     0.00000     0.04156     0.00000
     1.38500     0.01301    -0.00414    -0.00283     0.00000     0.00000     0.00000     0.04139     0.00000
     1.39000     0.01286    -0.00410    -0.00279     0.00000     0.00000     0.00000     0.04122     0.00000
     1.39500     0.01272    -0.00405    -0.00275     0.00000     0.00000     0.00000     0.04104     0.00000
     1.40000     0.01257    -0.00401    -0.00271     0.00000     0.00000     0.00000     0.04087     0.00000
     1.40500     0.01243    -0.00397    -0.00268     0.00000     0.00000     0.00000     0.04070     0.00000
     1.41000     0.01228    -0.00392    -0.00264     0.00000     0.00000     0.00000     0.04054     0.00000
     1.41500     0.01214    -0.00388    -0.00261     0.00000     0.00000     0.00000     0.04037     0.00000
     1.42000     0.01200    -0.00384    -0.00257     0.00000     0.00000     0.00000     0.04020     0.00000
     1.42500     0.01187    -0.00380    -0.00254     0.00000     0.00000     0.00000     0.04004     0.00000
     1.43000     0.01173    -0.00375    -0.00250     0.00000     0.00000     0.00000     0.03987     0.00000
     1.43500     0.01160    -0.00371    -0.00247     0.00000     0.00000     0.00000     0.03971     0.00000
     1.44000     0.01146    -0.00367    -0.00244     0.00000     0.00000     0.00000     0.03954     0.00000
     1.44500     0.01133    -0.00363    -0.00240     0.00000     0.00000     0.00000     0.03938     0.00000
     1.45000     0.01120    -0.00359    -0.00237     0.00000     0.00000     0.00000     0.03922     0.00000
     1.45500     0.01107    -0.00355    -0.00234     0.00000     0.00000     0.00000     0.03906     0.00000
     1.46000     0.01095    -0.00352    -0.00231     0.00000     0.00000     0.00000     0.03890     0.00000
     1.46500     0.01082    -0.00348    -0.00228     0.00000     0.00000     0.00000     0.03875     0.00000
     1.47000     0.01070    -0.00344    -0.00225     0.00000     0.00000     0.00000     0.03859     0.00000
     1.47500     0.01057    -0.00340    -0.00222     0.00000     0.00000     0.00000     0.03843     0.00000
     1.48000     0.01045    -0.00337    -0.00219     0.00000     0.00000     0.00000     0.03828     0.00000
     1.48500     0.01033    -0.00333    -0.00216     0.00000     0.00000     0.00000     0.03813     0.00000
     1.49000     0.01022    -0.00329    -0.00213     0.00000     0.00000     0.00000     0.03797     0.00000
     1.49500     0.01010    -0.00326    -0.00210     0.00000     0.00000     0.00000     0.03782     0.00000
     1.50000     0.00998    -0.00322    -0.00207     0.00000     0.00000     0.00000     0.03767     0.00000
     1.50500     0.00987    -0.00319    -0.00205     0.00000     0.00000     0.00000     0.03752     0.00000
     1.51000     0.00976    -0.00315    -0.00202     0.00000     0.00000     0.00000     0.03737     0.00000
     1.51500     0.00964    -0.00312    -0.00199     0.00000     0.00000     0.00000     0.03722     0.00000
     1.52000     0.00953    -0.00308    -0.00196     0.00000     0.00000     0.00000     0.03707     0.00000
     1.52500     0.00942    -0.00305    -0.00194     0.00000     0.00000     0.00000     0.03693     0.00000
     1.53000     0.00932    -0.00302    -0.00191     0.00000     0.00000     0.00000     0.03678     0.00000
     1.53500     0.00921    -0.00298    -0.00189     0.00000     0.00000     0.00000     0.03664     0.00000
     1.54000     0.00911    -0.00295    -0.00186     0.00000     0.00000     0.00000     0.03649     0.00000
     1.54500     0.00900    -0.00292    -0.00184     0.00000     0.00000     0.00000     0.03635     0.00000
     1.55000     0.00890    -0.00289    -0.00181     0.00000     0.00000     0.00000     0.03621     0.00000
     1.55500     0.00880    -0.00286    -0.00179     0.00000     0.00000     0.00000     0.03606     0.00000
     1.56000     0.00870    -0.00282    -0.00177     0.00000     0.00000     0.00000     0.03592     0.00000
     1.56500     0.00860    -0.00279    -0.00174     0.00000     0.00000     0.00000     0.03578     0.00000
     1.57000     0.00850    -0.00276    -0.00172     0.00000     0.00000     0.00000     0.03565     0.00000
     1.57500     0.00840    -0.00273    -0.00170     0.00000     0.00000     0.00000     0.03551     0.00000
     1.58000     0.00831    -0.00270    -0.00167     0.00000     0.00000     0.00000     0.03537     0.00000
     1.58500     0.00821    -0.00267    -0.00165     0.00000     0.00000     0.00000     0.03523     0.00000
     1.59000     0.00812    -0.00264    -0.00163     0.00000     0.00000     0.00000     0.03510     0.00000
     1.59500     0.00803    -0.00262    -0.00161     0.00000     0.00000     0.00000     0.03496     0.00000
     1.60000     0.00793    -0.00259    -0.00159     0.00000     0.00000     0.00000     0.03483     0.00000
     1.60500     0.00784    -0.00256    -0.00157     0.00000     0.00000     0.00000     0.03469     0.00000
     1.61000     0.00775    -0.00253    -0.00155     0.00000     0.00000     0.00000     0.03456     0.00000
     1.61500     0.00767    -0.00250    -0.00153     0.00000     0.00000     0.00000     0.03443     0.00000
     1.62000     0.00758    -0.00248    -0.00151     0.00000     0.00000     0.00000     0.03430     0.00000
     1.62500     0.00749    -0.00245    -0.00149     0.00000     0.00000     0.00000     0.03417     0.00000
     1.63000     0.00741    -0.00242    -0.00147     0.00000     0.00000     0.00000     0.03404     0.00000
     1.63500     0.00732    -0.00240    -0.00145     0.00000     0.00000     0.00000     0.03391     0.00000
     1.64000     0.00724    -0.00237    -0.00143     0.00000     0.00000     0.00000     0.03378     0.00000
     1.64500     0.00716    -0.00234    -0.00141     0.00000     0.00000     0.00000     0.03365     0.00000
     1.65000     0.00708    -0.00232    -0.00139     0.00000     0.00000     0.00000     0.03353     0.00000
     1.65500     0.00700    -0.00229    -0.00137     0.00000     0.00000     0.00000     0.03340     0.00000
     1.66000     0.00692    -0.00227    -0.00135     0.00000     0.00000     0.00000     0.03327     0.00000
     1.66500     0.00684    -0.00224    -0.00134     0.00000     0.00000     0.00000     0.03315     0.00000
     1.67000     0.00676    -0.00222    -0.00132     0.00000     0.00000     0.00000     0.03303     0.00000
     1.67500     0.00668    -0.00219    -0.00130     0.00000     0.00000     0.00000     0.03290     0.00000
     1.68000     0.00661    -0.00217    -0.00128     0.00000     0.00000     0.00000     0.03278     0.00000
     1.68500     0.00653    -0.00215    -0.00127     0.00000     0.00000     0.00000     0.03266     0.00000
     1.69000     0.00646    -0.00212    -0.00125     0.00000     0.00000     0.00000     0.03254     0.00000
     1.69500     0.00638    -0.00210    -0.00123     0.00000     0.00000     0.00000     0.03242     0.00000
     1.70000     0.00631    -0.00208    -0.00122     0.00000     0.00000     0.00000     0.03230     0.00000
     1.70500     0.00624    -0.00206    -0.00120     0.00000     0.00000     0.00000     0.03218     0.00000
     1.71000     0.00617    -0.00203    -0.00119     0.00000     0.00000     0.00000     0.03206     0.00000
     1.71500     0.00610    -0.00201    -0.00117     0.00000     0.00000     0.00000     0.03194     0.00000
     1.72000     0.00603    -0.00199    -0.00116     0.00000     0.00000     0.00000     0.03182     0.00000
     1.72500     0.00596    -0.00197    -0.00114     0.00000     0.00000     0.00000     0.03171     0.00000
     1.73000     0.00589    -0.00195    -0.00113     0.00000     0.00000     0.00000     0.03159     0.00000
     1.73500     0.00583    -0.00192    -0.00111     0.00000     0.00000     0.00000     0.03147     0.00000
     1.74000     0.00576    -0.00190    -0.00110     0.00000     0.00000     0.00000     0.03136     0.00000
     1.74500     0.00570    -0.00188    -0.00108     0.00000     0.00000     0.00000     0.03125     0.00000
     1.75000     0.00563    -0.00186    -0.00107     0.00000     0.00000     0.00000     0.03113     0.00000
     1.75500     0.00557    -0.00184    -0.00105     0.00000     0.00000     0.00000     0.03102     0.00000
     1.76000     0.00550    -0.00182    -0.00104     0.00000     0.00000     0.00000     0.03091     0.00000
     1.76500     0.00544    -0.00180    -0.00103     0.00000     0.00000     0.00000     0.03079     0.00000
     1.77000     0.00538    -0.00178    -0.00101     0.00000     0.00000     0.00000     0.03068     0.00000
     1.77500     0.00532    -0.00176    -0.00100     0.00000     0.00000     0.00000     0.03057     0.00000
     1.78000     0.00526    -0.00174    -0.00099     0.00000     0.00000     0.00000     0.03046     0.00000
     1.78500     0.00520    -0.00172    -0.00097     0.00000     0.00000     0.00000     0.03035     0.00000
     1.79000     0.00514    -0.00171    -0.00096     0.00000     0.00000     0.00000     0.03025     0.00000
     1.79500     0.00508    -0.00169    -0.00095     0.00000     0.00000     0.00000     0.03014     0.00000
     1.80000     0.00502    -0.00167    -0.00094     0.00000     0.00000     0.00000     0.03003     0.00000
     1.80500     0.00497    -0.00165    -0.00092     0.00000     0.00000     0.00000     0.02992     0.00000
     1.81000     0.00491    -0.00163    -0.00091     0.00000     0.00000     0.00000     0.02982     0.00000
     1.81500     0.00486    -0.00161    -0.00090     0.00000     0.00000     0.00000     0.02971     0.00000
     1.82000     0.00480    -0.00160    -0.00089     0.00000     0.00000     0.00000     0.02961     0.00000
     1.82500     0.00475    -0.00158    -0.00088     0.00000     0.00000     0.00000     0.02950     0.00000
     1.83000     0.00469    -0.00156    -0.00087     0.00000     0.00000     0.00000     0.02940     0.00000
     1.83500     0.00464    -0.00155    -0.00086     0.00000     0.00000     0.00000     0.02929     0.00000
     1.84000     0.00459    -0.00153    -0.00084     0.00000     0.00000     0.00000     0.02919     0.00000
     1.84500     0.00454    -0.00151    -0.00083     0.00000     0.00000     0.00000     0.02909     0.00000
     1.85000     0.00448    -0.00150    -0.00082     0.00000     0.00000     0.00000     0.02899     0.00000
     1.85500     0.00443    -0.00148    -0.00081     0.00000     0.00000     0.00000     0.02888     0.00000
     1.86000     0.00438    -0.00146    -0.00080     0.00000     0.00000     0.00000     0.02878     0.00000
     1.86500     0.00433    -0.00145    -0.00079     0.00000     0.00000     0.00000     0.02868     0.00000
     1.87000     0.00429    -0.00143    -0.00078     0.00000     0.00000     0.00000     0.02858     0.00000
     1.87500     0.00424    -0.00142    -0.00077     0.00000     0.00000     0.00000     0.02848     0.00000
     1.88000     0.00419    -0.00140    -0.00076     0.00000     0.00000     0.00000     0.02838     0.00000
     1.88500     0.00414    -0.00139    -0.00075     0.00000     0.00000     0.00000     0.02829     0.00000
     1.89000     0.00410    -0.00137    -0.00074     0.00000     0.00000     0.00000     0.02819     0.00000
     1.89500     0.00405    -0.00136    -0.00073     0.00000     0.00000     0.00000     0.02809     0.00000
     1.90000     0.00400    -0.00134    -0.00072     0.00000     0.00000     0.00000     0.02799     0.00000
     1.90500     0.00396    -0.00133    -0.00071     0.00000     0.00000     0.00000     0.02790     0.00000
     1.91000     0.00391    -0.00131    -0.00070     0.00000     0.00000     0.00000     0.02780     0.00000
     1.91500     0.00387    -0.00130    -0.00069     0.00000     0.00000     0.00000     0.02771     0.00000
     1.92000     0.00383    -0.00128    -0.00069     0.00000     0.00000     0.00000     0.02761     0.00000
     1.92500     0.00378    -0.00127    -0.00068     0.00000     0.00000     0.00000     0.02752     0.00000
     1.93000     0.00374    -0.00126    -0.00067     0.00000     0.00000     0.00000     0.02742     0.00000
     1.93500     0.00370    -0.00124    -0.00066     0.00000     0.00000     0.00000     0.02733     0.00000
     1.94000     0.00366    -0.00123    -0.00065     0.00000     0.00000     0.00000     0.02724     0.00000
     1.94500     0.00361    -0.00121    -0.00064     0.00000     0.00000     0.00000     0.02715     0.00000
     1.95000     0.00357    -0.00120    -0.00063     0.00000     0.00000     0.00000     0.02705     0.00000
     1.95500     0.00353    -0.00119    -0.00063     0.00000     0.00000     0.00000     0.02696     0.00000
     1.96000     0.00349    -0.00118    -0.00062     0.00000     0.00000     0.00000     0.02687     0.00000
     1.96500     0.00345    -0.00116    -0.00061     0.00000     0.00000     0.00000     0.02678     0.00000
     1.97000     0.00342    -0.00115    -0.00060     0.00000     0.00000     0.00000     0.02669     0.00000
     1.97500     0.00338    -0.00114    -0.00059     0.00000     0.00000     0.00000     0.02660     0.00000
     1.98000     0.00334    -0.00112    -0.00059     0.00000     0.00000     0.00000     0.02651     0.00000
     1.98500     0.00330    -0.00111    -0.00058     0.00000     0.00000     0.00000     0.02642     0.00000
     1.99000     0.00326    -0.00110    -0.00057     0.00000     0.00000     0.00000     0.02633     0.00000
     1.99500     0.00323    -0.00109    -0.00056     0.00000     0.00000     0.00000     0.02625     0.00000
     2.00000     0.00319    -0.00108    -0.00056     0.00000     0.00000     0.00000     0.02616     0.00000
     2.00500     0.00316    -0.00106    -0.00055     0.00000     0.00000     0.00000     0.02607     0.00000
     2.01000     0.00312    -0.00105    -0.00054     0.00000     0.00000     0.00000     0.02599     0.00000
     2.01500     0.00308    -0.00104    -0.00054     0.00000     0.00000     0.00000     0.02590     0.00000
     2.02000     0.00305    -0.00103    -0.00053     0.00000     0.00000     0.00000     0.02581     0.00000
     2.02500     0.00302    -0.00102    -0.00052     0.00000     0.00000     0.00000     0.02573     0.00000
     2.03000     0.00298    -0.00101    -0.00052     0.00000     0.00000     0.00000     0.02564     0.00000
     2.03500     0.00295    -0.00100    -0.00051     0.00000     0.00000     0.00000     0.02556     0.00000
     2.04000     0.00292    -0.00099    -0.00050     0.00000     0.00000     0.00000     0.02548     0.00000
     2.04500     0.00288    -0.00098    -0.00050     0.00000     0.00000     0.00000     0.02539     0.00000
     2.05000     0.00285    -0.00097    -0.00049     0.00000     0.00000     0.00000     0.02531     0.00000
     2.05500     0.00282    -0.00095    -0.00048     0.00000     0.00000     0.00000     0.02523     0.00000
     2.06000     0.00279    -0.00094    -0.00048     0.00000     0.00000     0.00000     0.02514     0.00000
     2.06500     0.00276    -0.00093    -0.00047     0.00000     0.00000     0.00000     0.02506     0.00000
     2.07000     0.00272    -0.00092    -0.00047     0.00000     0.00000     0.00000     0.02498     0.00000
     2.07500     0.00269    -0.00091    -0.00046     0.00000     0.00000     0.00000     0.02490     0.00000
     2.08000     0.00266    -0.00090    -0.00045     0.00000     0.00000     0.00000     0.02482     0.00000
     2.08500     0.00263    -0.00089    -0.00045     0.00000     0.00000     0.00000     0.02474     0.00000
     2.09000     0.00260    -0.00088    -0.00044     0.00000     0.00000     0.00000     0.02466     0.00000
     2.09500     0.00257    -0.00087    -0.00044     0.00000     0.00000     0.00000     0.02458     0.00000
     2.10000     0.00255    -0.00086    -0.00043     0.00000     0.00000     0.00000     0.02450     0.00000
     2.10500     0.00252    -0.00086    -0.00043     0.00000     0.00000     0.00000     0.02442     0.00000
     2.11000     0.00249    -0.00085    -0.00042     0.00000     0.00000     0.00000     0.02434     0.00000
     2.11500     0.00246    -0.00084    -0.00041     0.00000     0.00000     0.00000     0.02426     0.00000
     2.12000     0.00243    -0.00083    -0.00041     0.00000     0.00000     0.00000     0.02419     0.00000
     2.12500     0.00241    -0.00082    -0.00040     0.00000     0.00000     0.00000     0.02411     0.00000
     2.13000     0.00238    -0.00081    -0.00040     0.00000     0.00000     0.00000     0.02403     0.00000
     2.13500     0.00235    -0.00080    -0.00039     0.00000     0.00000     0.00000     0.02395     0.00000
     2.14000     0.00233    -0.00079    -0.00039     0.00000     0.00000     0.00000     0.02388     0.00000
     2.14500     0.00230    -0.00078    -0.00038     0.00000     0.00000     0.00000     0.02380     0.00000
     2.15000     0.00227    -0.00078    -0.00038     0.00000     0.00000     0.00000     0.02373     0.00000
     2.15500     0.00225    -0.00077    -0.00037     0.00000     0.00000     0.00000     0.02365     0.00000
     2.16000     0.00222    -0.00076    -0.00037     0.00000     0.00000     0.00000     0.02358     0.00000
     2.16500     0.00220    -0.00075    -0.00036     0.00000     0.00000     0.00000     0.02350     0.00000
     2.17000     0.00217    -0.00074    -0.00036     0.00000     0.00000     0.00000     0.02343     0.00000
     2.17500     0.00215    -0.00073    -0.00036     0.00000     0.00000     0.00000     0.02336     0.00000
     2.18000     0.00213    -0.00073    -0.00035     0.00000     0.00000     0.00000     0.02328     0.00000
     2.18500     0.00210    -0.00072    -0.00035     0.00000     0.00000     0.00000     0.02321     0.00000
     2.19000     0.00208    -0.00071    -0.00034     0.00000     0.00000     0.00000     0.02314     0.00000
     2.19500     0.00206    -0.00070    -0.00034     0.00000     0.00000     0.00000     0.02306     0.00000
     2.20000     0.00203    -0.00070    -0.00033     0.00000     0.00000     0.00000     0.02299     0.00000
     2.20500     0.00201    -0.00069    -0.00033     0.00000     0.00000     0.00000     0.02292     0.00000
     2.21000     0.00199    -0.00068    -0.00033     0.00000     0.00000     0.00000     0.02285     0.00000
     2.21500     0.00196    -0.00067    -0.00032     0.00000     0.00000     0.00000     0.02278     0.00000
     2.22000     0.00194    -0.00067    -0.00032     0.00000     0.00000     0.00000     0.02271     0.00000
     2.22500     0.00192    -0.00066    -0.00031     0.00000     0.00000     0.00000     0.02264     0.00000
     2.23000     0.00190    -0.00065    -0.00031     0.00000     0.00000     0.00000     0.02257     0.00000
     2.23500     0.00188    -0.00064    -0.00031     0.00000     0.00000     0.00000     0.02250     0.00000
     2.24000     0.00186    -0.00064    -0.00030     0.00000     0.00000     0.00000     0.02243     0.00000
     2.24500     0.00184    -0.00063    -0.00030     0.00000     0.00000     0.00000     0.02236     0.00000
     2.25000     0.00182    -0.00062    -0.00029     0.00000     0.00000     0.00000     0.02229     0.00000
     2.25500     0.00180    -0.00062    -0.00029     0.00000     0.00000     0.00000     0.02222     0.00000
     2.26000     0.00178    -0.00061    -0.00029     0.00000     0.00000     0.00000     0.02215     0.00000
     2.26500     0.00176    -0.00060    -0.00028     0.00000     0.00000     0.00000     0.02209     0.00000
     2.27000     0.00174    -0.00060    -0.00028     0.00000     0.00000     0.00000     0.02202     0.00000
     2.27500     0.00172    -0.00059    -0.00028     0.00000     0.00000     0.00000     0.02195     0.00000
     2.28000     0.00170    -0.00058    -0.00027     0.00000     0.00000     0.00000     0.02188     0.00000
     2.28500     0.00168    -0.00058    -0.00027     0.00000     0.00000     0.00000     0.02182     0.00000
     2.29000     0.00166    -0.00057    -0.00027     0.00000     0.00000     0.00000     0.02175     0.00000
     2.29500     0.00164    -0.00056    -0.00026     0.00000     0.00000     0.00000     0.02168     0.00000
     2.30000     0.00162    -0.00056    -0.00026     0.00000     0.00000     0.00000     0.02162     0.00000
     2.30500     0.00160    -0.00055    -0.00026     0.00000     0.00000     0.00000     0.02155     0.00000
     2.31000     0.00159    -0.00055    -0.00025     0.00000     0.00000     0.00000     0.02149     0.00000
     2.31500     0.00157    -0.00054    -0.00025     0.00000     0.00000     0.00000     0.02142     0.00000
     2.32000     0.00155    -0.00053    -0.00025     0.00000     0.00000     0.00000     0.02136     0.00000
     2.32500     0.00153    -0.00053    -0.00024     0.00000     0.00000     0.00000     0.02130     0.00000
     2.33000     0.00152    -0.00052    -0.00024     0.00000     0.00000     0.00000     0.02123     0.00000
     2.33500     0.00150    -0.00052    -0.00024     0.00000     0.00000     0.00000     0.02117     0.00000
     2.34000     0.00148    -0.00051    -0.00023     0.00000     0.00000     0.00000     0.02110     0.00000
     2.34500     0.00147    -0.00051    -0.00023     0.00000     0.00000     0.00000     0.02104     0.00000
     2.35000     0.00145    -0.00050    -0.00023     0.00000     0.00000     0.00000     0.02098     0.00000
     2.35500     0.00143    -0.00050    -0.00023     0.00000     0.00000     0.00000     0.02092     0.00000
     2.36000     0.00142    -0.00049    -0.00022     0.00000     0.00000     0.00000     0.02085     0.00000
     2.36500     0.00140    -0.00048    -0.00022     0.00000     0.00000     0.00000     0.02079     0.00000
     2.37000     0.00139    -0.00048    -0.00022     0.00000     0.00000     0.00000     0.02073     0.00000
     2.37500     0.00137    -0.00047    -0.00021     0.00000     0.00000     0.00000     0.02067     0.00000
     2.38000     0.00136    -0.00047    -0.00021     0.00000     0.00000     0.00000     0.02061     0.00000
     2.38500     0.00134    -0.00046    -0.00021     0.00000     0.00000     0.00000     0.02055     0.00000
     2.39000     0.00133    -0.00046    -0.00021     0.00000     0.00000     0.00000     0.02049     0.00000
     2.39500     0.00131    -0.00045    -0.00020     0.00000     0.00000     0.00000     0.02043     0.00000
     2.40000     0.00130    -0.00045    -0.00020     0.00000     0.00000     0.00000     0.02037     0.00000
     2.40500     0.00128    -0.00044    -0.00020     0.00000     0.00000     0.00000     0.02031     0.00000
     2.41000     0.00127    -0.00044    -0.00020     0.00000     0.00000     0.00000     0.02025     0.00000
     2.41500     0.00125    -0.00043    -0.00019     0.00000     0.00000     0.00000     0.02019     0.00000
     2.42000     0.00124    -0.00043    -0.00019     0.00000     0.00000     0.00000     0.02013     0.00000
     2.42500     0.00123    -0.00043    -0.00019     0.00000     0.00000     0.00000     0.02007     0.00000
     2.43000     0.00121    -0.00042    -0.00019     0.00000     0.00000     0.00000     0.02001     0.00000
     2.43500     0.00120    -0.00042    -0.00018     0.00000     0.00000     0.00000     0.01995     0.00000
     2.44000     0.00119    -0.00041    -0.00018     0.00000     0.00000     0.00000     0.01990     0.00000
     2.44500     0.00117    -0.00041    -0.00018     0.00000     0.00000     0.00000     0.01984     0.00000
     2.45000     0.00116    -0.00040    -0.00018     0.00000     0.00000     0.00000     0.01978     0.00000
     2.45500     0.00115    -0.00040    -0.00018     0.00000     0.00000     0.00000     0.01972     0.00000
     2.46000     0.00113    -0.00039    -0.00017     0.00000     0.00000     0.00000     0.01967     0.00000
     2.46500     0.00112    -0.00039    -0.00017     0.00000     0.00000     0.00000     0.01961     0.00000
     2.47000     0.00111    -0.00039    -0.00017     0.00000     0.00000     0.00000     0.01955     0.00000
     2.47500     0.00110    -0.00038    -0.00017     0.00000     0.00000     0.00000     0.01950     0.00000
     2.48000     0.00108    -0.00038    -0.00016     0.00000     0.00000     0.00000     0.01944     0.00000
     2.48500     0.00107    -0.00037    -0.00016     0.00000     0.00000     0.00000     0.01938     0.00000
     2.49000     0.00106    -0.00037    -0.00016     0.00000     0.00000     0.00000     0.01933     0.00000
     2.49500     0.00105    -0.00036    -0.00016     0.00000     0.00000     0.00000     0.01927     0.00000
     2.50000     0.00104    -0.00036    -0.00016     0.00000     0.00000     0.00000     0.01922     0.00000
     2.50500     0.00103    -0.00036    -0.00015     0.00000     0.00000     0.00000     0.01916     0.00000
     2.51000     0.00101    -0.00035    -0.00015     0.00000     0.00000     0.00000     0.01911     0.00000
     2.51500     0.00100    -0.00035    -0.00015     0.00000     0.00000     0.00000     0.01906     0.00000
     2.52000     0.00099    -0.00035    -0.00015     0.00000     0.00000     0.00000     0.01900     0.00000
     2.52500     0.00098    -0.00034    -0.00015     0.00000     0.00000     0.00000     0.01895     0.00000
     2.53000     0.00097    -0.00034    -0.00015     0.00000     0.00000     0.00000     0.01889     0.00000
     2.53500     0.00096    -0.00033    -0.00014     0.00000     0.00000     0.00000     0.01884     0.00000
     2.54000     0.00095    -0.00033    -0.00014     0.00000     0.00000     0.00000     0.01879     0.00000
     2.54500     0.00094    -0.00033    -0.00014     0.00000     0.00000     0.00000     0.01873     0.00000
     2.55000     0.00093    -0.00032    -0.00014     0.00000     0.00000     0.00000     0.01868     0.00000
     2.55500     0.00092    -0.00032    -0.00014     0.00000     0.00000     0.00000     0.01863     0.00000
     2.56000     0.00091    -0.00032    -0.00013     0.00000     0.00000     0.00000     0.01858     0.00000
     2.56500     0.00090    -0.00031    -0.00013     0.00000     0.00000     0.00000     0.01852     0.00000
     2.57000     0.00089    -0.00031    -0.00013     0.00000     0.00000     0.00000     0.01847     0.00000
     2.57500     0.00088    -0.00031    -0.00013     0.00000     0.00000     0.00000     0.01842     0.00000
     2.58000     0.00087    -0.00030    -0.00013     0.00000     0.00000     0.00000     0.01837     0.00000
     2.58500     0.00086    -0.00030    -0.00013     0.00000     0.00000     0.00000     0.01832     0.00000
     2.59000     0.00085    -0.00030    -0.00012     0.00000     0.00000     0.00000     0.01827     0.00000
     2.59500     0.00084    -0.00029    -0.00012     0.00000     0.00000     0.00000     0.01822     0.00000
     2.60000     0.00083    -0.00029    -0.00012     0.00000     0.00000     0.00000     0.01817     0.00000
     2.60500     0.00082    -0.00029    -0.00012     0.00000     0.00000     0.00000     0.01812     0.00000
     2.61000     0.00081    -0.00028    -0.00012     0.00000     0.00000     0.00000     0.01807     0.00000
     2.61500     0.00080    -0.00028    -0.00012     0.00000     0.00000     0.00000     0.01802     0.00000
     2.62000     0.00079    -0.00028    -0.00012     0.00000     0.00000     0.00000     0.01797     0.00000
     2.62500     0.00078    -0.00027    -0.00011     0.00000     0.00000     0.00000     0.01792     0.00000
     2.63000     0.00078    -0.00027    -0.00011     0.00000     0.00000     0.00000     0.01787     0.00000
     2.63500     0.00077    -0.00027    -0.00011     0.00000     0.00000     0.00000     0.01782     0.00000
     2.64000     0.00076    -0.00027    -0.00011     0.00000     0.00000     0.00000     0.01777     0.00000
     2.64500     0.00075    -0.00026    -0.00011     0.00000     0.00000     0.00000     0.01772     0.00000
     2.65000     0.00074    -0.00026    -0.00011     0.00000     0.00000     0.00000     0.01767     0.00000
     2.65500     0.00073    -0.00026    -0.00011     0.00000     0.00000     0.00000     0.01762     0.00000
     2.66000     0.00073    -0.00025    -0.00010     0.00000     0.00000     0.00000     0.01758     0.00000
     2.66500     0.00072    -0.00025    -0.00010     0.00000     0.00000     0.00000     0.01753     0.00000
     2.67000     0.00071    -0.00025    -0.00010     0.00000     0.00000     0.00000     0.01748     0.00000
     2.67500     0.00070    -0.00025    -0.00010     0.00000     0.00000     0.00000     0.01743     0.00000
     2.68000     0.00069    -0.00024    -0.00010     0.00000     0.00000     0.00000     0.01738     0.00000
     2.68500     0.00069    -0.00024    -0.00010     0.00000     0.00000     0.00000     0.01734     0.00000
     2.69000     0.00068    -0.00024    -0.00010     0.00000     0.00000     0.00000     0.01729     0.00000
     2.69500     0.00067    -0.00024    -0.00010     0.00000     0.00000     0.00000     0.01724     0.00000
     2.70000     0.00066    -0.00023    -0.00009     0.00000     0.00000     0.00000     0.01720     0.00000
     2.70500     0.00066    -0.00023    -0.00009     0.00000     0.00000     0.00000     0.01715     0.00000
     2.71000     0.00065    -0.00023    -0.00009     0.00000     0.00000     0.00000     0.01710     0.00000
     2.71500     0.00064    -0.00023    -0.00009     0.00000     0.00000     0.00000     0.01706     0.00000
     2.72000     0.00063    -0.00022    -0.00009     0.00000     0.00000     0.00000     0.01701     0.00000
     2.72500     0.00063    -0.00022    -0.00009     0.00000     0.00000     0.00000     0.01697     0.00000
     2.73000     0.00062    -0.00022    -0.00009     0.00000     0.00000     0.00000     0.01692     0.00000
     2.73500     0.00061    -0.00022    -0.00009     0.00000     0.00000     0.00000     0.01688     0.00000
     2.74000     0.00061    -0.00021    -0.00009     0.00000     0.00000     0.00000     0.01683     0.00000
     2.74500     0.00060    -0.00021    -0.00008     0.00000     0.00000     0.00000     0.01679     0.00000
     2.75000     0.00059    -0.00021    -0.00008     0.00000     0.00000     0.00000     0.01674     0.00000
     2.75500     0.00059    -0.00021    -0.00008     0.00000     0.00000     0.00000     0.01670     0.00000
     2.76000     0.00058    -0.00020    -0.00008     0.00000     0.00000     0.00000     0.01665     0.00000
     2.76500     0.00057    -0.00020    -0.00008     0.00000     0.00000     0.00000     0.01661     0.00000
     2.77000     0.00057    -0.00020    -0.00008     0.00000     0.00000     0.00000     0.01656     0.00000
     2.77500     0.00056    -0.00020    -0.00008     0.00000     0.00000     0.00000     0.01652     0.00000
     2.78000     0.00056    -0.00020    -0.00008     0.00000     0.00000     0.00000     0.01648     0.00000
     2.78500     0.00055    -0.00019    -0.00008     0.00000     0.00000     0.00000     0.01643     0.00000
     2.79000     0.00054    -0.00019    -0.00008     0.00000     0.00000     0.00000     0.01639     0.00000
     2.79500     0.00054    -0.00019    -0.00008     0.00000     0.00000     0.00000     0.01635     0.00000
     2.80000     0.00053    -0.00019    -0.00007     0.00000     0.00000     0.00000     0.01630     0.00000
     2.80500     0.00053    -0.00019    -0.00007     0.00000     0.00000     0.00000     0.01626     0.00000
     2.81000     0.00052    -0.00018    -0.00007     0.00000     0.00000     0.00000     0.01622     0.00000
     2.81500     0.00051    -0.00018    -0.00007     0.00000     0.00000     0.00000     0.01618     0.00000
     2.82000     0.00051    -0.00018    -0.00007     0.00000     0.00000     0.00000     0.01613     0.00000
     2.82500     0.00050    -0.00018    -0.00007     0.00000     0.00000     0.00000     0.01609     0.00000
     2.83000     0.00050    -0.00018    -0.00007     0.00000     0.00000     0.00000     0.01605     0.00000
     2.83500     0.00049    -0.00017    -0.00007     0.00000     0.00000     0.00000     0.01601     0.00000
     2.84000     0.00049    -0.00017    -0.00007     0.00000     0.00000     0.00000     0.01597     0.00000
     2.84500     0.00048    -0.00017    -0.00007     0.00000     0.00000     0.00000     0.01592     0.00000
     2.85000     0.00048    -0.00017    -0.00007     0.00000     0.00000     0.00000     0.01588     0.00000
     2.85500     0.00047    -0.00017    -0.00006     0.00000     0.00000     0.00000     0.01584     0.00000
     2.86000     0.00047    -0.00016    -0.00006     0.00000     0.00000     0.00000     0.01580     0.00000
     2.86500     0.00046    -0.00016    -0.00006     0.00000     0.00000     0.00000     0.01576     0.00000
     2.87000     0.00046    -0.00016    -0.00006     0.00000     0.00000     0.00000     0.01572     0.00000
     2.87500     0.00045    -0.00016    -0.00006     0.00000     0.00000     0.00000     0.01568     0.00000
     2.88000     0.00045    -0.00016    -0.00006     0.00000     0.00000     0.00000     0.01564     0.00000
     2.88500     0.00044    -0.00016    -0.00006     0.00000     0.00000     0.00000     0.01560     0.00000
     2.89000     0.00044    -0.00015    -0.00006     0.00000     0.00000     0.00000     0.01556     0.00000
     2.89500     0.00043    -0.00015    -0.00006     0.00000     0.00000     0.00000     0.01552     0.00000
     2.90000     0.00043    -0.00015    -0.00006     0.00000     0.00000     0.00000     0.01548     0.00000
     2.90500     0.00042    -0.00015    -0.00006     0.00000     0.00000     0.00000     0.01544     0.00000
     2.91000     0.00042    -0.00015    -0.00006     0.00000     0.00000     0.00000     0.01540     0.00000
     2.91500     0.00041    -0.00015    -0.00006     0.00000     0.00000     0.00000     0.01536     0.00000
     2.92000     0.00041    -0.00014    -0.00006     0.00000     0.00000     0.00000     0.01532     0.00000
     2.92500     0.00040    -0.00014    -0.00005     0.00000     0.00000     0.00000     0.01528     0.00000
     2.93000     0.00040    -0.00014    -0.00005     0.00000     0.00000     0.00000     0.01524     0.00000
     2.93500     0.00039    -0.00014    -0.00005     0.00000     0.00000     0.00000     0.01520     0.00000
     2.94000     0.00039    -0.00014    -0.00005     0.00000     0.00000     0.00000     0.01517     0.00000
     2.94500     0.00039    -0.00014    -0.00005     0.00000     0.00000     0.00000     0.01513     0.00000
     2.95000     0.00038    -0.00014    -0.00005     0.00000     0.00000     0.00000     0.01509     0.00000
     2.95500     0.00038    -0.00013    -0.00005     0.00000     0.00000     0.00000     0.01505     0.00000
     2.96000     0.00037    -0.00013    -0.00005     0.00000     0.00000     0.00000     0.01501     0.00000
     2.96500     0.00037    -0.00013    -0.00005     0.00000     0.00000     0.00000     0.01498     0.00000
     2.97000     0.00036    -0.00013    -0.00005     0.00000     0.00000     0.00000     0.01494     0.00000
     2.97500     0.00036    -0.00013    -0.00005     0.00000     0.00000     0.00000     0.01490     0.00000
     2.98000     0.00036    -0.00013    -0.00005     0.00000     0.00000     0.00000     0.01486     0.00000
     2.98500     0.00035    -0.00013    -0.00005     0.00000     0.00000     0.00000     0.01483     0.00000
     2.99000     0.00035    -0.00012    -0.00005     0.00000     0.00000     0.00000     0.01479     0.00000
     2.99500     0.00034    -0.00012    -0.00005     0.00000     0.00000     0.00000     0.01475     0.00000
     3.00000     0.00034    -0.00012    -0.00005     0.00000     0.00000     0.00000     0.01471     0.00000
     3.00500     0.00034    -0.00012    -0.00004     0.00000     0.00000     0.00000     0.01468     0.00000
     3.01000     0.00033    -0.00012    -0.00004     0.00000     0.00000     0.00000     0.01464     0.00000
     3.01500     0.00033    -0.00012    -0.00004     0.00000     0.00000     0.00000     0.01460     0.00000
     3.02000     0.00033    -0.00012    -0.00004     0.00000     0.00000     0.00000     0.01457     0.00000
     3.02500     0.00032    -0.00012    -0.00004     0.00000     0.00000     0.00000     0.01453     0.00000
     3.03000     0.00032    -0.00011    -0.00004     0.00000     0.00000     0.00000     0.01450     0.00000
     3.03500     0.00032    -0.00011    -0.00004     0.00000     0.00000     0.00000     0.01446     0.00000
     3.04000     0.00031    -0.00011    -0.00004     0.00000     0.00000     0.00000     0.01442     0.00000
     3.04500     0.00031    -0.00011    -0.00004     0.00000     0.00000     0.00000     0.01439     0.00000
     3.05000     0.00031    -0.00011    -0.00004     0.00000     0.00000     0.00000     0.01435     0.00000
     3.05500     0.00030    -0.00011    -0.00004     0.00000     0.00000     0.00000     0.01432     0.00000
     3.06000     0.00030    -0.00011    -0.00004     0.00000     0.00000     0.00000     0.01428     0.00000
     3.06500     0.00030    -0.00011    -0.00004     0.00000     0.00000     0.00000     0.01425     0.00000
     3.07000     0.00029    -0.00010    -0.00004     0.00000     0.00000     0.00000     0.01421     0.00000
     3.07500     0.00029    -0.00010    -0.00004     0.00000     0.00000     0.00000     0.01418     0.00000
     3.08000     0.00029    -0.00010    -0.00004     0.00000     0.00000     0.00000     0.01414     0.00000
     3.08500     0.00028    -0.00010    -0.00004     0.00000     0.00000     0.00000     0.01411     0.00000
     3.09000     0.00028    -0.00010    -0.00004     0.00000     0.00000     0.00000     0.01407     0.00000
     3.09500     0.00028    -0.00010    -0.00004     0.00000     0.00000     0.00000     0.01404     0.00000
     3.10000     0.00027    -0.00010    -0.00004     0.00000     0.00000     0.00000     0.01401     0.00000
     3.10500     0.00027    -0.00010    -0.00004     0.00000     0.00000     0.00000     0.01397     0.00000
     3.11000     0.00027    -0.00010    -0.00003     0.00000     0.00000     0.00000     0.01394     0.00000
     3.11500     0.00026    -0.00009    -0.00003     0.00000     0.00000     0.00000     0.01390     0.00000
     3.12000     0.00026    -0.00009    -0.00003     0.00000     0.00000     0.00000     0.01387     0.00000
     3.12500     0.00026    -0.00009    -0.00003     0.00000     0.00000     0.00000     0.01384     0.00000
     3.13000     0.00026    -0.00009    -0.00003     0.00000     0.00000     0.00000     0.01380     0.00000
     3.13500     0.00025    -0.00009    -0.00003     0.00000     0.00000     0.00000     0.01377     0.00000
     3.14000     0.00025    -0.00009    -0.00003     0.00000     0.00000     0.00000     0.01374     0.00000
     3.14500     0.00025    -0.00009    -0.00003     0.00000     0.00000     0.00000     0.01370     0.00000
     3.15000     0.00024    -0.00009    -0.00003     0.00000     0.00000     0.00000     0.01367     0.00000
     3.15500     0.00024    -0.00009    -0.00003     0.00000     0.00000     0.00000     0.01364     0.00000
     3.16000     0.00024    -0.00009    -0.00003     0.00000     0.00000     0.00000     0.01360     0.00000
     3.16500     0.00024    -0.00008    -0.00003     0.00000     0.00000     0.00000     0.01357     0.00000
     3.17000     0.00023    -0.00008    -0.00003     0.00000     0.00000     0.00000     0.01354     0.00000
     3.17500     0.00023    -0.00008    -0.00003     0.00000     0.00000     0.00000     0.01351     0.00000
     3.18000     0.00023    -0.00008    -0.00003     0.00000     0.00000     0.00000     0.01347     0.00000
     3.18500     0.00023    -0.00008    -0.00003     0.00000     0.00000     0.00000     0.01344     0.00000
     3.19000     0.00022    -0.00008    -0.00003     0.00000     0.00000     0.00000     0.01341     0.00000
     3.19500     0.00022    -0.00008    -0.00003     0.00000     0.00000     0.00000     0.01338     0.00000
     3.20000     0.00022    -0.00008    -0.00003     0.00000     0.00000     0.00000     0.01335     0.00000
     3.20500     0.00022    -0.00008    -0.00003     0.00000     0.00000     0.00000     0.01331     0.00000
     3.21000     0.00021    -0.00008    -0.00003     0.00000     0.00000     0.00000     0.01328     0.00000
     3.21500     0.00021    -0.00008    -0.00003     0.00000     0.00000     0.00000     0.01325     0.00000
     3.22000     0.00021    -0.00008    -0.00003     0.00000     0.00000     0.00000     0.01322     0.00000
     3.22500     0.00021    -0.00007    -0.00003     0.00000     0.00000     0.00000     0.01319     0.00000
     3.23000     0.00021    -0.00007    -0.00003     0.00000     0.00000     0.00000     0.01316     0.00000
     3.23500     0.00020    -0.00007    -0.00003     0.00000     0.00000     0.00000     0.01313     0.00000
     3.24000     0.00020    -0.00007    -0.00003     0.00000     0.00000     0.00000     0.01310     0.00000
     3.24500     0.00020    -0.00007    -0.00002     0.00000     0.00000     0.00000     0.01307     0.00000
     3.25000     0.00020    -0.00007    -0.00002     0.00000     0.00000     0.00000     0.01303     0.00000
     3.25500     0.00019    -0.00007    -0.00002     0.00000     0.00000     0.00000     0.01300     0.00000
     3.26000     0.00019    -0.00007    -0.00002     0.00000     0.00000     0.00000     0.01297     0.00000
     3.26500     0.00019    -0.00007    -0.00002     0.00000     0.00000     0.00000     0.01294     0.00000
     3.27000     0.00019    -0.00007    -0.00002     0.00000     0.00000     0.00000     0.01291     0.00000
     3.27500     0.00019    -0.00007    -0.00002     0.00000     0.00000     0.00000     0.01288     0.00000
     3.28000     0.00018    -0.00007    -0.00002     0.00000     0.00000     0.00000     0.01285     0.00000
     3.28500     0.00018    -0.00007    -0.00002     0.00000     0.00000     0.00000     0.01282     0.00000
     3.29000     0.00018    -0.00006    -0.00002     0.00000     0.00000     0.00000     0.01279     0.00000
     3.29500     0.00018    -0.00006    -0.00002     0.00000     0.00000     0.00000     0.01276     0.00000
     3.30000     0.00018    -0.00006    -0.00002     0.00000     0.00000     0.00000     0.01273     0.00000
     3.30500     0.00017    -0.00006    -0.00002     0.00000     0.00000     0.00000     0.01270     0.00000
     3.31000     0.00017    -0.00006    -0.00002     0.00000     0.00000     0.00000     0.01267     0.00000
     3.31500     0.00017    -0.00006    -0.00002     0.00000     0.00000     0.00000     0.01264     0.00000
     3.32000     0.00017    -0.00006    -0.00002     0.00000     0.00000     0.00000     0.01262     0.00000
     3.32500     0.00017    -0.00006    -0.00002     0.00000     0.00000     0.00000     0.01259     0.00000
     3.33000     0.00016    -0.00006    -0.00002     0.00000     0.00000     0.00000     0.01256     0.00000
     3.33500     0.00016    -0.00006    -0.00002     0.00000     0.00000     0.00000     0.01253     0.00000
     3.34000     0.00016    -0.00006    -0.00002     0.00000     0.00000     0.00000     0.01250     0.00000
     3.34500     0.00016    -0.00006    -0.00002     0.00000     0.00000     0.00000     0.01247     0.00000
     3.35000     0.00016    -0.00006    -0.00002     0.00000     0.00000     0.00000     0.01244     0.00000
     3.35500     0.00016    -0.00006    -0.00002     0.00000     0.00000     0.00000     0.01241     0.00000
     3.36000     0.00015    -0.00006    -0.00002     0.00000     0.00000     0.00000     0.01238     0.00000
     3.36500     0.00015    -0.00005    -0.00002     0.00000     0.00000     0.00000     0.01236     0.00000
     3.37000     0.00015    -0.00005    -0.00002     0.00000     0.00000     0.00000     0.01233     0.00000
     3.37500     0.00015    -0.00005    -0.00002     0.00000     0.00000     0.00000     0.01230     0.00000
     3.38000     0.00015    -0.00005    -0.00002     0.00000     0.00000     0.00000     0.01227     0.00000
     3.38500     0.00015    -0.00005    -0.00002     0.00000     0.00000     0.00000     0.01224     0.00000
     3.39000     0.00014    -0.00005    -0.00002     0.00000     0.00000     0.00000     0.01222     0.00000
     3.39500     0.00014    -0.00005    -0.00002     0.00000     0.00000     0.00000     0.01219     0.00000
     3.40000     0.00014    -0.00005    -0.00002     0.00000     0.00000     0.00000     0.01216     0.00000
     3.40500     0.00014    -0.00005    -0.00002     0.00000     0.00000     0.00000     0.01213     0.00000
     3.41000     0.00014    -0.00005    -0.00002     0.00000     0.00000     0.00000     0.01211     0.00000
     3.41500     0.00014    -0.00005    -0.00002     0.00000     0.00000     0.00000     0.01208     0.00000
     3.42000     0.00014    -0.00005    -0.00002     0.00000     0.00000     0.00000     0.01205     0.00000
     3.42500     0.00013    -0.00005    -0.00002     0.00000     0.00000     0.00000     0.01202     0.00000
     3.43000     0.00013    -0.00005    -0.00002     0.00000     0.00000     0.00000     0.01200     0.00000
     3.43500     0.00013    -0.00005    -0.00002     0.00000     0.00000     0.00000     0.01197     0.00000
     3.44000     0.00013    -0.00005    -0.00002     0.00000     0.00000     0.00000     0.01194     0.00000
     3.44500     0.00013    -0.00005    -0.00002     0.00000     0.00000     0.00000     0.01192     0.00000
     3.45000     0.00013    -0.00005    -0.00002     0.00000     0.00000     0.00000     0.01189     0.00000
     3.45500     0.00013    -0.00005    -0.00001     0.00000     0.00000     0.00000     0.01186     0.00000
     3.46000     0.00012    -0.00004    -0.00001     0.00000     0.00000     0.00000     0.01184     0.00000
     3.46500     0.00012    -0.00004    -0.00001     0.00000     0.00000     0.00000     0.01181     0.00000
     3.47000     0.00012    -0.00004    -0.00001     0.00000     0.00000     0.00000     0.01178     0.00000
     3.47500     0.00012    -0.00004    -0.00001     0.00000     0.00000     0.00000     0.01176     0.00000
     3.48000     0.00012    -0.00004    -0.00001     0.00000     0.00000     0.00000     0.01173     0.00000
     3.48500     0.00012    -0.00004    -0.00001     0.00000     0.00000     0.00000     0.01170     0.00000
     3.49000     0.00012    -0.00004    -0.00001     0.00000     0.00000     0.00000     0.01168     0.00000
     3.49500     0.00011    -0.00004    -0.00001     0.00000     0.00000     0.00000     0.01165     0.00000
     3.50000     0.00011    -0.00004    -0.00001     0.00000     0.00000     0.00000     0.01163     0.00000
     3.50500     0.00011    -0.00004    -0.00001     0.00000     0.00000     0.00000     0.01160     0.00000
     3.51000     0.00011    -0.00004    -0.00001     0.00000     0.00000     0.00000     0.01157     0.00000
     3.51500     0.00011    -0.00004    -0.00001     0.00000     0.00000     0.00000     0.01155     0.00000
     3.52000     0.00011    -0.00004    -0.00001     0.00000     0.00000     0.00000     0.01152     0.00000
     3.52500     0.00011    -0.00004    -0.00001     0.00000     0.00000     0.00000     0.01150     0.00000
     3.53000     0.00011    -0.00004    -0.00001     0.00000     0.00000     0.00000     0.01147     0.00000
     3.53500     0.00010    -0.00004    -0.00001     0.00000     0.00000     0.00000     0.01145     0.00000
     3.54000     0.00010    -0.00004    -0.00001     0.00000     0.00000     0.00000     0.01142     0.00000
     3.54500     0.00010    -0.00004    -0.00001     0.00000     0.00000     0.00000     0.01140     0.00000
     3.55000     0.00010    -0.00004    -0.00001     0.00000     0.00000     0.00000     0.01137     0.00000
     3.55500     0.00010    -0.00004    -0.00001     0.00000     0.00000     0.00000     0.01135     0.00000
     3.56000     0.00010    -0.00004    -0.00001     0.00000     0.00000     0.00000     0.01132     0.00000
     3.56500     0.00010    -0.00004    -0.00001     0.00000     0.00000     0.00000     0.01130     0.00000
     3.57000     0.00010    -0.00004    -0.00001     0.00000     0.00000     0.00000     0.01127     0.00000
     3.57500     0.00010    -0.00003    -0.00001     0.00000     0.00000     0.00000     0.01125     0.00000
     3.58000     0.00010    -0.00003    -0.00001     0.00000     0.00000     0.00000     0.01122     0.00000
     3.58500     0.00009    -0.00003    -0.00001     0.00000     0.00000     0.00000     0.01120     0.00000
     3.59000     0.00009    -0.00003    -0.00001     0.00000     0.00000     0.00000     0.01117     0.00000
     3.59500     0.00009    -0.00003    -0.00001     0.00000     0.00000     0.00000     0.01115     0.00000
     3.60000     0.00009    -0.00003    -0.00001     0.00000     0.00000     0.00000     0.01113     0.00000
     3.60500     0.00009    -0.00003    -0.00001     0.00000     0.00000     0.00000     0.01110     0.00000
     3.61000     0.00009    -0.00003    -0.00001     0.00000     0.00000     0.00000     0.01108     0.00000
     3.61500     0.00009    -0.00003    -0.00001     0.00000     0.00000     0.00000     0.01105     0.00000
     3.62000     0.00009    -0.00003    -0.00001     0.00000     0.00000     0.00000     0.01103     0.00000
     3.62500     0.00009    -0.00003    -0.00001     0.00000     0.00000     0.00000     0.01101     0.00000
     3.63000     0.00009    -0.00003    -0.00001     0.00000     0.00000     0.00000     0.01098     0.00000
     3.63500     0.00008    -0.00003    -0.00001     0.00000     0.00000     0.00000     0.01096     0.00000
     3.64000     0.00008    -0.00003    -0.00001     0.00000     0.00000     0.00000     0.01094     0.00000
     3.64500     0.00008    -0.00003    -0.00001     0.00000     0.00000     0.00000     0.01091     0.00000
     3.65000     0.00008    -0.00003    -0.00001     0.00000     0.00000     0.00000     0.01089     0.00000
     3.65500     0.00008    -0.00003    -0.00001     0.00000     0.00000     0.00000     0.01086     0.00000
     3.66000     0.00008    -0.00003    -0.00001     0.00000     0.00000     0.00000     0.01084     0.00000
     3.66500     0.00008    -0.00003    -0.00001     0.00000     0.00000     0.00000     0.01082     0.00000
     3.67000     0.00008    -0.00003    -0.00001     0.00000     0.00000     0.00000     0.01080     0.00000
     3.67500     0.00008    -0.00003    -0.00001     0.00000     0.00000     0.00000     0.01077     0.00000
     3.68000     0.00008    -0.00003    -0.00001     0.00000     0.00000     0.00000     0.01075     0.00000
     3.68500     0.00008    -0.00003    -0.00001     0.00000     0.00000     0.00000     0.01073     0.00000
     3.69000     0.00007    -0.00003    -0.00001     0.00000     0.00000     0.00000     0.01070     0.00000
     3.69500     0.00007    -0.00003    -0.00001     0.00000     0.00000     0.00000     0.01068     0.00000
     3.70000     0.00007    -0.00003    -0.00001     0.00000     0.00000     0.00000     0.01066     0.00000
     3.70500     0.00007    -0.00003    -0.00001     0.00000     0.00000     0.00000     0.01064     0.00000
     3.71000     0.00007    -0.00003    -0.00001     0.00000     0.00000     0.00000     0.01061     0.00000
     3.71500     0.00007    -0.00003    -0.00001     0.00000     0.00000     0.00000     0.01059     0.00000
     3.72000     0.00007    -0.00003    -0.00001     0.00000     0.00000     0.00000     0.01057     0.00000
     3.72500     0.00007    -0.00003    -0.00001     0.00000     0.00000     0.00000     0.01055     0.00000
     3.73000     0.00007    -0.00002    -0.00001     0.00000     0.00000     0.00000     0.01052     0.00000
     3.73500     0.00007    -0.00002    -0.00001     0.00000     0.00000     0.00000     0.01050     0.00000
     3.74000     0.00007    -0.00002    -0.00001     0.00000     0.00000     0.00000     0.01048     0.00000
     3.74500     0.00007    -0.00002    -0.00001     0.00000     0.00000     0.00000     0.01046     0.00000
     3.75000     0.00007    -0.00002    -0.00001     0.00000     0.00000     0.00000     0.01043     0.00000
     3.75500     0.00006    -0.00002    -0.00001     0.00000     0.00000     0.00000     0.01041     0.00000
     3.76000     0.00006    -0.00002    -0.00001     0.00000     0.00000     0.00000     0.01039     0.00000
     3.76500     0.00006    -0.00002    -0.00001     0.00000     0.00000     0.00000     0.01037     0.00000
     3.77000     0.00006    -0.00002    -0.00001     0.00000     0.00000     0.00000     0.01035     0.00000
     3.77500     0.00006    -0.00002    -0.00001     0.00000     0.00000     0.00000     0.01033     0.00000
     3.78000     0.00006    -0.00002    -0.00001     0.00000     0.00000     0.00000     0.01030     0.00000
     3.78500     0.00006    -0.00002    -0.00001     0.00000     0.00000     0.00000     0.01028     0.00000
     3.79000     0.00006    -0.00002    -0.00001     0.00000     0.00000     0.00000     0.01026     0.00000
     3.79500     0.00006    -0.00002    -0.00001     0.00000     0.00000     0.00000     0.01024     0.00000
     3.80000     0.00006    -0.00002    -0.00001     0.00000     0.00000     0.00000     0.01022     0.00000
     3.80500     0.00006    -0.00002    -0.00001     0.00000     0.00000     0.00000     0.01020     0.00000
     3.81000     0.00006    -0.00002    -0.00001     0.00000     0.00000     0.00000     0.01018     0.00000
     3.81500     0.00006    -0.00002    -0.00001     0.00000     0.00000     0.00000     0.01015     0.00000
     3.82000     0.00006    -0.00002    -0.00001     0.00000     0.00000     0.00000     0.01013     0.00000
     3.82500     0.00006    -0.00002    -0.00001     0.00000     0.00000     0.00000     0.01011     0.00000
     3.83000     0.00006    -0.00002    -0.00001     0.00000     0.00000     0.00000     0.01009     0.00000
     3.83500     0.00005    -0.00002    -0.00001     0.00000     0.00000     0.00000     0.01007     0.00000
     3.84000     0.00005    -0.00002    -0.00001     0.00000     0.00000     0.00000     0.01005     0.00000
     3.84500     0.00005    -0.00002    -0.00001     0.00000     0.00000     0.00000     0.01003     0.00000
     3.85000     0.00005    -0.00002    -0.00001     0.00000     0.00000     0.00000     0.01001     0.00000
     3.85500     0.00005    -0.00002    -0.00001     0.00000     0.00000     0.00000     0.00999     0.00000
     3.86000     0.00005    -0.00002    -0.00001     0.00000     0.00000     0.00000     0.00997     0.00000
     3.86500     0.00005    -0.00002    -0.00001     0.00000     0.00000     0.00000     0.00995     0.00000
     3.87000     0.00005    -0.00002    -0.00001     0.00000     0.00000     0.00000     0.00993     0.00000
     3.87500     0.00005    -0.00002    -0.00001     0.00000     0.00000     0.00000     0.00991     0.00000
     3.88000     0.00005    -0.00002    -0.00001     0.00000     0.00000     0.00000     0.00989     0.00000
     3.88500     0.00005    -0.00002    -0.00001     0.00000     0.00000     0.00000     0.00987     0.00000
     3.89000     0.00005    -0.00002    -0.00001     0.00000     0.00000     0.00000     0.00985     0.00000
     3.89500     0.00005    -0.00002    -0.00001     0.00000     0.00000     0.00000     0.00983     0.00000
     3.90000     0.00005    -0.00002    -0.00001     0.00000     0.00000     0.00000     0.00981     0.00000
     3.90500     0.00005    -0.00002    -0.00001     0.00000     0.00000     0.00000     0.00979     0.00000
     3.91000     0.00005    -0.00002    -0.00001     0.00000     0.00000     0.00000     0.00977     0.00000
     3.91500     0.00005    -0.00002     0.00000     0.00000     0.00000     0.00000     0.00975     0.00000
     3.92000     0.00005    -0.00002     0.00000     0.00000     0.00000     0.00000     0.00973     0.00000
     3.92500     0.00004    -0.00002     0.00000     0.00000     0.00000     0.00000     0.00971     0.00000
     3.93000     0.00004    -0.00002     0.00000     0.00000     0.00000     0.00000     0.00969     0.00000
     3.93500     0.00004    -0.00002     0.00000     0.00000     0.00000     0.00000     0.00967     0.00000
     3.94000     0.00004    -0.00002     0.00000     0.00000     0.00000     0.00000     0.00965     0.00000
     3.94500     0.00004    -0.00002     0.00000     0.00000     0.00000     0.00000     0.00963     0.00000
     3.95000     0.00004    -0.00002     0.00000     0.00000     0.00000     0.00000     0.00961     0.00000
     3.95500     0.00004    -0.00002     0.00000     0.00000     0.00000     0.00000     0.00959     0.00000
     3.96000     0.00004    -0.00002     0.00000     0.00000     0.00000     0.00000     0.00957     0.00000
     3.96500     0.00004    -0.00002     0.00000     0.00000     0.00000     0.00000     0.00955     0.00000
     3.97000     0.00004    -0.00001     0.00000     0.00000     0.00000     0.00000     0.00953     0.00000
     3.97500     0.00004    -0.00001     0.00000     0.00000     0.00000     0.00000     0.00951     0.00000
     3.98000     0.00004    -0.00001     0.00000     0.00000     0.00000     0.00000     0.00949     0.00000
     3.98500     0.00004    -0.00001     0.00000     0.00000     0.00000     0.00000     0.00947     0.00000
     3.99000     0.00004    -0.00001     0.00000     0.00000     0.00000     0.00000     0.00946     0.00000
     3.99500     0.00004    -0.00001     0.00000     0.00000     0.00000     0.00000     0.00944     0.00000
     4.00000     0.00004    -0.00001     0.00000     0.00000     0.00000     0.00000     0.00942     0.00000
