 # P11_1440 FF
     0.00000    -1.96093    -0.46429     0.00000     0.00000     0.00000     0.00000     0.00000     0.00000
     0.00500    -1.96026    -0.45231     0.00000     0.00000     0.00000     0.00000     0.00000     0.00000
     0.01000    -1.95852    -0.44060     0.00000     0.00000     0.00000     0.00000     0.00000     0.00000
     0.01500    -1.95579    -0.42916     0.00000     0.00000     0.00000     0.00000     0.00000     0.00000
     0.02000    -1.95213    -0.41798     0.00000     0.00000     0.00000     0.00000     0.00000     0.00000
     0.02500    -1.94762    -0.40704     0.00000     0.00000     0.00000     0.00000     0.00000     0.00000
     0.03000    -1.94232    -0.39635     0.00000     0.00000     0.00000     0.00000     0.00000     0.00000
     0.03500    -1.93628    -0.38590     0.00000     0.00000     0.00000     0.00000     0.00000     0.00000
     0.04000    -1.92955    -0.37568     0.00000     0.00000     0.00000     0.00000     0.00000     0.00000
     0.04500    -1.92220    -0.36568     0.00000     0.00000     0.00000     0.00000     0.00000     0.00000
     0.05000    -1.91425    -0.35591     0.00000     0.00000     0.00000     0.00000     0.00000     0.00000
     0.05500    -1.90577    -0.34634     0.00000     0.00000     0.00000     0.00000     0.00000     0.00000
     0.06000    -1.89677    -0.33699     0.00000     0.00000     0.00000     0.00000     0.00000     0.00000
     0.06500    -1.88732    -0.32784     0.00000     0.00000     0.00000     0.00000     0.00000     0.00000
     0.07000    -1.87743    -0.31889     0.00000     0.00000     0.00000     0.00000     0.00000     0.00000
     0.07500    -1.86714    -0.31013     0.00000     0.00000     0.00000     0.00000     0.00000     0.00000
     0.08000    -1.85649    -0.30156     0.00000     0.00000     0.00000     0.00000     0.00000     0.00000
     0.08500    -1.84550    -0.29317     0.00000     0.00000     0.00000     0.00000     0.00000     0.00000
     0.09000    -1.83420    -0.28496     0.00000     0.00000     0.00000     0.00000     0.00000     0.00000
     0.09500    -1.82261    -0.27693     0.00000     0.00000     0.00000     0.00000     0.00000     0.00000
     0.10000    -1.81076    -0.26907     0.00000     0.00000     0.00000     0.00000     0.00000     0.00000
     0.10500    -1.79867    -0.26138     0.00000     0.00000     0.00000     0.00000     0.00000     0.00000
     0.11000    -1.78635    -0.25385     0.00000     0.00000     0.00000     0.00000     0.00000     0.00000
     0.11500    -1.77384    -0.24649     0.00000     0.00000     0.00000     0.00000     0.00000     0.00000
     0.12000    -1.76115    -0.23927     0.00000     0.00000     0.00000     0.00000     0.00000     0.00000
     0.12500    -1.74829    -0.23221     0.00000     0.00000     0.00000     0.00000     0.00000     0.00000
     0.13000    -1.73529    -0.22530     0.00000     0.00000     0.00000     0.00000     0.00000     0.00000
     0.13500    -1.72215    -0.21854     0.00000     0.00000     0.00000     0.00000     0.00000     0.00000
     0.14000    -1.70890    -0.21191     0.00000     0.00000     0.00000     0.00000     0.00000     0.00000
     0.14500    -1.69553    -0.20543     0.00000     0.00000     0.00000     0.00000     0.00000     0.00000
     0.15000    -1.68208    -0.19908     0.00000     0.00000     0.00000     0.00000     0.00000     0.00000
     0.15500    -1.66855    -0.19287     0.00000     0.00000     0.00000     0.00000     0.00000     0.00000
     0.16000    -1.65494    -0.18678     0.00000     0.00000     0.00000     0.00000     0.00000     0.00000
     0.16500    -1.64128    -0.18082     0.00000     0.00000     0.00000     0.00000     0.00000     0.00000
     0.17000    -1.62757    -0.17499     0.00000     0.00000     0.00000     0.00000     0.00000     0.00000
     0.17500    -1.61382    -0.16928     0.00000     0.00000     0.00000     0.00000     0.00000     0.00000
     0.18000    -1.60003    -0.16369     0.00000     0.00000     0.00000     0.00000     0.00000     0.00000
     0.18500    -1.58623    -0.15821     0.00000     0.00000     0.00000     0.00000     0.00000     0.00000
     0.19000    -1.57241    -0.15285     0.00000     0.00000     0.00000     0.00000     0.00000     0.00000
     0.19500    -1.55858    -0.14759     0.00000     0.00000     0.00000     0.00000     0.00000     0.00000
     0.20000    -1.54475    -0.14245     0.00000     0.00000     0.00000     0.00000     0.00000     0.00000
     0.20500    -1.53093    -0.13742     0.00000     0.00000     0.00000     0.00000     0.00000     0.00000
     0.21000    -1.51712    -0.13248     0.00000     0.00000     0.00000     0.00000     0.00000     0.00000
     0.21500    -1.50332    -0.12765     0.00000     0.00000     0.00000     0.00000     0.00000     0.00000
     0.22000    -1.48955    -0.12292     0.00000     0.00000     0.00000     0.00000     0.00000     0.00000
     0.22500    -1.47581    -0.11829     0.00000     0.00000     0.00000     0.00000     0.00000     0.00000
     0.23000    -1.46210    -0.11375     0.00000     0.00000     0.00000     0.00000     0.00000     0.00000
     0.23500    -1.44842    -0.10931     0.00000     0.00000     0.00000     0.00000     0.00000     0.00000
     0.24000    -1.43479    -0.10496     0.00000     0.00000     0.00000     0.00000     0.00000     0.00000
     0.24500    -1.42121    -0.10070     0.00000     0.00000     0.00000     0.00000     0.00000     0.00000
     0.25000    -1.40767    -0.09652     0.00000     0.00000     0.00000     0.00000     0.00000     0.00000
     0.25500    -1.39418    -0.09244     0.00000     0.00000     0.00000     0.00000     0.00000     0.00000
     0.26000    -1.38075    -0.08843     0.00000     0.00000     0.00000     0.00000     0.00000     0.00000
     0.26500    -1.36738    -0.08451     0.00000     0.00000     0.00000     0.00000     0.00000     0.00000
     0.27000    -1.35407    -0.08067     0.00000     0.00000     0.00000     0.00000     0.00000     0.00000
     0.27500    -1.34082    -0.07691     0.00000     0.00000     0.00000     0.00000     0.00000     0.00000
     0.28000    -1.32764    -0.07322     0.00000     0.00000     0.00000     0.00000     0.00000     0.00000
     0.28500    -1.31453    -0.06961     0.00000     0.00000     0.00000     0.00000     0.00000     0.00000
     0.29000    -1.30148    -0.06608     0.00000     0.00000     0.00000     0.00000     0.00000     0.00000
     0.29500    -1.28852    -0.06262     0.00000     0.00000     0.00000     0.00000     0.00000     0.00000
     0.30000    -1.27562    -0.05923     0.00000     0.00000     0.00000     0.00000     0.00000     0.00000
     0.30500    -1.26280    -0.05590     0.00000     0.00000     0.00000     0.00000     0.00000     0.00000
     0.31000    -1.25006    -0.05265     0.00000     0.00000     0.00000     0.00000     0.00000     0.00000
     0.31500    -1.23740    -0.04946     0.00000     0.00000     0.00000     0.00000     0.00000     0.00000
     0.32000    -1.22482    -0.04634     0.00000     0.00000     0.00000     0.00000     0.00000     0.00000
     0.32500    -1.21233    -0.04328     0.00000     0.00000     0.00000     0.00000     0.00000     0.00000
     0.33000    -1.19991    -0.04029     0.00000     0.00000     0.00000     0.00000     0.00000     0.00000
     0.33500    -1.18758    -0.03735     0.00000     0.00000     0.00000     0.00000     0.00000     0.00000
     0.34000    -1.17533    -0.03448     0.00000     0.00000     0.00000     0.00000     0.00000     0.00000
     0.34500    -1.16317    -0.03166     0.00000     0.00000     0.00000     0.00000     0.00000     0.00000
     0.35000    -1.15110    -0.02891     0.00000     0.00000     0.00000     0.00000     0.00000     0.00000
     0.35500    -1.13911    -0.02620     0.00000     0.00000     0.00000     0.00000     0.00000     0.00000
     0.36000    -1.12722    -0.02356     0.00000     0.00000     0.00000     0.00000     0.00000     0.00000
     0.36500    -1.11541    -0.02096     0.00000     0.00000     0.00000     0.00000     0.00000     0.00000
     0.37000    -1.10369    -0.01843     0.00000     0.00000     0.00000     0.00000     0.00000     0.00000
     0.37500    -1.09206    -0.01594     0.00000     0.00000     0.00000     0.00000     0.00000     0.00000
     0.38000    -1.08051    -0.01350     0.00000     0.00000     0.00000     0.00000     0.00000     0.00000
     0.38500    -1.06906    -0.01111     0.00000     0.00000     0.00000     0.00000     0.00000     0.00000
     0.39000    -1.05770    -0.00878     0.00000     0.00000     0.00000     0.00000     0.00000     0.00000
     0.39500    -1.04643    -0.00648     0.00000     0.00000     0.00000     0.00000     0.00000     0.00000
     0.40000    -1.03525    -0.00424     0.00000     0.00000     0.00000     0.00000     0.00000     0.00000
     0.40500    -1.02416    -0.00204     0.00000     0.00000     0.00000     0.00000     0.00000     0.00000
     0.41000    -1.01317     0.00011     0.00000     0.00000     0.00000     0.00000     0.00000     0.00000
     0.41500    -1.00226     0.00222     0.00000     0.00000     0.00000     0.00000     0.00000     0.00000
     0.42000    -0.99144     0.00429     0.00000     0.00000     0.00000     0.00000     0.00000     0.00000
     0.42500    -0.98072     0.00631     0.00000     0.00000     0.00000     0.00000     0.00000     0.00000
     0.43000    -0.97008     0.00830     0.00000     0.00000     0.00000     0.00000     0.00000     0.00000
     0.43500    -0.95954     0.01024     0.00000     0.00000     0.00000     0.00000     0.00000     0.00000
     0.44000    -0.94908     0.01215     0.00000     0.00000     0.00000     0.00000     0.00000     0.00000
     0.44500    -0.93872     0.01401     0.00000     0.00000     0.00000     0.00000     0.00000     0.00000
     0.45000    -0.92845     0.01584     0.00000     0.00000     0.00000     0.00000     0.00000     0.00000
     0.45500    -0.91826     0.01763     0.00000     0.00000     0.00000     0.00000     0.00000     0.00000
     0.46000    -0.90817     0.01939     0.00000     0.00000     0.00000     0.00000     0.00000     0.00000
     0.46500    -0.89816     0.02110     0.00000     0.00000     0.00000     0.00000     0.00000     0.00000
     0.47000    -0.88824     0.02279     0.00000     0.00000     0.00000     0.00000     0.00000     0.00000
     0.47500    -0.87842     0.02444     0.00000     0.00000     0.00000     0.00000     0.00000     0.00000
     0.48000    -0.86868     0.02606     0.00000     0.00000     0.00000     0.00000     0.00000     0.00000
     0.48500    -0.85902     0.02764     0.00000     0.00000     0.00000     0.00000     0.00000     0.00000
     0.49000    -0.84946     0.02919     0.00000     0.00000     0.00000     0.00000     0.00000     0.00000
     0.49500    -0.83998     0.03071     0.00000     0.00000     0.00000     0.00000     0.00000     0.00000
     0.50000    -0.83059     0.03221     0.00000     0.00000     0.00000     0.00000     0.00000     0.00000
     0.50500    -0.82128     0.03367     0.00000     0.00000     0.00000     0.00000     0.00000     0.00000
     0.51000    -0.81206     0.03510     0.00000     0.00000     0.00000     0.00000     0.00000     0.00000
     0.51500    -0.80293     0.03650     0.00000     0.00000     0.00000     0.00000     0.00000     0.00000
     0.52000    -0.79388     0.03787     0.00000     0.00000     0.00000     0.00000     0.00000     0.00000
     0.52500    -0.78491     0.03922     0.00000     0.00000     0.00000     0.00000     0.00000     0.00000
     0.53000    -0.77603     0.04054     0.00000     0.00000     0.00000     0.00000     0.00000     0.00000
     0.53500    -0.76723     0.04183     0.00000     0.00000     0.00000     0.00000     0.00000     0.00000
     0.54000    -0.75851     0.04310     0.00000     0.00000     0.00000     0.00000     0.00000     0.00000
     0.54500    -0.74988     0.04434     0.00000     0.00000     0.00000     0.00000     0.00000     0.00000
     0.55000    -0.74133     0.04556     0.00000     0.00000     0.00000     0.00000     0.00000     0.00000
     0.55500    -0.73286     0.04676     0.00000     0.00000     0.00000     0.00000     0.00000     0.00000
     0.56000    -0.72446     0.04793     0.00000     0.00000     0.00000     0.00000     0.00000     0.00000
     0.56500    -0.71615     0.04907     0.00000     0.00000     0.00000     0.00000     0.00000     0.00000
     0.57000    -0.70792     0.05020     0.00000     0.00000     0.00000     0.00000     0.00000     0.00000
     0.57500    -0.69977     0.05130     0.00000     0.00000     0.00000     0.00000     0.00000     0.00000
     0.58000    -0.69169     0.05238     0.00000     0.00000     0.00000     0.00000     0.00000     0.00000
     0.58500    -0.68370     0.05344     0.00000     0.00000     0.00000     0.00000     0.00000     0.00000
     0.59000    -0.67578     0.05447     0.00000     0.00000     0.00000     0.00000     0.00000     0.00000
     0.59500    -0.66793     0.05549     0.00000     0.00000     0.00000     0.00000     0.00000     0.00000
     0.60000    -0.66016     0.05649     0.00000     0.00000     0.00000     0.00000     0.00000     0.00000
     0.60500    -0.65247     0.05747     0.00000     0.00000     0.00000     0.00000     0.00000     0.00000
     0.61000    -0.64485     0.05842     0.00000     0.00000     0.00000     0.00000     0.00000     0.00000
     0.61500    -0.63731     0.05936     0.00000     0.00000     0.00000     0.00000     0.00000     0.00000
     0.62000    -0.62984     0.06029     0.00000     0.00000     0.00000     0.00000     0.00000     0.00000
     0.62500    -0.62244     0.06119     0.00000     0.00000     0.00000     0.00000     0.00000     0.00000
     0.63000    -0.61512     0.06208     0.00000     0.00000     0.00000     0.00000     0.00000     0.00000
     0.63500    -0.60787     0.06294     0.00000     0.00000     0.00000     0.00000     0.00000     0.00000
     0.64000    -0.60068     0.06380     0.00000     0.00000     0.00000     0.00000     0.00000     0.00000
     0.64500    -0.59357     0.06463     0.00000     0.00000     0.00000     0.00000     0.00000     0.00000
     0.65000    -0.58653     0.06545     0.00000     0.00000     0.00000     0.00000     0.00000     0.00000
     0.65500    -0.57956     0.06626     0.00000     0.00000     0.00000     0.00000     0.00000     0.00000
     0.66000    -0.57266     0.06705     0.00000     0.00000     0.00000     0.00000     0.00000     0.00000
     0.66500    -0.56582     0.06782     0.00000     0.00000     0.00000     0.00000     0.00000     0.00000
     0.67000    -0.55906     0.06858     0.00000     0.00000     0.00000     0.00000     0.00000     0.00000
     0.67500    -0.55236     0.06932     0.00000     0.00000     0.00000     0.00000     0.00000     0.00000
     0.68000    -0.54573     0.07005     0.00000     0.00000     0.00000     0.00000     0.00000     0.00000
     0.68500    -0.53916     0.07077     0.00000     0.00000     0.00000     0.00000     0.00000     0.00000
     0.69000    -0.53266     0.07147     0.00000     0.00000     0.00000     0.00000     0.00000     0.00000
     0.69500    -0.52622     0.07216     0.00000     0.00000     0.00000     0.00000     0.00000     0.00000
     0.70000    -0.51985     0.07284     0.00000     0.00000     0.00000     0.00000     0.00000     0.00000
     0.70500    -0.51354     0.07350     0.00000     0.00000     0.00000     0.00000     0.00000     0.00000
     0.71000    -0.50729     0.07416     0.00000     0.00000     0.00000     0.00000     0.00000     0.00000
     0.71500    -0.50111     0.07479     0.00000     0.00000     0.00000     0.00000     0.00000     0.00000
     0.72000    -0.49498     0.07542     0.00000     0.00000     0.00000     0.00000     0.00000     0.00000
     0.72500    -0.48892     0.07604     0.00000     0.00000     0.00000     0.00000     0.00000     0.00000
     0.73000    -0.48292     0.07664     0.00000     0.00000     0.00000     0.00000     0.00000     0.00000
     0.73500    -0.47698     0.07724     0.00000     0.00000     0.00000     0.00000     0.00000     0.00000
     0.74000    -0.47110     0.07782     0.00000     0.00000     0.00000     0.00000     0.00000     0.00000
     0.74500    -0.46528     0.07839     0.00000     0.00000     0.00000     0.00000     0.00000     0.00000
     0.75000    -0.45952     0.07896     0.00000     0.00000     0.00000     0.00000     0.00000     0.00000
     0.75500    -0.45382     0.07951     0.00000     0.00000     0.00000     0.00000     0.00000     0.00000
     0.76000    -0.44817     0.08005     0.00000     0.00000     0.00000     0.00000     0.00000     0.00000
     0.76500    -0.44258     0.08058     0.00000     0.00000     0.00000     0.00000     0.00000     0.00000
     0.77000    -0.43705     0.08111     0.00000     0.00000     0.00000     0.00000     0.00000     0.00000
     0.77500    -0.43157     0.08162     0.00000     0.00000     0.00000     0.00000     0.00000     0.00000
     0.78000    -0.42615     0.08212     0.00000     0.00000     0.00000     0.00000     0.00000     0.00000
     0.78500    -0.42078     0.08262     0.00000     0.00000     0.00000     0.00000     0.00000     0.00000
     0.79000    -0.41546     0.08311     0.00000     0.00000     0.00000     0.00000     0.00000     0.00000
     0.79500    -0.41020     0.08359     0.00000     0.00000     0.00000     0.00000     0.00000     0.00000
     0.80000    -0.40500     0.08406     0.00000     0.00000     0.00000     0.00000     0.00000     0.00000
     0.80500    -0.39984     0.08452     0.00000     0.00000     0.00000     0.00000     0.00000     0.00000
     0.81000    -0.39474     0.08497     0.00000     0.00000     0.00000     0.00000     0.00000     0.00000
     0.81500    -0.38969     0.08542     0.00000     0.00000     0.00000     0.00000     0.00000     0.00000
     0.82000    -0.38469     0.08586     0.00000     0.00000     0.00000     0.00000     0.00000     0.00000
     0.82500    -0.37975     0.08629     0.00000     0.00000     0.00000     0.00000     0.00000     0.00000
     0.83000    -0.37485     0.08671     0.00000     0.00000     0.00000     0.00000     0.00000     0.00000
     0.83500    -0.37000     0.08713     0.00000     0.00000     0.00000     0.00000     0.00000     0.00000
     0.84000    -0.36520     0.08754     0.00000     0.00000     0.00000     0.00000     0.00000     0.00000
     0.84500    -0.36045     0.08794     0.00000     0.00000     0.00000     0.00000     0.00000     0.00000
     0.85000    -0.35575     0.08834     0.00000     0.00000     0.00000     0.00000     0.00000     0.00000
     0.85500    -0.35110     0.08873     0.00000     0.00000     0.00000     0.00000     0.00000     0.00000
     0.86000    -0.34649     0.08911     0.00000     0.00000     0.00000     0.00000     0.00000     0.00000
     0.86500    -0.34193     0.08949     0.00000     0.00000     0.00000     0.00000     0.00000     0.00000
     0.87000    -0.33742     0.08986     0.00000     0.00000     0.00000     0.00000     0.00000     0.00000
     0.87500    -0.33295     0.09023     0.00000     0.00000     0.00000     0.00000     0.00000     0.00000
     0.88000    -0.32853     0.09058     0.00000     0.00000     0.00000     0.00000     0.00000     0.00000
     0.88500    -0.32415     0.09094     0.00000     0.00000     0.00000     0.00000     0.00000     0.00000
     0.89000    -0.31982     0.09129     0.00000     0.00000     0.00000     0.00000     0.00000     0.00000
     0.89500    -0.31553     0.09163     0.00000     0.00000     0.00000     0.00000     0.00000     0.00000
     0.90000    -0.31129     0.09197     0.00000     0.00000     0.00000     0.00000     0.00000     0.00000
     0.90500    -0.30709     0.09230     0.00000     0.00000     0.00000     0.00000     0.00000     0.00000
     0.91000    -0.30293     0.09262     0.00000     0.00000     0.00000     0.00000     0.00000     0.00000
     0.91500    -0.29881     0.09295     0.00000     0.00000     0.00000     0.00000     0.00000     0.00000
     0.92000    -0.29474     0.09326     0.00000     0.00000     0.00000     0.00000     0.00000     0.00000
     0.92500    -0.29071     0.09357     0.00000     0.00000     0.00000     0.00000     0.00000     0.00000
     0.93000    -0.28672     0.09388     0.00000     0.00000     0.00000     0.00000     0.00000     0.00000
     0.93500    -0.28276     0.09418     0.00000     0.00000     0.00000     0.00000     0.00000     0.00000
     0.94000    -0.27886     0.09448     0.00000     0.00000     0.00000     0.00000     0.00000     0.00000
     0.94500    -0.27499     0.09478     0.00000     0.00000     0.00000     0.00000     0.00000     0.00000
     0.95000    -0.27116     0.09507     0.00000     0.00000     0.00000     0.00000     0.00000     0.00000
     0.95500    -0.26736     0.09535     0.00000     0.00000     0.00000     0.00000     0.00000     0.00000
     0.96000    -0.26361     0.09563     0.00000     0.00000     0.00000     0.00000     0.00000     0.00000
     0.96500    -0.25990     0.09591     0.00000     0.00000     0.00000     0.00000     0.00000     0.00000
     0.97000    -0.25622     0.09618     0.00000     0.00000     0.00000     0.00000     0.00000     0.00000
     0.97500    -0.25258     0.09645     0.00000     0.00000     0.00000     0.00000     0.00000     0.00000
     0.98000    -0.24898     0.09672     0.00000     0.00000     0.00000     0.00000     0.00000     0.00000
     0.98500    -0.24542     0.09698     0.00000     0.00000     0.00000     0.00000     0.00000     0.00000
     0.99000    -0.24189     0.09723     0.00000     0.00000     0.00000     0.00000     0.00000     0.00000
     0.99500    -0.23840     0.09749     0.00000     0.00000     0.00000     0.00000     0.00000     0.00000
     1.00000    -0.23494     0.09774     0.00000     0.00000     0.00000     0.00000     0.00000     0.00000
     1.00500    -0.23152     0.09799     0.00000     0.00000     0.00000     0.00000     0.00000     0.00000
     1.01000    -0.22814     0.09823     0.00000     0.00000     0.00000     0.00000     0.00000     0.00000
     1.01500    -0.22479     0.09847     0.00000     0.00000     0.00000     0.00000     0.00000     0.00000
     1.02000    -0.22147     0.09871     0.00000     0.00000     0.00000     0.00000     0.00000     0.00000
     1.02500    -0.21819     0.09894     0.00000     0.00000     0.00000     0.00000     0.00000     0.00000
     1.03000    -0.21494     0.09917     0.00000     0.00000     0.00000     0.00000     0.00000     0.00000
     1.03500    -0.21173     0.09940     0.00000     0.00000     0.00000     0.00000     0.00000     0.00000
     1.04000    -0.20854     0.09963     0.00000     0.00000     0.00000     0.00000     0.00000     0.00000
     1.04500    -0.20539     0.09985     0.00000     0.00000     0.00000     0.00000     0.00000     0.00000
     1.05000    -0.20228     0.10007     0.00000     0.00000     0.00000     0.00000     0.00000     0.00000
     1.05500    -0.19919     0.10028     0.00000     0.00000     0.00000     0.00000     0.00000     0.00000
     1.06000    -0.19614     0.10050     0.00000     0.00000     0.00000     0.00000     0.00000     0.00000
     1.06500    -0.19311     0.10071     0.00000     0.00000     0.00000     0.00000     0.00000     0.00000
     1.07000    -0.19012     0.10091     0.00000     0.00000     0.00000     0.00000     0.00000     0.00000
     1.07500    -0.18716     0.10112     0.00000     0.00000     0.00000     0.00000     0.00000     0.00000
     1.08000    -0.18423     0.10132     0.00000     0.00000     0.00000     0.00000     0.00000     0.00000
     1.08500    -0.18133     0.10152     0.00000     0.00000     0.00000     0.00000     0.00000     0.00000
     1.09000    -0.17846     0.10172     0.00000     0.00000     0.00000     0.00000     0.00000     0.00000
     1.09500    -0.17562     0.10191     0.00000     0.00000     0.00000     0.00000     0.00000     0.00000
     1.10000    -0.17281     0.10211     0.00000     0.00000     0.00000     0.00000     0.00000     0.00000
     1.10500    -0.17003     0.10230     0.00000     0.00000     0.00000     0.00000     0.00000     0.00000
     1.11000    -0.16728     0.10248     0.00000     0.00000     0.00000     0.00000     0.00000     0.00000
     1.11500    -0.16455     0.10267     0.00000     0.00000     0.00000     0.00000     0.00000     0.00000
     1.12000    -0.16185     0.10285     0.00000     0.00000     0.00000     0.00000     0.00000     0.00000
     1.12500    -0.15918     0.10303     0.00000     0.00000     0.00000     0.00000     0.00000     0.00000
     1.13000    -0.15654     0.10321     0.00000     0.00000     0.00000     0.00000     0.00000     0.00000
     1.13500    -0.15393     0.10339     0.00000     0.00000     0.00000     0.00000     0.00000     0.00000
     1.14000    -0.15134     0.10356     0.00000     0.00000     0.00000     0.00000     0.00000     0.00000
     1.14500    -0.14878     0.10374     0.00000     0.00000     0.00000     0.00000     0.00000     0.00000
     1.15000    -0.14624     0.10391     0.00000     0.00000     0.00000     0.00000     0.00000     0.00000
     1.15500    -0.14373     0.10408     0.00000     0.00000     0.00000     0.00000     0.00000     0.00000
     1.16000    -0.14125     0.10424     0.00000     0.00000     0.00000     0.00000     0.00000     0.00000
     1.16500    -0.13879     0.10441     0.00000     0.00000     0.00000     0.00000     0.00000     0.00000
     1.17000    -0.13636     0.10457     0.00000     0.00000     0.00000     0.00000     0.00000     0.00000
     1.17500    -0.13396     0.10473     0.00000     0.00000     0.00000     0.00000     0.00000     0.00000
     1.18000    -0.13157     0.10489     0.00000     0.00000     0.00000     0.00000     0.00000     0.00000
     1.18500    -0.12922     0.10504     0.00000     0.00000     0.00000     0.00000     0.00000     0.00000
     1.19000    -0.12688     0.10520     0.00000     0.00000     0.00000     0.00000     0.00000     0.00000
     1.19500    -0.12458     0.10535     0.00000     0.00000     0.00000     0.00000     0.00000     0.00000
     1.20000    -0.12229     0.10550     0.00000     0.00000     0.00000     0.00000     0.00000     0.00000
     1.20500    -0.12003     0.10565     0.00000     0.00000     0.00000     0.00000     0.00000     0.00000
     1.21000    -0.11779     0.10580     0.00000     0.00000     0.00000     0.00000     0.00000     0.00000
     1.21500    -0.11558     0.10594     0.00000     0.00000     0.00000     0.00000     0.00000     0.00000
     1.22000    -0.11339     0.10609     0.00000     0.00000     0.00000     0.00000     0.00000     0.00000
     1.22500    -0.11122     0.10623     0.00000     0.00000     0.00000     0.00000     0.00000     0.00000
     1.23000    -0.10907     0.10637     0.00000     0.00000     0.00000     0.00000     0.00000     0.00000
     1.23500    -0.10695     0.10651     0.00000     0.00000     0.00000     0.00000     0.00000     0.00000
     1.24000    -0.10485     0.10665     0.00000     0.00000     0.00000     0.00000     0.00000     0.00000
     1.24500    -0.10277     0.10678     0.00000     0.00000     0.00000     0.00000     0.00000     0.00000
     1.25000    -0.10071     0.10692     0.00000     0.00000     0.00000     0.00000     0.00000     0.00000
     1.25500    -0.09867     0.10705     0.00000     0.00000     0.00000     0.00000     0.00000     0.00000
     1.26000    -0.09665     0.10718     0.00000     0.00000     0.00000     0.00000     0.00000     0.00000
     1.26500    -0.09466     0.10731     0.00000     0.00000     0.00000     0.00000     0.00000     0.00000
     1.27000    -0.09269     0.10744     0.00000     0.00000     0.00000     0.00000     0.00000     0.00000
     1.27500    -0.09073     0.10756     0.00000     0.00000     0.00000     0.00000     0.00000     0.00000
     1.28000    -0.08880     0.10769     0.00000     0.00000     0.00000     0.00000     0.00000     0.00000
     1.28500    -0.08689     0.10781     0.00000     0.00000     0.00000     0.00000     0.00000     0.00000
     1.29000    -0.08499     0.10793     0.00000     0.00000     0.00000     0.00000     0.00000     0.00000
     1.29500    -0.08312     0.10805     0.00000     0.00000     0.00000     0.00000     0.00000     0.00000
     1.30000    -0.08127     0.10817     0.00000     0.00000     0.00000     0.00000     0.00000     0.00000
     1.30500    -0.07943     0.10829     0.00000     0.00000     0.00000     0.00000     0.00000     0.00000
     1.31000    -0.07762     0.10841     0.00000     0.00000     0.00000     0.00000     0.00000     0.00000
     1.31500    -0.07582     0.10852     0.00000     0.00000     0.00000     0.00000     0.00000     0.00000
     1.32000    -0.07404     0.10863     0.00000     0.00000     0.00000     0.00000     0.00000     0.00000
     1.32500    -0.07228     0.10874     0.00000     0.00000     0.00000     0.00000     0.00000     0.00000
     1.33000    -0.07054     0.10885     0.00000     0.00000     0.00000     0.00000     0.00000     0.00000
     1.33500    -0.06882     0.10896     0.00000     0.00000     0.00000     0.00000     0.00000     0.00000
     1.34000    -0.06712     0.10907     0.00000     0.00000     0.00000     0.00000     0.00000     0.00000
     1.34500    -0.06543     0.10918     0.00000     0.00000     0.00000     0.00000     0.00000     0.00000
     1.35000    -0.06376     0.10928     0.00000     0.00000     0.00000     0.00000     0.00000     0.00000
     1.35500    -0.06211     0.10938     0.00000     0.00000     0.00000     0.00000     0.00000     0.00000
     1.36000    -0.06048     0.10948     0.00000     0.00000     0.00000     0.00000     0.00000     0.00000
     1.36500    -0.05887     0.10958     0.00000     0.00000     0.00000     0.00000     0.00000     0.00000
     1.37000    -0.05727     0.10968     0.00000     0.00000     0.00000     0.00000     0.00000     0.00000
     1.37500    -0.05568     0.10978     0.00000     0.00000     0.00000     0.00000     0.00000     0.00000
     1.38000    -0.05412     0.10988     0.00000     0.00000     0.00000     0.00000     0.00000     0.00000
     1.38500    -0.05257     0.10997     0.00000     0.00000     0.00000     0.00000     0.00000     0.00000
     1.39000    -0.05104     0.11006     0.00000     0.00000     0.00000     0.00000     0.00000     0.00000
     1.39500    -0.04952     0.11016     0.00000     0.00000     0.00000     0.00000     0.00000     0.00000
     1.40000    -0.04802     0.11025     0.00000     0.00000     0.00000     0.00000     0.00000     0.00000
     1.40500    -0.04654     0.11034     0.00000     0.00000     0.00000     0.00000     0.00000     0.00000
     1.41000    -0.04507     0.11042     0.00000     0.00000     0.00000     0.00000     0.00000     0.00000
     1.41500    -0.04362     0.11051     0.00000     0.00000     0.00000     0.00000     0.00000     0.00000
     1.42000    -0.04218     0.11060     0.00000     0.00000     0.00000     0.00000     0.00000     0.00000
     1.42500    -0.04076     0.11068     0.00000     0.00000     0.00000     0.00000     0.00000     0.00000
     1.43000    -0.03935     0.11076     0.00000     0.00000     0.00000     0.00000     0.00000     0.00000
     1.43500    -0.03796     0.11084     0.00000     0.00000     0.00000     0.00000     0.00000     0.00000
     1.44000    -0.03658     0.11092     0.00000     0.00000     0.00000     0.00000     0.00000     0.00000
     1.44500    -0.03522     0.11100     0.00000     0.00000     0.00000     0.00000     0.00000     0.00000
     1.45000    -0.03387     0.11108     0.00000     0.00000     0.00000     0.00000     0.00000     0.00000
     1.45500    -0.03254     0.11116     0.00000     0.00000     0.00000     0.00000     0.00000     0.00000
     1.46000    -0.03122     0.11123     0.00000     0.00000     0.00000     0.00000     0.00000     0.00000
     1.46500    -0.02992     0.11130     0.00000     0.00000     0.00000     0.00000     0.00000     0.00000
     1.47000    -0.02863     0.11138     0.00000     0.00000     0.00000     0.00000     0.00000     0.00000
     1.47500    -0.02735     0.11145     0.00000     0.00000     0.00000     0.00000     0.00000     0.00000
     1.48000    -0.02609     0.11152     0.00000     0.00000     0.00000     0.00000     0.00000     0.00000
     1.48500    -0.02484     0.11158     0.00000     0.00000     0.00000     0.00000     0.00000     0.00000
     1.49000    -0.02360     0.11165     0.00000     0.00000     0.00000     0.00000     0.00000     0.00000
     1.49500    -0.02238     0.11172     0.00000     0.00000     0.00000     0.00000     0.00000     0.00000
     1.50000    -0.02117     0.11178     0.00000     0.00000     0.00000     0.00000     0.00000     0.00000
     1.50500    -0.01998     0.11184     0.00000     0.00000     0.00000     0.00000     0.00000     0.00000
     1.51000    -0.01879     0.11191     0.00000     0.00000     0.00000     0.00000     0.00000     0.00000
     1.51500    -0.01762     0.11197     0.00000     0.00000     0.00000     0.00000     0.00000     0.00000
     1.52000    -0.01647     0.11203     0.00000     0.00000     0.00000     0.00000     0.00000     0.00000
     1.52500    -0.01532     0.11208     0.00000     0.00000     0.00000     0.00000     0.00000     0.00000
     1.53000    -0.01419     0.11214     0.00000     0.00000     0.00000     0.00000     0.00000     0.00000
     1.53500    -0.01307     0.11220     0.00000     0.00000     0.00000     0.00000     0.00000     0.00000
     1.54000    -0.01196     0.11225     0.00000     0.00000     0.00000     0.00000     0.00000     0.00000
     1.54500    -0.01087     0.11230     0.00000     0.00000     0.00000     0.00000     0.00000     0.00000
     1.55000    -0.00978     0.11235     0.00000     0.00000     0.00000     0.00000     0.00000     0.00000
     1.55500    -0.00871     0.11240     0.00000     0.00000     0.00000     0.00000     0.00000     0.00000
     1.56000    -0.00765     0.11245     0.00000     0.00000     0.00000     0.00000     0.00000     0.00000
     1.56500    -0.00661     0.11250     0.00000     0.00000     0.00000     0.00000     0.00000     0.00000
     1.57000    -0.00557     0.11255     0.00000     0.00000     0.00000     0.00000     0.00000     0.00000
     1.57500    -0.00454     0.11259     0.00000     0.00000     0.00000     0.00000     0.00000     0.00000
     1.58000    -0.00353     0.11264     0.00000     0.00000     0.00000     0.00000     0.00000     0.00000
     1.58500    -0.00253     0.11268     0.00000     0.00000     0.00000     0.00000     0.00000     0.00000
     1.59000    -0.00154     0.11272     0.00000     0.00000     0.00000     0.00000     0.00000     0.00000
     1.59500    -0.00056     0.11276     0.00000     0.00000     0.00000     0.00000     0.00000     0.00000
     1.60000     0.00041     0.11280     0.00000     0.00000     0.00000     0.00000     0.00000     0.00000
     1.60500     0.00137     0.11283     0.00000     0.00000     0.00000     0.00000     0.00000     0.00000
     1.61000     0.00231     0.11287     0.00000     0.00000     0.00000     0.00000     0.00000     0.00000
     1.61500     0.00325     0.11291     0.00000     0.00000     0.00000     0.00000     0.00000     0.00000
     1.62000     0.00418     0.11294     0.00000     0.00000     0.00000     0.00000     0.00000     0.00000
     1.62500     0.00509     0.11297     0.00000     0.00000     0.00000     0.00000     0.00000     0.00000
     1.63000     0.00600     0.11300     0.00000     0.00000     0.00000     0.00000     0.00000     0.00000
     1.63500     0.00689     0.11303     0.00000     0.00000     0.00000     0.00000     0.00000     0.00000
     1.64000     0.00778     0.11306     0.00000     0.00000     0.00000     0.00000     0.00000     0.00000
     1.64500     0.00865     0.11309     0.00000     0.00000     0.00000     0.00000     0.00000     0.00000
     1.65000     0.00952     0.11311     0.00000     0.00000     0.00000     0.00000     0.00000     0.00000
     1.65500     0.01037     0.11314     0.00000     0.00000     0.00000     0.00000     0.00000     0.00000
     1.66000     0.01122     0.11316     0.00000     0.00000     0.00000     0.00000     0.00000     0.00000
     1.66500     0.01205     0.11318     0.00000     0.00000     0.00000     0.00000     0.00000     0.00000
     1.67000     0.01288     0.11320     0.00000     0.00000     0.00000     0.00000     0.00000     0.00000
     1.67500     0.01369     0.11322     0.00000     0.00000     0.00000     0.00000     0.00000     0.00000
     1.68000     0.01450     0.11324     0.00000     0.00000     0.00000     0.00000     0.00000     0.00000
     1.68500     0.01530     0.11326     0.00000     0.00000     0.00000     0.00000     0.00000     0.00000
     1.69000     0.01608     0.11327     0.00000     0.00000     0.00000     0.00000     0.00000     0.00000
     1.69500     0.01686     0.11329     0.00000     0.00000     0.00000     0.00000     0.00000     0.00000
     1.70000     0.01763     0.11330     0.00000     0.00000     0.00000     0.00000     0.00000     0.00000
     1.70500     0.01839     0.11331     0.00000     0.00000     0.00000     0.00000     0.00000     0.00000
     1.71000     0.01914     0.11332     0.00000     0.00000     0.00000     0.00000     0.00000     0.00000
     1.71500     0.01989     0.11333     0.00000     0.00000     0.00000     0.00000     0.00000     0.00000
     1.72000     0.02062     0.11334     0.00000     0.00000     0.00000     0.00000     0.00000     0.00000
     1.72500     0.02135     0.11334     0.00000     0.00000     0.00000     0.00000     0.00000     0.00000
     1.73000     0.02206     0.11335     0.00000     0.00000     0.00000     0.00000     0.00000     0.00000
     1.73500     0.02277     0.11335     0.00000     0.00000     0.00000     0.00000     0.00000     0.00000
     1.74000     0.02347     0.11335     0.00000     0.00000     0.00000     0.00000     0.00000     0.00000
     1.74500     0.02416     0.11336     0.00000     0.00000     0.00000     0.00000     0.00000     0.00000
     1.75000     0.02485     0.11336     0.00000     0.00000     0.00000     0.00000     0.00000     0.00000
     1.75500     0.02552     0.11335     0.00000     0.00000     0.00000     0.00000     0.00000     0.00000
     1.76000     0.02619     0.11335     0.00000     0.00000     0.00000     0.00000     0.00000     0.00000
     1.76500     0.02685     0.11335     0.00000     0.00000     0.00000     0.00000     0.00000     0.00000
     1.77000     0.02750     0.11334     0.00000     0.00000     0.00000     0.00000     0.00000     0.00000
     1.77500     0.02814     0.11334     0.00000     0.00000     0.00000     0.00000     0.00000     0.00000
     1.78000     0.02878     0.11333     0.00000     0.00000     0.00000     0.00000     0.00000     0.00000
     1.78500     0.02940     0.11332     0.00000     0.00000     0.00000     0.00000     0.00000     0.00000
     1.79000     0.03002     0.11331     0.00000     0.00000     0.00000     0.00000     0.00000     0.00000
     1.79500     0.03064     0.11330     0.00000     0.00000     0.00000     0.00000     0.00000     0.00000
     1.80000     0.03124     0.11328     0.00000     0.00000     0.00000     0.00000     0.00000     0.00000
     1.80500     0.03184     0.11327     0.00000     0.00000     0.00000     0.00000     0.00000     0.00000
     1.81000     0.03243     0.11325     0.00000     0.00000     0.00000     0.00000     0.00000     0.00000
     1.81500     0.03301     0.11324     0.00000     0.00000     0.00000     0.00000     0.00000     0.00000
     1.82000     0.03358     0.11322     0.00000     0.00000     0.00000     0.00000     0.00000     0.00000
     1.82500     0.03415     0.11320     0.00000     0.00000     0.00000     0.00000     0.00000     0.00000
     1.83000     0.03471     0.11318     0.00000     0.00000     0.00000     0.00000     0.00000     0.00000
     1.83500     0.03527     0.11316     0.00000     0.00000     0.00000     0.00000     0.00000     0.00000
     1.84000     0.03581     0.11314     0.00000     0.00000     0.00000     0.00000     0.00000     0.00000
     1.84500     0.03635     0.11311     0.00000     0.00000     0.00000     0.00000     0.00000     0.00000
     1.85000     0.03689     0.11309     0.00000     0.00000     0.00000     0.00000     0.00000     0.00000
     1.85500     0.03741     0.11306     0.00000     0.00000     0.00000     0.00000     0.00000     0.00000
     1.86000     0.03793     0.11303     0.00000     0.00000     0.00000     0.00000     0.00000     0.00000
     1.86500     0.03844     0.11300     0.00000     0.00000     0.00000     0.00000     0.00000     0.00000
     1.87000     0.03895     0.11297     0.00000     0.00000     0.00000     0.00000     0.00000     0.00000
     1.87500     0.03945     0.11294     0.00000     0.00000     0.00000     0.00000     0.00000     0.00000
     1.88000     0.03994     0.11290     0.00000     0.00000     0.00000     0.00000     0.00000     0.00000
     1.88500     0.04043     0.11287     0.00000     0.00000     0.00000     0.00000     0.00000     0.00000
     1.89000     0.04091     0.11283     0.00000     0.00000     0.00000     0.00000     0.00000     0.00000
     1.89500     0.04138     0.11280     0.00000     0.00000     0.00000     0.00000     0.00000     0.00000
     1.90000     0.04185     0.11276     0.00000     0.00000     0.00000     0.00000     0.00000     0.00000
     1.90500     0.04231     0.11272     0.00000     0.00000     0.00000     0.00000     0.00000     0.00000
     1.91000     0.04276     0.11268     0.00000     0.00000     0.00000     0.00000     0.00000     0.00000
     1.91500     0.04321     0.11264     0.00000     0.00000     0.00000     0.00000     0.00000     0.00000
     1.92000     0.04365     0.11259     0.00000     0.00000     0.00000     0.00000     0.00000     0.00000
     1.92500     0.04409     0.11255     0.00000     0.00000     0.00000     0.00000     0.00000     0.00000
     1.93000     0.04452     0.11250     0.00000     0.00000     0.00000     0.00000     0.00000     0.00000
     1.93500     0.04494     0.11246     0.00000     0.00000     0.00000     0.00000     0.00000     0.00000
     1.94000     0.04536     0.11241     0.00000     0.00000     0.00000     0.00000     0.00000     0.00000
     1.94500     0.04578     0.11236     0.00000     0.00000     0.00000     0.00000     0.00000     0.00000
     1.95000     0.04618     0.11231     0.00000     0.00000     0.00000     0.00000     0.00000     0.00000
     1.95500     0.04658     0.11226     0.00000     0.00000     0.00000     0.00000     0.00000     0.00000
     1.96000     0.04698     0.11220     0.00000     0.00000     0.00000     0.00000     0.00000     0.00000
     1.96500     0.04737     0.11215     0.00000     0.00000     0.00000     0.00000     0.00000     0.00000
     1.97000     0.04776     0.11209     0.00000     0.00000     0.00000     0.00000     0.00000     0.00000
     1.97500     0.04813     0.11204     0.00000     0.00000     0.00000     0.00000     0.00000     0.00000
     1.98000     0.04851     0.11198     0.00000     0.00000     0.00000     0.00000     0.00000     0.00000
     1.98500     0.04888     0.11192     0.00000     0.00000     0.00000     0.00000     0.00000     0.00000
     1.99000     0.04924     0.11186     0.00000     0.00000     0.00000     0.00000     0.00000     0.00000
     1.99500     0.04960     0.11180     0.00000     0.00000     0.00000     0.00000     0.00000     0.00000
     2.00000     0.04995     0.11173     0.00000     0.00000     0.00000     0.00000     0.00000     0.00000
     2.00500     0.05030     0.11167     0.00000     0.00000     0.00000     0.00000     0.00000     0.00000
     2.01000     0.05064     0.11160     0.00000     0.00000     0.00000     0.00000     0.00000     0.00000
     2.01500     0.05098     0.11154     0.00000     0.00000     0.00000     0.00000     0.00000     0.00000
     2.02000     0.05131     0.11147     0.00000     0.00000     0.00000     0.00000     0.00000     0.00000
     2.02500     0.05164     0.11140     0.00000     0.00000     0.00000     0.00000     0.00000     0.00000
     2.03000     0.05196     0.11133     0.00000     0.00000     0.00000     0.00000     0.00000     0.00000
     2.03500     0.05228     0.11126     0.00000     0.00000     0.00000     0.00000     0.00000     0.00000
     2.04000     0.05259     0.11119     0.00000     0.00000     0.00000     0.00000     0.00000     0.00000
     2.04500     0.05290     0.11111     0.00000     0.00000     0.00000     0.00000     0.00000     0.00000
     2.05000     0.05320     0.11104     0.00000     0.00000     0.00000     0.00000     0.00000     0.00000
     2.05500     0.05350     0.11096     0.00000     0.00000     0.00000     0.00000     0.00000     0.00000
     2.06000     0.05379     0.11089     0.00000     0.00000     0.00000     0.00000     0.00000     0.00000
     2.06500     0.05408     0.11081     0.00000     0.00000     0.00000     0.00000     0.00000     0.00000
     2.07000     0.05436     0.11073     0.00000     0.00000     0.00000     0.00000     0.00000     0.00000
     2.07500     0.05464     0.11065     0.00000     0.00000     0.00000     0.00000     0.00000     0.00000
     2.08000     0.05492     0.11057     0.00000     0.00000     0.00000     0.00000     0.00000     0.00000
     2.08500     0.05519     0.11048     0.00000     0.00000     0.00000     0.00000     0.00000     0.00000
     2.09000     0.05545     0.11040     0.00000     0.00000     0.00000     0.00000     0.00000     0.00000
     2.09500     0.05571     0.11031     0.00000     0.00000     0.00000     0.00000     0.00000     0.00000
     2.10000     0.05597     0.11023     0.00000     0.00000     0.00000     0.00000     0.00000     0.00000
     2.10500     0.05622     0.11014     0.00000     0.00000     0.00000     0.00000     0.00000     0.00000
     2.11000     0.05647     0.11005     0.00000     0.00000     0.00000     0.00000     0.00000     0.00000
     2.11500     0.05672     0.10996     0.00000     0.00000     0.00000     0.00000     0.00000     0.00000
     2.12000     0.05696     0.10987     0.00000     0.00000     0.00000     0.00000     0.00000     0.00000
     2.12500     0.05719     0.10978     0.00000     0.00000     0.00000     0.00000     0.00000     0.00000
     2.13000     0.05742     0.10969     0.00000     0.00000     0.00000     0.00000     0.00000     0.00000
     2.13500     0.05765     0.10959     0.00000     0.00000     0.00000     0.00000     0.00000     0.00000
     2.14000     0.05788     0.10950     0.00000     0.00000     0.00000     0.00000     0.00000     0.00000
     2.14500     0.05810     0.10940     0.00000     0.00000     0.00000     0.00000     0.00000     0.00000
     2.15000     0.05831     0.10930     0.00000     0.00000     0.00000     0.00000     0.00000     0.00000
     2.15500     0.05852     0.10921     0.00000     0.00000     0.00000     0.00000     0.00000     0.00000
     2.16000     0.05873     0.10911     0.00000     0.00000     0.00000     0.00000     0.00000     0.00000
     2.16500     0.05893     0.10901     0.00000     0.00000     0.00000     0.00000     0.00000     0.00000
     2.17000     0.05913     0.10890     0.00000     0.00000     0.00000     0.00000     0.00000     0.00000
     2.17500     0.05933     0.10880     0.00000     0.00000     0.00000     0.00000     0.00000     0.00000
     2.18000     0.05952     0.10870     0.00000     0.00000     0.00000     0.00000     0.00000     0.00000
     2.18500     0.05971     0.10859     0.00000     0.00000     0.00000     0.00000     0.00000     0.00000
     2.19000     0.05990     0.10849     0.00000     0.00000     0.00000     0.00000     0.00000     0.00000
     2.19500     0.06008     0.10838     0.00000     0.00000     0.00000     0.00000     0.00000     0.00000
     2.20000     0.06026     0.10827     0.00000     0.00000     0.00000     0.00000     0.00000     0.00000
     2.20500     0.06043     0.10816     0.00000     0.00000     0.00000     0.00000     0.00000     0.00000
     2.21000     0.06060     0.10805     0.00000     0.00000     0.00000     0.00000     0.00000     0.00000
     2.21500     0.06077     0.10794     0.00000     0.00000     0.00000     0.00000     0.00000     0.00000
     2.22000     0.06093     0.10783     0.00000     0.00000     0.00000     0.00000     0.00000     0.00000
     2.22500     0.06109     0.10772     0.00000     0.00000     0.00000     0.00000     0.00000     0.00000
     2.23000     0.06125     0.10760     0.00000     0.00000     0.00000     0.00000     0.00000     0.00000
     2.23500     0.06140     0.10749     0.00000     0.00000     0.00000     0.00000     0.00000     0.00000
     2.24000     0.06155     0.10737     0.00000     0.00000     0.00000     0.00000     0.00000     0.00000
     2.24500     0.06170     0.10725     0.00000     0.00000     0.00000     0.00000     0.00000     0.00000
     2.25000     0.06184     0.10713     0.00000     0.00000     0.00000     0.00000     0.00000     0.00000
     2.25500     0.06198     0.10701     0.00000     0.00000     0.00000     0.00000     0.00000     0.00000
     2.26000     0.06212     0.10689     0.00000     0.00000     0.00000     0.00000     0.00000     0.00000
     2.26500     0.06225     0.10677     0.00000     0.00000     0.00000     0.00000     0.00000     0.00000
     2.27000     0.06238     0.10665     0.00000     0.00000     0.00000     0.00000     0.00000     0.00000
     2.27500     0.06251     0.10653     0.00000     0.00000     0.00000     0.00000     0.00000     0.00000
     2.28000     0.06263     0.10640     0.00000     0.00000     0.00000     0.00000     0.00000     0.00000
     2.28500     0.06275     0.10628     0.00000     0.00000     0.00000     0.00000     0.00000     0.00000
     2.29000     0.06287     0.10615     0.00000     0.00000     0.00000     0.00000     0.00000     0.00000
     2.29500     0.06299     0.10603     0.00000     0.00000     0.00000     0.00000     0.00000     0.00000
     2.30000     0.06310     0.10590     0.00000     0.00000     0.00000     0.00000     0.00000     0.00000
     2.30500     0.06321     0.10577     0.00000     0.00000     0.00000     0.00000     0.00000     0.00000
     2.31000     0.06331     0.10564     0.00000     0.00000     0.00000     0.00000     0.00000     0.00000
     2.31500     0.06342     0.10551     0.00000     0.00000     0.00000     0.00000     0.00000     0.00000
     2.32000     0.06352     0.10538     0.00000     0.00000     0.00000     0.00000     0.00000     0.00000
     2.32500     0.06361     0.10524     0.00000     0.00000     0.00000     0.00000     0.00000     0.00000
     2.33000     0.06371     0.10511     0.00000     0.00000     0.00000     0.00000     0.00000     0.00000
     2.33500     0.06380     0.10498     0.00000     0.00000     0.00000     0.00000     0.00000     0.00000
     2.34000     0.06389     0.10484     0.00000     0.00000     0.00000     0.00000     0.00000     0.00000
     2.34500     0.06397     0.10470     0.00000     0.00000     0.00000     0.00000     0.00000     0.00000
     2.35000     0.06406     0.10457     0.00000     0.00000     0.00000     0.00000     0.00000     0.00000
     2.35500     0.06414     0.10443     0.00000     0.00000     0.00000     0.00000     0.00000     0.00000
     2.36000     0.06421     0.10429     0.00000     0.00000     0.00000     0.00000     0.00000     0.00000
     2.36500     0.06429     0.10415     0.00000     0.00000     0.00000     0.00000     0.00000     0.00000
     2.37000     0.06436     0.10401     0.00000     0.00000     0.00000     0.00000     0.00000     0.00000
     2.37500     0.06443     0.10387     0.00000     0.00000     0.00000     0.00000     0.00000     0.00000
     2.38000     0.06450     0.10373     0.00000     0.00000     0.00000     0.00000     0.00000     0.00000
     2.38500     0.06456     0.10358     0.00000     0.00000     0.00000     0.00000     0.00000     0.00000
     2.39000     0.06463     0.10344     0.00000     0.00000     0.00000     0.00000     0.00000     0.00000
     2.39500     0.06469     0.10329     0.00000     0.00000     0.00000     0.00000     0.00000     0.00000
     2.40000     0.06474     0.10315     0.00000     0.00000     0.00000     0.00000     0.00000     0.00000
     2.40500     0.06480     0.10300     0.00000     0.00000     0.00000     0.00000     0.00000     0.00000
     2.41000     0.06485     0.10286     0.00000     0.00000     0.00000     0.00000     0.00000     0.00000
     2.41500     0.06490     0.10271     0.00000     0.00000     0.00000     0.00000     0.00000     0.00000
     2.42000     0.06495     0.10256     0.00000     0.00000     0.00000     0.00000     0.00000     0.00000
     2.42500     0.06499     0.10241     0.00000     0.00000     0.00000     0.00000     0.00000     0.00000
     2.43000     0.06504     0.10226     0.00000     0.00000     0.00000     0.00000     0.00000     0.00000
     2.43500     0.06508     0.10211     0.00000     0.00000     0.00000     0.00000     0.00000     0.00000
     2.44000     0.06511     0.10195     0.00000     0.00000     0.00000     0.00000     0.00000     0.00000
     2.44500     0.06515     0.10180     0.00000     0.00000     0.00000     0.00000     0.00000     0.00000
     2.45000     0.06518     0.10165     0.00000     0.00000     0.00000     0.00000     0.00000     0.00000
     2.45500     0.06521     0.10149     0.00000     0.00000     0.00000     0.00000     0.00000     0.00000
     2.46000     0.06524     0.10134     0.00000     0.00000     0.00000     0.00000     0.00000     0.00000
     2.46500     0.06527     0.10118     0.00000     0.00000     0.00000     0.00000     0.00000     0.00000
     2.47000     0.06530     0.10103     0.00000     0.00000     0.00000     0.00000     0.00000     0.00000
     2.47500     0.06532     0.10087     0.00000     0.00000     0.00000     0.00000     0.00000     0.00000
     2.48000     0.06534     0.10071     0.00000     0.00000     0.00000     0.00000     0.00000     0.00000
     2.48500     0.06536     0.10055     0.00000     0.00000     0.00000     0.00000     0.00000     0.00000
     2.49000     0.06537     0.10039     0.00000     0.00000     0.00000     0.00000     0.00000     0.00000
     2.49500     0.06539     0.10023     0.00000     0.00000     0.00000     0.00000     0.00000     0.00000
     2.50000     0.06540     0.10007     0.00000     0.00000     0.00000     0.00000     0.00000     0.00000
     2.50500     0.06541     0.09991     0.00000     0.00000     0.00000     0.00000     0.00000     0.00000
     2.51000     0.06542     0.09975     0.00000     0.00000     0.00000     0.00000     0.00000     0.00000
     2.51500     0.06543     0.09958     0.00000     0.00000     0.00000     0.00000     0.00000     0.00000
     2.52000     0.06543     0.09942     0.00000     0.00000     0.00000     0.00000     0.00000     0.00000
     2.52500     0.06543     0.09926     0.00000     0.00000     0.00000     0.00000     0.00000     0.00000
     2.53000     0.06543     0.09909     0.00000     0.00000     0.00000     0.00000     0.00000     0.00000
     2.53500     0.06543     0.09893     0.00000     0.00000     0.00000     0.00000     0.00000     0.00000
     2.54000     0.06543     0.09876     0.00000     0.00000     0.00000     0.00000     0.00000     0.00000
     2.54500     0.06542     0.09859     0.00000     0.00000     0.00000     0.00000     0.00000     0.00000
     2.55000     0.06542     0.09842     0.00000     0.00000     0.00000     0.00000     0.00000     0.00000
     2.55500     0.06541     0.09826     0.00000     0.00000     0.00000     0.00000     0.00000     0.00000
     2.56000     0.06540     0.09809     0.00000     0.00000     0.00000     0.00000     0.00000     0.00000
     2.56500     0.06538     0.09792     0.00000     0.00000     0.00000     0.00000     0.00000     0.00000
     2.57000     0.06537     0.09775     0.00000     0.00000     0.00000     0.00000     0.00000     0.00000
     2.57500     0.06535     0.09758     0.00000     0.00000     0.00000     0.00000     0.00000     0.00000
     2.58000     0.06534     0.09740     0.00000     0.00000     0.00000     0.00000     0.00000     0.00000
     2.58500     0.06532     0.09723     0.00000     0.00000     0.00000     0.00000     0.00000     0.00000
     2.59000     0.06530     0.09706     0.00000     0.00000     0.00000     0.00000     0.00000     0.00000
     2.59500     0.06527     0.09689     0.00000     0.00000     0.00000     0.00000     0.00000     0.00000
     2.60000     0.06525     0.09671     0.00000     0.00000     0.00000     0.00000     0.00000     0.00000
     2.60500     0.06522     0.09654     0.00000     0.00000     0.00000     0.00000     0.00000     0.00000
     2.61000     0.06519     0.09636     0.00000     0.00000     0.00000     0.00000     0.00000     0.00000
     2.61500     0.06516     0.09619     0.00000     0.00000     0.00000     0.00000     0.00000     0.00000
     2.62000     0.06513     0.09601     0.00000     0.00000     0.00000     0.00000     0.00000     0.00000
     2.62500     0.06510     0.09583     0.00000     0.00000     0.00000     0.00000     0.00000     0.00000
     2.63000     0.06507     0.09566     0.00000     0.00000     0.00000     0.00000     0.00000     0.00000
     2.63500     0.06503     0.09548     0.00000     0.00000     0.00000     0.00000     0.00000     0.00000
     2.64000     0.06499     0.09530     0.00000     0.00000     0.00000     0.00000     0.00000     0.00000
     2.64500     0.06496     0.09512     0.00000     0.00000     0.00000     0.00000     0.00000     0.00000
     2.65000     0.06492     0.09494     0.00000     0.00000     0.00000     0.00000     0.00000     0.00000
     2.65500     0.06487     0.09476     0.00000     0.00000     0.00000     0.00000     0.00000     0.00000
     2.66000     0.06483     0.09458     0.00000     0.00000     0.00000     0.00000     0.00000     0.00000
     2.66500     0.06479     0.09440     0.00000     0.00000     0.00000     0.00000     0.00000     0.00000
     2.67000     0.06474     0.09422     0.00000     0.00000     0.00000     0.00000     0.00000     0.00000
     2.67500     0.06469     0.09404     0.00000     0.00000     0.00000     0.00000     0.00000     0.00000
     2.68000     0.06465     0.09385     0.00000     0.00000     0.00000     0.00000     0.00000     0.00000
     2.68500     0.06459     0.09367     0.00000     0.00000     0.00000     0.00000     0.00000     0.00000
     2.69000     0.06454     0.09349     0.00000     0.00000     0.00000     0.00000     0.00000     0.00000
     2.69500     0.06449     0.09330     0.00000     0.00000     0.00000     0.00000     0.00000     0.00000
     2.70000     0.06444     0.09312     0.00000     0.00000     0.00000     0.00000     0.00000     0.00000
     2.70500     0.06438     0.09294     0.00000     0.00000     0.00000     0.00000     0.00000     0.00000
     2.71000     0.06432     0.09275     0.00000     0.00000     0.00000     0.00000     0.00000     0.00000
     2.71500     0.06427     0.09256     0.00000     0.00000     0.00000     0.00000     0.00000     0.00000
     2.72000     0.06421     0.09238     0.00000     0.00000     0.00000     0.00000     0.00000     0.00000
     2.72500     0.06415     0.09219     0.00000     0.00000     0.00000     0.00000     0.00000     0.00000
     2.73000     0.06408     0.09200     0.00000     0.00000     0.00000     0.00000     0.00000     0.00000
     2.73500     0.06402     0.09182     0.00000     0.00000     0.00000     0.00000     0.00000     0.00000
     2.74000     0.06396     0.09163     0.00000     0.00000     0.00000     0.00000     0.00000     0.00000
     2.74500     0.06389     0.09144     0.00000     0.00000     0.00000     0.00000     0.00000     0.00000
     2.75000     0.06383     0.09125     0.00000     0.00000     0.00000     0.00000     0.00000     0.00000
     2.75500     0.06376     0.09106     0.00000     0.00000     0.00000     0.00000     0.00000     0.00000
     2.76000     0.06369     0.09087     0.00000     0.00000     0.00000     0.00000     0.00000     0.00000
     2.76500     0.06362     0.09068     0.00000     0.00000     0.00000     0.00000     0.00000     0.00000
     2.77000     0.06355     0.09049     0.00000     0.00000     0.00000     0.00000     0.00000     0.00000
     2.77500     0.06347     0.09030     0.00000     0.00000     0.00000     0.00000     0.00000     0.00000
     2.78000     0.06340     0.09011     0.00000     0.00000     0.00000     0.00000     0.00000     0.00000
     2.78500     0.06333     0.08992     0.00000     0.00000     0.00000     0.00000     0.00000     0.00000
     2.79000     0.06325     0.08973     0.00000     0.00000     0.00000     0.00000     0.00000     0.00000
     2.79500     0.06317     0.08954     0.00000     0.00000     0.00000     0.00000     0.00000     0.00000
     2.80000     0.06310     0.08934     0.00000     0.00000     0.00000     0.00000     0.00000     0.00000
     2.80500     0.06302     0.08915     0.00000     0.00000     0.00000     0.00000     0.00000     0.00000
     2.81000     0.06294     0.08896     0.00000     0.00000     0.00000     0.00000     0.00000     0.00000
     2.81500     0.06286     0.08876     0.00000     0.00000     0.00000     0.00000     0.00000     0.00000
     2.82000     0.06277     0.08857     0.00000     0.00000     0.00000     0.00000     0.00000     0.00000
     2.82500     0.06269     0.08838     0.00000     0.00000     0.00000     0.00000     0.00000     0.00000
     2.83000     0.06261     0.08818     0.00000     0.00000     0.00000     0.00000     0.00000     0.00000
     2.83500     0.06252     0.08799     0.00000     0.00000     0.00000     0.00000     0.00000     0.00000
     2.84000     0.06244     0.08779     0.00000     0.00000     0.00000     0.00000     0.00000     0.00000
     2.84500     0.06235     0.08760     0.00000     0.00000     0.00000     0.00000     0.00000     0.00000
     2.85000     0.06226     0.08740     0.00000     0.00000     0.00000     0.00000     0.00000     0.00000
     2.85500     0.06217     0.08721     0.00000     0.00000     0.00000     0.00000     0.00000     0.00000
     2.86000     0.06208     0.08701     0.00000     0.00000     0.00000     0.00000     0.00000     0.00000
     2.86500     0.06199     0.08681     0.00000     0.00000     0.00000     0.00000     0.00000     0.00000
     2.87000     0.06190     0.08662     0.00000     0.00000     0.00000     0.00000     0.00000     0.00000
     2.87500     0.06181     0.08642     0.00000     0.00000     0.00000     0.00000     0.00000     0.00000
     2.88000     0.06172     0.08622     0.00000     0.00000     0.00000     0.00000     0.00000     0.00000
     2.88500     0.06162     0.08602     0.00000     0.00000     0.00000     0.00000     0.00000     0.00000
     2.89000     0.06153     0.08583     0.00000     0.00000     0.00000     0.00000     0.00000     0.00000
     2.89500     0.06143     0.08563     0.00000     0.00000     0.00000     0.00000     0.00000     0.00000
     2.90000     0.06134     0.08543     0.00000     0.00000     0.00000     0.00000     0.00000     0.00000
     2.90500     0.06124     0.08523     0.00000     0.00000     0.00000     0.00000     0.00000     0.00000
     2.91000     0.06114     0.08503     0.00000     0.00000     0.00000     0.00000     0.00000     0.00000
     2.91500     0.06104     0.08483     0.00000     0.00000     0.00000     0.00000     0.00000     0.00000
     2.92000     0.06094     0.08463     0.00000     0.00000     0.00000     0.00000     0.00000     0.00000
     2.92500     0.06084     0.08443     0.00000     0.00000     0.00000     0.00000     0.00000     0.00000
     2.93000     0.06074     0.08424     0.00000     0.00000     0.00000     0.00000     0.00000     0.00000
     2.93500     0.06064     0.08404     0.00000     0.00000     0.00000     0.00000     0.00000     0.00000
     2.94000     0.06054     0.08384     0.00000     0.00000     0.00000     0.00000     0.00000     0.00000
     2.94500     0.06044     0.08364     0.00000     0.00000     0.00000     0.00000     0.00000     0.00000
     2.95000     0.06033     0.08343     0.00000     0.00000     0.00000     0.00000     0.00000     0.00000
     2.95500     0.06023     0.08323     0.00000     0.00000     0.00000     0.00000     0.00000     0.00000
     2.96000     0.06012     0.08303     0.00000     0.00000     0.00000     0.00000     0.00000     0.00000
     2.96500     0.06002     0.08283     0.00000     0.00000     0.00000     0.00000     0.00000     0.00000
     2.97000     0.05991     0.08263     0.00000     0.00000     0.00000     0.00000     0.00000     0.00000
     2.97500     0.05980     0.08243     0.00000     0.00000     0.00000     0.00000     0.00000     0.00000
     2.98000     0.05969     0.08223     0.00000     0.00000     0.00000     0.00000     0.00000     0.00000
     2.98500     0.05958     0.08203     0.00000     0.00000     0.00000     0.00000     0.00000     0.00000
     2.99000     0.05948     0.08183     0.00000     0.00000     0.00000     0.00000     0.00000     0.00000
     2.99500     0.05937     0.08162     0.00000     0.00000     0.00000     0.00000     0.00000     0.00000
     3.00000     0.05925     0.08142     0.00000     0.00000     0.00000     0.00000     0.00000     0.00000
     3.00500     0.05914     0.08122     0.00000     0.00000     0.00000     0.00000     0.00000     0.00000
     3.01000     0.05903     0.08102     0.00000     0.00000     0.00000     0.00000     0.00000     0.00000
     3.01500     0.05892     0.08082     0.00000     0.00000     0.00000     0.00000     0.00000     0.00000
     3.02000     0.05881     0.08061     0.00000     0.00000     0.00000     0.00000     0.00000     0.00000
     3.02500     0.05869     0.08041     0.00000     0.00000     0.00000     0.00000     0.00000     0.00000
     3.03000     0.05858     0.08021     0.00000     0.00000     0.00000     0.00000     0.00000     0.00000
     3.03500     0.05846     0.08000     0.00000     0.00000     0.00000     0.00000     0.00000     0.00000
     3.04000     0.05835     0.07980     0.00000     0.00000     0.00000     0.00000     0.00000     0.00000
     3.04500     0.05823     0.07960     0.00000     0.00000     0.00000     0.00000     0.00000     0.00000
     3.05000     0.05812     0.07940     0.00000     0.00000     0.00000     0.00000     0.00000     0.00000
     3.05500     0.05800     0.07919     0.00000     0.00000     0.00000     0.00000     0.00000     0.00000
     3.06000     0.05788     0.07899     0.00000     0.00000     0.00000     0.00000     0.00000     0.00000
     3.06500     0.05777     0.07879     0.00000     0.00000     0.00000     0.00000     0.00000     0.00000
     3.07000     0.05765     0.07858     0.00000     0.00000     0.00000     0.00000     0.00000     0.00000
     3.07500     0.05753     0.07838     0.00000     0.00000     0.00000     0.00000     0.00000     0.00000
     3.08000     0.05741     0.07818     0.00000     0.00000     0.00000     0.00000     0.00000     0.00000
     3.08500     0.05729     0.07797     0.00000     0.00000     0.00000     0.00000     0.00000     0.00000
     3.09000     0.05717     0.07777     0.00000     0.00000     0.00000     0.00000     0.00000     0.00000
     3.09500     0.05705     0.07757     0.00000     0.00000     0.00000     0.00000     0.00000     0.00000
     3.10000     0.05693     0.07736     0.00000     0.00000     0.00000     0.00000     0.00000     0.00000
     3.10500     0.05681     0.07716     0.00000     0.00000     0.00000     0.00000     0.00000     0.00000
     3.11000     0.05668     0.07695     0.00000     0.00000     0.00000     0.00000     0.00000     0.00000
     3.11500     0.05656     0.07675     0.00000     0.00000     0.00000     0.00000     0.00000     0.00000
     3.12000     0.05644     0.07655     0.00000     0.00000     0.00000     0.00000     0.00000     0.00000
     3.12500     0.05632     0.07634     0.00000     0.00000     0.00000     0.00000     0.00000     0.00000
     3.13000     0.05619     0.07614     0.00000     0.00000     0.00000     0.00000     0.00000     0.00000
     3.13500     0.05607     0.07593     0.00000     0.00000     0.00000     0.00000     0.00000     0.00000
     3.14000     0.05594     0.07573     0.00000     0.00000     0.00000     0.00000     0.00000     0.00000
     3.14500     0.05582     0.07553     0.00000     0.00000     0.00000     0.00000     0.00000     0.00000
     3.15000     0.05570     0.07532     0.00000     0.00000     0.00000     0.00000     0.00000     0.00000
     3.15500     0.05557     0.07512     0.00000     0.00000     0.00000     0.00000     0.00000     0.00000
     3.16000     0.05544     0.07492     0.00000     0.00000     0.00000     0.00000     0.00000     0.00000
     3.16500     0.05532     0.07471     0.00000     0.00000     0.00000     0.00000     0.00000     0.00000
     3.17000     0.05519     0.07451     0.00000     0.00000     0.00000     0.00000     0.00000     0.00000
     3.17500     0.05506     0.07430     0.00000     0.00000     0.00000     0.00000     0.00000     0.00000
     3.18000     0.05494     0.07410     0.00000     0.00000     0.00000     0.00000     0.00000     0.00000
     3.18500     0.05481     0.07390     0.00000     0.00000     0.00000     0.00000     0.00000     0.00000
     3.19000     0.05468     0.07369     0.00000     0.00000     0.00000     0.00000     0.00000     0.00000
     3.19500     0.05455     0.07349     0.00000     0.00000     0.00000     0.00000     0.00000     0.00000
     3.20000     0.05443     0.07329     0.00000     0.00000     0.00000     0.00000     0.00000     0.00000
     3.20500     0.05430     0.07308     0.00000     0.00000     0.00000     0.00000     0.00000     0.00000
     3.21000     0.05417     0.07288     0.00000     0.00000     0.00000     0.00000     0.00000     0.00000
     3.21500     0.05404     0.07268     0.00000     0.00000     0.00000     0.00000     0.00000     0.00000
     3.22000     0.05391     0.07247     0.00000     0.00000     0.00000     0.00000     0.00000     0.00000
     3.22500     0.05378     0.07227     0.00000     0.00000     0.00000     0.00000     0.00000     0.00000
     3.23000     0.05365     0.07207     0.00000     0.00000     0.00000     0.00000     0.00000     0.00000
     3.23500     0.05352     0.07186     0.00000     0.00000     0.00000     0.00000     0.00000     0.00000
     3.24000     0.05339     0.07166     0.00000     0.00000     0.00000     0.00000     0.00000     0.00000
     3.24500     0.05326     0.07146     0.00000     0.00000     0.00000     0.00000     0.00000     0.00000
     3.25000     0.05313     0.07125     0.00000     0.00000     0.00000     0.00000     0.00000     0.00000
     3.25500     0.05300     0.07105     0.00000     0.00000     0.00000     0.00000     0.00000     0.00000
     3.26000     0.05287     0.07085     0.00000     0.00000     0.00000     0.00000     0.00000     0.00000
     3.26500     0.05273     0.07064     0.00000     0.00000     0.00000     0.00000     0.00000     0.00000
     3.27000     0.05260     0.07044     0.00000     0.00000     0.00000     0.00000     0.00000     0.00000
     3.27500     0.05247     0.07024     0.00000     0.00000     0.00000     0.00000     0.00000     0.00000
     3.28000     0.05234     0.07004     0.00000     0.00000     0.00000     0.00000     0.00000     0.00000
     3.28500     0.05221     0.06984     0.00000     0.00000     0.00000     0.00000     0.00000     0.00000
     3.29000     0.05207     0.06963     0.00000     0.00000     0.00000     0.00000     0.00000     0.00000
     3.29500     0.05194     0.06943     0.00000     0.00000     0.00000     0.00000     0.00000     0.00000
     3.30000     0.05181     0.06923     0.00000     0.00000     0.00000     0.00000     0.00000     0.00000
     3.30500     0.05167     0.06903     0.00000     0.00000     0.00000     0.00000     0.00000     0.00000
     3.31000     0.05154     0.06883     0.00000     0.00000     0.00000     0.00000     0.00000     0.00000
     3.31500     0.05141     0.06862     0.00000     0.00000     0.00000     0.00000     0.00000     0.00000
     3.32000     0.05127     0.06842     0.00000     0.00000     0.00000     0.00000     0.00000     0.00000
     3.32500     0.05114     0.06822     0.00000     0.00000     0.00000     0.00000     0.00000     0.00000
     3.33000     0.05101     0.06802     0.00000     0.00000     0.00000     0.00000     0.00000     0.00000
     3.33500     0.05087     0.06782     0.00000     0.00000     0.00000     0.00000     0.00000     0.00000
     3.34000     0.05074     0.06762     0.00000     0.00000     0.00000     0.00000     0.00000     0.00000
     3.34500     0.05060     0.06742     0.00000     0.00000     0.00000     0.00000     0.00000     0.00000
     3.35000     0.05047     0.06722     0.00000     0.00000     0.00000     0.00000     0.00000     0.00000
     3.35500     0.05033     0.06702     0.00000     0.00000     0.00000     0.00000     0.00000     0.00000
     3.36000     0.05020     0.06682     0.00000     0.00000     0.00000     0.00000     0.00000     0.00000
     3.36500     0.05006     0.06662     0.00000     0.00000     0.00000     0.00000     0.00000     0.00000
     3.37000     0.04993     0.06642     0.00000     0.00000     0.00000     0.00000     0.00000     0.00000
     3.37500     0.04979     0.06622     0.00000     0.00000     0.00000     0.00000     0.00000     0.00000
     3.38000     0.04966     0.06602     0.00000     0.00000     0.00000     0.00000     0.00000     0.00000
     3.38500     0.04952     0.06582     0.00000     0.00000     0.00000     0.00000     0.00000     0.00000
     3.39000     0.04939     0.06562     0.00000     0.00000     0.00000     0.00000     0.00000     0.00000
     3.39500     0.04925     0.06542     0.00000     0.00000     0.00000     0.00000     0.00000     0.00000
     3.40000     0.04912     0.06522     0.00000     0.00000     0.00000     0.00000     0.00000     0.00000
     3.40500     0.04898     0.06502     0.00000     0.00000     0.00000     0.00000     0.00000     0.00000
     3.41000     0.04885     0.06482     0.00000     0.00000     0.00000     0.00000     0.00000     0.00000
     3.41500     0.04871     0.06462     0.00000     0.00000     0.00000     0.00000     0.00000     0.00000
     3.42000     0.04858     0.06443     0.00000     0.00000     0.00000     0.00000     0.00000     0.00000
     3.42500     0.04844     0.06423     0.00000     0.00000     0.00000     0.00000     0.00000     0.00000
     3.43000     0.04831     0.06403     0.00000     0.00000     0.00000     0.00000     0.00000     0.00000
     3.43500     0.04817     0.06383     0.00000     0.00000     0.00000     0.00000     0.00000     0.00000
     3.44000     0.04803     0.06364     0.00000     0.00000     0.00000     0.00000     0.00000     0.00000
     3.44500     0.04790     0.06344     0.00000     0.00000     0.00000     0.00000     0.00000     0.00000
     3.45000     0.04776     0.06324     0.00000     0.00000     0.00000     0.00000     0.00000     0.00000
     3.45500     0.04763     0.06305     0.00000     0.00000     0.00000     0.00000     0.00000     0.00000
     3.46000     0.04749     0.06285     0.00000     0.00000     0.00000     0.00000     0.00000     0.00000
     3.46500     0.04735     0.06265     0.00000     0.00000     0.00000     0.00000     0.00000     0.00000
     3.47000     0.04722     0.06246     0.00000     0.00000     0.00000     0.00000     0.00000     0.00000
     3.47500     0.04708     0.06226     0.00000     0.00000     0.00000     0.00000     0.00000     0.00000
     3.48000     0.04695     0.06207     0.00000     0.00000     0.00000     0.00000     0.00000     0.00000
     3.48500     0.04681     0.06187     0.00000     0.00000     0.00000     0.00000     0.00000     0.00000
     3.49000     0.04667     0.06168     0.00000     0.00000     0.00000     0.00000     0.00000     0.00000
     3.49500     0.04654     0.06148     0.00000     0.00000     0.00000     0.00000     0.00000     0.00000
     3.50000     0.04640     0.06129     0.00000     0.00000     0.00000     0.00000     0.00000     0.00000
     3.50500     0.04627     0.06109     0.00000     0.00000     0.00000     0.00000     0.00000     0.00000
     3.51000     0.04613     0.06090     0.00000     0.00000     0.00000     0.00000     0.00000     0.00000
     3.51500     0.04599     0.06070     0.00000     0.00000     0.00000     0.00000     0.00000     0.00000
     3.52000     0.04586     0.06051     0.00000     0.00000     0.00000     0.00000     0.00000     0.00000
     3.52500     0.04572     0.06032     0.00000     0.00000     0.00000     0.00000     0.00000     0.00000
     3.53000     0.04559     0.06012     0.00000     0.00000     0.00000     0.00000     0.00000     0.00000
     3.53500     0.04545     0.05993     0.00000     0.00000     0.00000     0.00000     0.00000     0.00000
     3.54000     0.04532     0.05974     0.00000     0.00000     0.00000     0.00000     0.00000     0.00000
     3.54500     0.04518     0.05955     0.00000     0.00000     0.00000     0.00000     0.00000     0.00000
     3.55000     0.04504     0.05935     0.00000     0.00000     0.00000     0.00000     0.00000     0.00000
     3.55500     0.04491     0.05916     0.00000     0.00000     0.00000     0.00000     0.00000     0.00000
     3.56000     0.04477     0.05897     0.00000     0.00000     0.00000     0.00000     0.00000     0.00000
     3.56500     0.04464     0.05878     0.00000     0.00000     0.00000     0.00000     0.00000     0.00000
     3.57000     0.04450     0.05859     0.00000     0.00000     0.00000     0.00000     0.00000     0.00000
     3.57500     0.04437     0.05840     0.00000     0.00000     0.00000     0.00000     0.00000     0.00000
     3.58000     0.04423     0.05821     0.00000     0.00000     0.00000     0.00000     0.00000     0.00000
     3.58500     0.04410     0.05802     0.00000     0.00000     0.00000     0.00000     0.00000     0.00000
     3.59000     0.04396     0.05783     0.00000     0.00000     0.00000     0.00000     0.00000     0.00000
     3.59500     0.04383     0.05764     0.00000     0.00000     0.00000     0.00000     0.00000     0.00000
     3.60000     0.04369     0.05745     0.00000     0.00000     0.00000     0.00000     0.00000     0.00000
     3.60500     0.04356     0.05726     0.00000     0.00000     0.00000     0.00000     0.00000     0.00000
     3.61000     0.04342     0.05707     0.00000     0.00000     0.00000     0.00000     0.00000     0.00000
     3.61500     0.04329     0.05688     0.00000     0.00000     0.00000     0.00000     0.00000     0.00000
     3.62000     0.04315     0.05669     0.00000     0.00000     0.00000     0.00000     0.00000     0.00000
     3.62500     0.04302     0.05650     0.00000     0.00000     0.00000     0.00000     0.00000     0.00000
     3.63000     0.04288     0.05632     0.00000     0.00000     0.00000     0.00000     0.00000     0.00000
     3.63500     0.04275     0.05613     0.00000     0.00000     0.00000     0.00000     0.00000     0.00000
     3.64000     0.04262     0.05594     0.00000     0.00000     0.00000     0.00000     0.00000     0.00000
     3.64500     0.04248     0.05576     0.00000     0.00000     0.00000     0.00000     0.00000     0.00000
     3.65000     0.04235     0.05557     0.00000     0.00000     0.00000     0.00000     0.00000     0.00000
     3.65500     0.04221     0.05538     0.00000     0.00000     0.00000     0.00000     0.00000     0.00000
     3.66000     0.04208     0.05520     0.00000     0.00000     0.00000     0.00000     0.00000     0.00000
     3.66500     0.04195     0.05501     0.00000     0.00000     0.00000     0.00000     0.00000     0.00000
     3.67000     0.04181     0.05483     0.00000     0.00000     0.00000     0.00000     0.00000     0.00000
     3.67500     0.04168     0.05464     0.00000     0.00000     0.00000     0.00000     0.00000     0.00000
     3.68000     0.04155     0.05446     0.00000     0.00000     0.00000     0.00000     0.00000     0.00000
     3.68500     0.04141     0.05427     0.00000     0.00000     0.00000     0.00000     0.00000     0.00000
     3.69000     0.04128     0.05409     0.00000     0.00000     0.00000     0.00000     0.00000     0.00000
     3.69500     0.04115     0.05391     0.00000     0.00000     0.00000     0.00000     0.00000     0.00000
     3.70000     0.04102     0.05372     0.00000     0.00000     0.00000     0.00000     0.00000     0.00000
     3.70500     0.04088     0.05354     0.00000     0.00000     0.00000     0.00000     0.00000     0.00000
     3.71000     0.04075     0.05336     0.00000     0.00000     0.00000     0.00000     0.00000     0.00000
     3.71500     0.04062     0.05318     0.00000     0.00000     0.00000     0.00000     0.00000     0.00000
     3.72000     0.04049     0.05299     0.00000     0.00000     0.00000     0.00000     0.00000     0.00000
     3.72500     0.04035     0.05281     0.00000     0.00000     0.00000     0.00000     0.00000     0.00000
     3.73000     0.04022     0.05263     0.00000     0.00000     0.00000     0.00000     0.00000     0.00000
     3.73500     0.04009     0.05245     0.00000     0.00000     0.00000     0.00000     0.00000     0.00000
     3.74000     0.03996     0.05227     0.00000     0.00000     0.00000     0.00000     0.00000     0.00000
     3.74500     0.03983     0.05209     0.00000     0.00000     0.00000     0.00000     0.00000     0.00000
     3.75000     0.03970     0.05191     0.00000     0.00000     0.00000     0.00000     0.00000     0.00000
     3.75500     0.03957     0.05173     0.00000     0.00000     0.00000     0.00000     0.00000     0.00000
     3.76000     0.03943     0.05155     0.00000     0.00000     0.00000     0.00000     0.00000     0.00000
     3.76500     0.03930     0.05137     0.00000     0.00000     0.00000     0.00000     0.00000     0.00000
     3.77000     0.03917     0.05119     0.00000     0.00000     0.00000     0.00000     0.00000     0.00000
     3.77500     0.03904     0.05101     0.00000     0.00000     0.00000     0.00000     0.00000     0.00000
     3.78000     0.03891     0.05084     0.00000     0.00000     0.00000     0.00000     0.00000     0.00000
     3.78500     0.03878     0.05066     0.00000     0.00000     0.00000     0.00000     0.00000     0.00000
     3.79000     0.03865     0.05048     0.00000     0.00000     0.00000     0.00000     0.00000     0.00000
     3.79500     0.03852     0.05030     0.00000     0.00000     0.00000     0.00000     0.00000     0.00000
     3.80000     0.03839     0.05013     0.00000     0.00000     0.00000     0.00000     0.00000     0.00000
     3.80500     0.03826     0.04995     0.00000     0.00000     0.00000     0.00000     0.00000     0.00000
     3.81000     0.03814     0.04978     0.00000     0.00000     0.00000     0.00000     0.00000     0.00000
     3.81500     0.03801     0.04960     0.00000     0.00000     0.00000     0.00000     0.00000     0.00000
     3.82000     0.03788     0.04943     0.00000     0.00000     0.00000     0.00000     0.00000     0.00000
     3.82500     0.03775     0.04925     0.00000     0.00000     0.00000     0.00000     0.00000     0.00000
     3.83000     0.03762     0.04908     0.00000     0.00000     0.00000     0.00000     0.00000     0.00000
     3.83500     0.03749     0.04890     0.00000     0.00000     0.00000     0.00000     0.00000     0.00000
     3.84000     0.03736     0.04873     0.00000     0.00000     0.00000     0.00000     0.00000     0.00000
     3.84500     0.03724     0.04856     0.00000     0.00000     0.00000     0.00000     0.00000     0.00000
     3.85000     0.03711     0.04838     0.00000     0.00000     0.00000     0.00000     0.00000     0.00000
     3.85500     0.03698     0.04821     0.00000     0.00000     0.00000     0.00000     0.00000     0.00000
     3.86000     0.03686     0.04804     0.00000     0.00000     0.00000     0.00000     0.00000     0.00000
     3.86500     0.03673     0.04787     0.00000     0.00000     0.00000     0.00000     0.00000     0.00000
     3.87000     0.03660     0.04769     0.00000     0.00000     0.00000     0.00000     0.00000     0.00000
     3.87500     0.03648     0.04752     0.00000     0.00000     0.00000     0.00000     0.00000     0.00000
     3.88000     0.03635     0.04735     0.00000     0.00000     0.00000     0.00000     0.00000     0.00000
     3.88500     0.03622     0.04718     0.00000     0.00000     0.00000     0.00000     0.00000     0.00000
     3.89000     0.03610     0.04701     0.00000     0.00000     0.00000     0.00000     0.00000     0.00000
     3.89500     0.03597     0.04684     0.00000     0.00000     0.00000     0.00000     0.00000     0.00000
     3.90000     0.03585     0.04667     0.00000     0.00000     0.00000     0.00000     0.00000     0.00000
     3.90500     0.03572     0.04650     0.00000     0.00000     0.00000     0.00000     0.00000     0.00000
     3.91000     0.03560     0.04634     0.00000     0.00000     0.00000     0.00000     0.00000     0.00000
     3.91500     0.03547     0.04617     0.00000     0.00000     0.00000     0.00000     0.00000     0.00000
     3.92000     0.03535     0.04600     0.00000     0.00000     0.00000     0.00000     0.00000     0.00000
     3.92500     0.03522     0.04583     0.00000     0.00000     0.00000     0.00000     0.00000     0.00000
     3.93000     0.03510     0.04567     0.00000     0.00000     0.00000     0.00000     0.00000     0.00000
     3.93500     0.03497     0.04550     0.00000     0.00000     0.00000     0.00000     0.00000     0.00000
     3.94000     0.03485     0.04533     0.00000     0.00000     0.00000     0.00000     0.00000     0.00000
     3.94500     0.03473     0.04517     0.00000     0.00000     0.00000     0.00000     0.00000     0.00000
     3.95000     0.03460     0.04500     0.00000     0.00000     0.00000     0.00000     0.00000     0.00000
     3.95500     0.03448     0.04484     0.00000     0.00000     0.00000     0.00000     0.00000     0.00000
     3.96000     0.03436     0.04467     0.00000     0.00000     0.00000     0.00000     0.00000     0.00000
     3.96500     0.03424     0.04451     0.00000     0.00000     0.00000     0.00000     0.00000     0.00000
     3.97000     0.03411     0.04434     0.00000     0.00000     0.00000     0.00000     0.00000     0.00000
     3.97500     0.03399     0.04418     0.00000     0.00000     0.00000     0.00000     0.00000     0.00000
     3.98000     0.03387     0.04402     0.00000     0.00000     0.00000     0.00000     0.00000     0.00000
     3.98500     0.03375     0.04385     0.00000     0.00000     0.00000     0.00000     0.00000     0.00000
     3.99000     0.03363     0.04369     0.00000     0.00000     0.00000     0.00000     0.00000     0.00000
     3.99500     0.03351     0.04353     0.00000     0.00000     0.00000     0.00000     0.00000     0.00000
     4.00000     0.03339     0.04337     0.00000     0.00000     0.00000     0.00000     0.00000     0.00000
