 # P13_1720 FF
     0.00000    -0.16040     0.38787     0.03907     0.00000     0.00000     0.00000     0.14697     0.00000
     0.00500    -0.15893     0.38000     0.04785     0.00000     0.00000     0.00000     0.14551     0.00000
     0.01000    -0.15747     0.37230     0.05634     0.00000     0.00000     0.00000     0.14407     0.00000
     0.01500    -0.15603     0.36475     0.06455     0.00000     0.00000     0.00000     0.14266     0.00000
     0.02000    -0.15461     0.35736     0.07248     0.00000     0.00000     0.00000     0.14126     0.00000
     0.02500    -0.15321     0.35012     0.08015     0.00000     0.00000     0.00000     0.13989     0.00000
     0.03000    -0.15182     0.34303     0.08756     0.00000     0.00000     0.00000     0.13853     0.00000
     0.03500    -0.15044     0.33608     0.09472     0.00000     0.00000     0.00000     0.13720     0.00000
     0.04000    -0.14908     0.32928     0.10164     0.00000     0.00000     0.00000     0.13588     0.00000
     0.04500    -0.14774     0.32261     0.10831     0.00000     0.00000     0.00000     0.13458     0.00000
     0.05000    -0.14641     0.31608     0.11476     0.00000     0.00000     0.00000     0.13330     0.00000
     0.05500    -0.14510     0.30969     0.12098     0.00000     0.00000     0.00000     0.13204     0.00000
     0.06000    -0.14380     0.30342     0.12698     0.00000     0.00000     0.00000     0.13080     0.00000
     0.06500    -0.14252     0.29728     0.13278     0.00000     0.00000     0.00000     0.12957     0.00000
     0.07000    -0.14125     0.29126     0.13836     0.00000     0.00000     0.00000     0.12837     0.00000
     0.07500    -0.13999     0.28536     0.14374     0.00000     0.00000     0.00000     0.12718     0.00000
     0.08000    -0.13875     0.27959     0.14893     0.00000     0.00000     0.00000     0.12600     0.00000
     0.08500    -0.13752     0.27393     0.15393     0.00000     0.00000     0.00000     0.12484     0.00000
     0.09000    -0.13630     0.26838     0.15874     0.00000     0.00000     0.00000     0.12370     0.00000
     0.09500    -0.13510     0.26295     0.16338     0.00000     0.00000     0.00000     0.12257     0.00000
     0.10000    -0.13390     0.25762     0.16784     0.00000     0.00000     0.00000     0.12146     0.00000
     0.10500    -0.13273     0.25240     0.17213     0.00000     0.00000     0.00000     0.12036     0.00000
     0.11000    -0.13156     0.24729     0.17626     0.00000     0.00000     0.00000     0.11928     0.00000
     0.11500    -0.13041     0.24228     0.18022     0.00000     0.00000     0.00000     0.11821     0.00000
     0.12000    -0.12926     0.23737     0.18403     0.00000     0.00000     0.00000     0.11716     0.00000
     0.12500    -0.12813     0.23255     0.18769     0.00000     0.00000     0.00000     0.11612     0.00000
     0.13000    -0.12702     0.22783     0.19120     0.00000     0.00000     0.00000     0.11510     0.00000
     0.13500    -0.12591     0.22321     0.19457     0.00000     0.00000     0.00000     0.11408     0.00000
     0.14000    -0.12481     0.21867     0.19780     0.00000     0.00000     0.00000     0.11309     0.00000
     0.14500    -0.12373     0.21423     0.20089     0.00000     0.00000     0.00000     0.11210     0.00000
     0.15000    -0.12266     0.20987     0.20386     0.00000     0.00000     0.00000     0.11113     0.00000
     0.15500    -0.12159     0.20560     0.20669     0.00000     0.00000     0.00000     0.11017     0.00000
     0.16000    -0.12054     0.20142     0.20940     0.00000     0.00000     0.00000     0.10922     0.00000
     0.16500    -0.11950     0.19732     0.21199     0.00000     0.00000     0.00000     0.10828     0.00000
     0.17000    -0.11847     0.19329     0.21446     0.00000     0.00000     0.00000     0.10736     0.00000
     0.17500    -0.11745     0.18935     0.21682     0.00000     0.00000     0.00000     0.10645     0.00000
     0.18000    -0.11644     0.18548     0.21907     0.00000     0.00000     0.00000     0.10555     0.00000
     0.18500    -0.11544     0.18169     0.22121     0.00000     0.00000     0.00000     0.10466     0.00000
     0.19000    -0.11445     0.17798     0.22324     0.00000     0.00000     0.00000     0.10378     0.00000
     0.19500    -0.11347     0.17433     0.22518     0.00000     0.00000     0.00000     0.10292     0.00000
     0.20000    -0.11250     0.17076     0.22701     0.00000     0.00000     0.00000     0.10206     0.00000
     0.20500    -0.11154     0.16726     0.22875     0.00000     0.00000     0.00000     0.10122     0.00000
     0.21000    -0.11059     0.16382     0.23039     0.00000     0.00000     0.00000     0.10038     0.00000
     0.21500    -0.10965     0.16046     0.23195     0.00000     0.00000     0.00000     0.09956     0.00000
     0.22000    -0.10871     0.15715     0.23342     0.00000     0.00000     0.00000     0.09874     0.00000
     0.22500    -0.10779     0.15392     0.23480     0.00000     0.00000     0.00000     0.09794     0.00000
     0.23000    -0.10687     0.15074     0.23609     0.00000     0.00000     0.00000     0.09714     0.00000
     0.23500    -0.10597     0.14763     0.23731     0.00000     0.00000     0.00000     0.09636     0.00000
     0.24000    -0.10507     0.14457     0.23845     0.00000     0.00000     0.00000     0.09558     0.00000
     0.24500    -0.10418     0.14158     0.23951     0.00000     0.00000     0.00000     0.09482     0.00000
     0.25000    -0.10330     0.13864     0.24050     0.00000     0.00000     0.00000     0.09406     0.00000
     0.25500    -0.10243     0.13576     0.24142     0.00000     0.00000     0.00000     0.09331     0.00000
     0.26000    -0.10156     0.13294     0.24226     0.00000     0.00000     0.00000     0.09257     0.00000
     0.26500    -0.10071     0.13017     0.24304     0.00000     0.00000     0.00000     0.09184     0.00000
     0.27000    -0.09986     0.12745     0.24375     0.00000     0.00000     0.00000     0.09112     0.00000
     0.27500    -0.09902     0.12479     0.24440     0.00000     0.00000     0.00000     0.09041     0.00000
     0.28000    -0.09819     0.12217     0.24499     0.00000     0.00000     0.00000     0.08970     0.00000
     0.28500    -0.09736     0.11961     0.24552     0.00000     0.00000     0.00000     0.08900     0.00000
     0.29000    -0.09655     0.11709     0.24599     0.00000     0.00000     0.00000     0.08832     0.00000
     0.29500    -0.09574     0.11463     0.24640     0.00000     0.00000     0.00000     0.08764     0.00000
     0.30000    -0.09494     0.11221     0.24675     0.00000     0.00000     0.00000     0.08696     0.00000
     0.30500    -0.09414     0.10984     0.24706     0.00000     0.00000     0.00000     0.08630     0.00000
     0.31000    -0.09336     0.10751     0.24731     0.00000     0.00000     0.00000     0.08564     0.00000
     0.31500    -0.09258     0.10522     0.24751     0.00000     0.00000     0.00000     0.08499     0.00000
     0.32000    -0.09181     0.10299     0.24766     0.00000     0.00000     0.00000     0.08435     0.00000
     0.32500    -0.09104     0.10079     0.24777     0.00000     0.00000     0.00000     0.08371     0.00000
     0.33000    -0.09028     0.09863     0.24783     0.00000     0.00000     0.00000     0.08308     0.00000
     0.33500    -0.08953     0.09652     0.24784     0.00000     0.00000     0.00000     0.08246     0.00000
     0.34000    -0.08879     0.09445     0.24781     0.00000     0.00000     0.00000     0.08185     0.00000
     0.34500    -0.08805     0.09241     0.24774     0.00000     0.00000     0.00000     0.08124     0.00000
     0.35000    -0.08732     0.09042     0.24763     0.00000     0.00000     0.00000     0.08064     0.00000
     0.35500    -0.08660     0.08846     0.24749     0.00000     0.00000     0.00000     0.08005     0.00000
     0.36000    -0.08588     0.08654     0.24730     0.00000     0.00000     0.00000     0.07946     0.00000
     0.36500    -0.08517     0.08465     0.24707     0.00000     0.00000     0.00000     0.07888     0.00000
     0.37000    -0.08447     0.08280     0.24681     0.00000     0.00000     0.00000     0.07830     0.00000
     0.37500    -0.08377     0.08099     0.24652     0.00000     0.00000     0.00000     0.07773     0.00000
     0.38000    -0.08308     0.07921     0.24619     0.00000     0.00000     0.00000     0.07717     0.00000
     0.38500    -0.08239     0.07747     0.24583     0.00000     0.00000     0.00000     0.07662     0.00000
     0.39000    -0.08171     0.07575     0.24544     0.00000     0.00000     0.00000     0.07607     0.00000
     0.39500    -0.08104     0.07407     0.24502     0.00000     0.00000     0.00000     0.07552     0.00000
     0.40000    -0.08037     0.07243     0.24457     0.00000     0.00000     0.00000     0.07498     0.00000
     0.40500    -0.07971     0.07081     0.24409     0.00000     0.00000     0.00000     0.07445     0.00000
     0.41000    -0.07906     0.06922     0.24358     0.00000     0.00000     0.00000     0.07392     0.00000
     0.41500    -0.07841     0.06767     0.24304     0.00000     0.00000     0.00000     0.07340     0.00000
     0.42000    -0.07776     0.06614     0.24249     0.00000     0.00000     0.00000     0.07289     0.00000
     0.42500    -0.07713     0.06464     0.24190     0.00000     0.00000     0.00000     0.07238     0.00000
     0.43000    -0.07649     0.06317     0.24129     0.00000     0.00000     0.00000     0.07187     0.00000
     0.43500    -0.07587     0.06173     0.24066     0.00000     0.00000     0.00000     0.07137     0.00000
     0.44000    -0.07525     0.06031     0.24001     0.00000     0.00000     0.00000     0.07088     0.00000
     0.44500    -0.07463     0.05893     0.23933     0.00000     0.00000     0.00000     0.07039     0.00000
     0.45000    -0.07402     0.05756     0.23864     0.00000     0.00000     0.00000     0.06990     0.00000
     0.45500    -0.07341     0.05623     0.23792     0.00000     0.00000     0.00000     0.06942     0.00000
     0.46000    -0.07281     0.05492     0.23719     0.00000     0.00000     0.00000     0.06895     0.00000
     0.46500    -0.07222     0.05363     0.23643     0.00000     0.00000     0.00000     0.06848     0.00000
     0.47000    -0.07163     0.05237     0.23566     0.00000     0.00000     0.00000     0.06801     0.00000
     0.47500    -0.07105     0.05113     0.23487     0.00000     0.00000     0.00000     0.06755     0.00000
     0.48000    -0.07047     0.04992     0.23407     0.00000     0.00000     0.00000     0.06710     0.00000
     0.48500    -0.06989     0.04872     0.23325     0.00000     0.00000     0.00000     0.06664     0.00000
     0.49000    -0.06933     0.04755     0.23241     0.00000     0.00000     0.00000     0.06620     0.00000
     0.49500    -0.06876     0.04641     0.23156     0.00000     0.00000     0.00000     0.06576     0.00000
     0.50000    -0.06820     0.04528     0.23069     0.00000     0.00000     0.00000     0.06532     0.00000
     0.50500    -0.06765     0.04418     0.22981     0.00000     0.00000     0.00000     0.06489     0.00000
     0.51000    -0.06710     0.04309     0.22892     0.00000     0.00000     0.00000     0.06446     0.00000
     0.51500    -0.06655     0.04203     0.22802     0.00000     0.00000     0.00000     0.06403     0.00000
     0.52000    -0.06601     0.04099     0.22710     0.00000     0.00000     0.00000     0.06361     0.00000
     0.52500    -0.06548     0.03997     0.22617     0.00000     0.00000     0.00000     0.06319     0.00000
     0.53000    -0.06495     0.03896     0.22523     0.00000     0.00000     0.00000     0.06278     0.00000
     0.53500    -0.06442     0.03798     0.22428     0.00000     0.00000     0.00000     0.06237     0.00000
     0.54000    -0.06390     0.03701     0.22332     0.00000     0.00000     0.00000     0.06197     0.00000
     0.54500    -0.06338     0.03606     0.22235     0.00000     0.00000     0.00000     0.06157     0.00000
     0.55000    -0.06287     0.03513     0.22137     0.00000     0.00000     0.00000     0.06117     0.00000
     0.55500    -0.06236     0.03422     0.22038     0.00000     0.00000     0.00000     0.06078     0.00000
     0.56000    -0.06186     0.03333     0.21939     0.00000     0.00000     0.00000     0.06039     0.00000
     0.56500    -0.06136     0.03245     0.21838     0.00000     0.00000     0.00000     0.06001     0.00000
     0.57000    -0.06086     0.03159     0.21737     0.00000     0.00000     0.00000     0.05962     0.00000
     0.57500    -0.06037     0.03074     0.21635     0.00000     0.00000     0.00000     0.05925     0.00000
     0.58000    -0.05988     0.02992     0.21533     0.00000     0.00000     0.00000     0.05887     0.00000
     0.58500    -0.05940     0.02910     0.21430     0.00000     0.00000     0.00000     0.05850     0.00000
     0.59000    -0.05892     0.02831     0.21326     0.00000     0.00000     0.00000     0.05813     0.00000
     0.59500    -0.05845     0.02752     0.21222     0.00000     0.00000     0.00000     0.05777     0.00000
     0.60000    -0.05798     0.02676     0.21117     0.00000     0.00000     0.00000     0.05741     0.00000
     0.60500    -0.05751     0.02600     0.21011     0.00000     0.00000     0.00000     0.05705     0.00000
     0.61000    -0.05705     0.02527     0.20906     0.00000     0.00000     0.00000     0.05670     0.00000
     0.61500    -0.05659     0.02454     0.20799     0.00000     0.00000     0.00000     0.05635     0.00000
     0.62000    -0.05613     0.02383     0.20693     0.00000     0.00000     0.00000     0.05600     0.00000
     0.62500    -0.05568     0.02314     0.20586     0.00000     0.00000     0.00000     0.05566     0.00000
     0.63000    -0.05523     0.02245     0.20478     0.00000     0.00000     0.00000     0.05532     0.00000
     0.63500    -0.05479     0.02178     0.20370     0.00000     0.00000     0.00000     0.05498     0.00000
     0.64000    -0.05435     0.02113     0.20262     0.00000     0.00000     0.00000     0.05464     0.00000
     0.64500    -0.05391     0.02048     0.20154     0.00000     0.00000     0.00000     0.05431     0.00000
     0.65000    -0.05348     0.01985     0.20046     0.00000     0.00000     0.00000     0.05398     0.00000
     0.65500    -0.05305     0.01923     0.19937     0.00000     0.00000     0.00000     0.05366     0.00000
     0.66000    -0.05263     0.01862     0.19828     0.00000     0.00000     0.00000     0.05333     0.00000
     0.66500    -0.05220     0.01803     0.19719     0.00000     0.00000     0.00000     0.05301     0.00000
     0.67000    -0.05179     0.01744     0.19610     0.00000     0.00000     0.00000     0.05270     0.00000
     0.67500    -0.05137     0.01687     0.19500     0.00000     0.00000     0.00000     0.05238     0.00000
     0.68000    -0.05096     0.01631     0.19391     0.00000     0.00000     0.00000     0.05207     0.00000
     0.68500    -0.05055     0.01576     0.19281     0.00000     0.00000     0.00000     0.05176     0.00000
     0.69000    -0.05015     0.01521     0.19172     0.00000     0.00000     0.00000     0.05146     0.00000
     0.69500    -0.04975     0.01469     0.19062     0.00000     0.00000     0.00000     0.05115     0.00000
     0.70000    -0.04935     0.01417     0.18952     0.00000     0.00000     0.00000     0.05085     0.00000
     0.70500    -0.04895     0.01366     0.18842     0.00000     0.00000     0.00000     0.05056     0.00000
     0.71000    -0.04856     0.01316     0.18733     0.00000     0.00000     0.00000     0.05026     0.00000
     0.71500    -0.04817     0.01267     0.18623     0.00000     0.00000     0.00000     0.04997     0.00000
     0.72000    -0.04779     0.01219     0.18514     0.00000     0.00000     0.00000     0.04968     0.00000
     0.72500    -0.04741     0.01172     0.18404     0.00000     0.00000     0.00000     0.04939     0.00000
     0.73000    -0.04703     0.01126     0.18295     0.00000     0.00000     0.00000     0.04911     0.00000
     0.73500    -0.04665     0.01081     0.18185     0.00000     0.00000     0.00000     0.04882     0.00000
     0.74000    -0.04628     0.01036     0.18076     0.00000     0.00000     0.00000     0.04854     0.00000
     0.74500    -0.04591     0.00993     0.17967     0.00000     0.00000     0.00000     0.04826     0.00000
     0.75000    -0.04555     0.00950     0.17858     0.00000     0.00000     0.00000     0.04799     0.00000
     0.75500    -0.04518     0.00909     0.17749     0.00000     0.00000     0.00000     0.04772     0.00000
     0.76000    -0.04482     0.00868     0.17640     0.00000     0.00000     0.00000     0.04745     0.00000
     0.76500    -0.04447     0.00828     0.17532     0.00000     0.00000     0.00000     0.04718     0.00000
     0.77000    -0.04411     0.00789     0.17424     0.00000     0.00000     0.00000     0.04691     0.00000
     0.77500    -0.04376     0.00750     0.17316     0.00000     0.00000     0.00000     0.04665     0.00000
     0.78000    -0.04341     0.00712     0.17208     0.00000     0.00000     0.00000     0.04639     0.00000
     0.78500    -0.04307     0.00676     0.17100     0.00000     0.00000     0.00000     0.04613     0.00000
     0.79000    -0.04272     0.00639     0.16993     0.00000     0.00000     0.00000     0.04587     0.00000
     0.79500    -0.04238     0.00604     0.16886     0.00000     0.00000     0.00000     0.04561     0.00000
     0.80000    -0.04205     0.00569     0.16779     0.00000     0.00000     0.00000     0.04536     0.00000
     0.80500    -0.04171     0.00535     0.16672     0.00000     0.00000     0.00000     0.04511     0.00000
     0.81000    -0.04138     0.00502     0.16566     0.00000     0.00000     0.00000     0.04486     0.00000
     0.81500    -0.04105     0.00469     0.16460     0.00000     0.00000     0.00000     0.04461     0.00000
     0.82000    -0.04073     0.00437     0.16354     0.00000     0.00000     0.00000     0.04437     0.00000
     0.82500    -0.04040     0.00406     0.16249     0.00000     0.00000     0.00000     0.04413     0.00000
     0.83000    -0.04008     0.00376     0.16144     0.00000     0.00000     0.00000     0.04389     0.00000
     0.83500    -0.03976     0.00346     0.16039     0.00000     0.00000     0.00000     0.04365     0.00000
     0.84000    -0.03945     0.00316     0.15934     0.00000     0.00000     0.00000     0.04341     0.00000
     0.84500    -0.03914     0.00287     0.15830     0.00000     0.00000     0.00000     0.04317     0.00000
     0.85000    -0.03882     0.00259     0.15727     0.00000     0.00000     0.00000     0.04294     0.00000
     0.85500    -0.03852     0.00232     0.15623     0.00000     0.00000     0.00000     0.04271     0.00000
     0.86000    -0.03821     0.00205     0.15520     0.00000     0.00000     0.00000     0.04248     0.00000
     0.86500    -0.03791     0.00178     0.15417     0.00000     0.00000     0.00000     0.04225     0.00000
     0.87000    -0.03761     0.00153     0.15315     0.00000     0.00000     0.00000     0.04203     0.00000
     0.87500    -0.03731     0.00127     0.15213     0.00000     0.00000     0.00000     0.04180     0.00000
     0.88000    -0.03701     0.00102     0.15112     0.00000     0.00000     0.00000     0.04158     0.00000
     0.88500    -0.03672     0.00078     0.15011     0.00000     0.00000     0.00000     0.04136     0.00000
     0.89000    -0.03643     0.00055     0.14910     0.00000     0.00000     0.00000     0.04114     0.00000
     0.89500    -0.03614     0.00031     0.14809     0.00000     0.00000     0.00000     0.04093     0.00000
     0.90000    -0.03586     0.00009     0.14709     0.00000     0.00000     0.00000     0.04071     0.00000
     0.90500    -0.03557    -0.00013     0.14610     0.00000     0.00000     0.00000     0.04050     0.00000
     0.91000    -0.03529    -0.00035     0.14511     0.00000     0.00000     0.00000     0.04029     0.00000
     0.91500    -0.03501    -0.00056     0.14412     0.00000     0.00000     0.00000     0.04008     0.00000
     0.92000    -0.03473    -0.00077     0.14314     0.00000     0.00000     0.00000     0.03987     0.00000
     0.92500    -0.03446    -0.00097     0.14216     0.00000     0.00000     0.00000     0.03966     0.00000
     0.93000    -0.03419    -0.00117     0.14119     0.00000     0.00000     0.00000     0.03946     0.00000
     0.93500    -0.03392    -0.00137     0.14022     0.00000     0.00000     0.00000     0.03925     0.00000
     0.94000    -0.03365    -0.00156     0.13925     0.00000     0.00000     0.00000     0.03905     0.00000
     0.94500    -0.03338    -0.00174     0.13829     0.00000     0.00000     0.00000     0.03885     0.00000
     0.95000    -0.03312    -0.00192     0.13733     0.00000     0.00000     0.00000     0.03865     0.00000
     0.95500    -0.03286    -0.00210     0.13638     0.00000     0.00000     0.00000     0.03845     0.00000
     0.96000    -0.03260    -0.00227     0.13543     0.00000     0.00000     0.00000     0.03826     0.00000
     0.96500    -0.03234    -0.00244     0.13449     0.00000     0.00000     0.00000     0.03806     0.00000
     0.97000    -0.03208    -0.00261     0.13355     0.00000     0.00000     0.00000     0.03787     0.00000
     0.97500    -0.03183    -0.00277     0.13262     0.00000     0.00000     0.00000     0.03768     0.00000
     0.98000    -0.03158    -0.00293     0.13169     0.00000     0.00000     0.00000     0.03749     0.00000
     0.98500    -0.03133    -0.00308     0.13076     0.00000     0.00000     0.00000     0.03730     0.00000
     0.99000    -0.03108    -0.00323     0.12984     0.00000     0.00000     0.00000     0.03711     0.00000
     0.99500    -0.03084    -0.00338     0.12893     0.00000     0.00000     0.00000     0.03693     0.00000
     1.00000    -0.03059    -0.00352     0.12801     0.00000     0.00000     0.00000     0.03674     0.00000
     1.00500    -0.03035    -0.00366     0.12711     0.00000     0.00000     0.00000     0.03656     0.00000
     1.01000    -0.03011    -0.00379     0.12621     0.00000     0.00000     0.00000     0.03638     0.00000
     1.01500    -0.02988    -0.00393     0.12531     0.00000     0.00000     0.00000     0.03620     0.00000
     1.02000    -0.02964    -0.00406     0.12442     0.00000     0.00000     0.00000     0.03602     0.00000
     1.02500    -0.02941    -0.00418     0.12353     0.00000     0.00000     0.00000     0.03584     0.00000
     1.03000    -0.02917    -0.00431     0.12265     0.00000     0.00000     0.00000     0.03566     0.00000
     1.03500    -0.02894    -0.00443     0.12177     0.00000     0.00000     0.00000     0.03549     0.00000
     1.04000    -0.02872    -0.00454     0.12090     0.00000     0.00000     0.00000     0.03532     0.00000
     1.04500    -0.02849    -0.00466     0.12003     0.00000     0.00000     0.00000     0.03514     0.00000
     1.05000    -0.02827    -0.00477     0.11917     0.00000     0.00000     0.00000     0.03497     0.00000
     1.05500    -0.02804    -0.00488     0.11831     0.00000     0.00000     0.00000     0.03480     0.00000
     1.06000    -0.02782    -0.00498     0.11745     0.00000     0.00000     0.00000     0.03463     0.00000
     1.06500    -0.02760    -0.00509     0.11660     0.00000     0.00000     0.00000     0.03447     0.00000
     1.07000    -0.02739    -0.00519     0.11576     0.00000     0.00000     0.00000     0.03430     0.00000
     1.07500    -0.02717    -0.00528     0.11492     0.00000     0.00000     0.00000     0.03413     0.00000
     1.08000    -0.02696    -0.00538     0.11409     0.00000     0.00000     0.00000     0.03397     0.00000
     1.08500    -0.02674    -0.00547     0.11326     0.00000     0.00000     0.00000     0.03381     0.00000
     1.09000    -0.02653    -0.00556     0.11243     0.00000     0.00000     0.00000     0.03365     0.00000
     1.09500    -0.02632    -0.00565     0.11161     0.00000     0.00000     0.00000     0.03349     0.00000
     1.10000    -0.02612    -0.00573     0.11079     0.00000     0.00000     0.00000     0.03333     0.00000
     1.10500    -0.02591    -0.00581     0.10998     0.00000     0.00000     0.00000     0.03317     0.00000
     1.11000    -0.02571    -0.00589     0.10918     0.00000     0.00000     0.00000     0.03301     0.00000
     1.11500    -0.02551    -0.00597     0.10838     0.00000     0.00000     0.00000     0.03285     0.00000
     1.12000    -0.02531    -0.00605     0.10758     0.00000     0.00000     0.00000     0.03270     0.00000
     1.12500    -0.02511    -0.00612     0.10679     0.00000     0.00000     0.00000     0.03255     0.00000
     1.13000    -0.02491    -0.00619     0.10600     0.00000     0.00000     0.00000     0.03239     0.00000
     1.13500    -0.02471    -0.00626     0.10522     0.00000     0.00000     0.00000     0.03224     0.00000
     1.14000    -0.02452    -0.00633     0.10444     0.00000     0.00000     0.00000     0.03209     0.00000
     1.14500    -0.02433    -0.00639     0.10367     0.00000     0.00000     0.00000     0.03194     0.00000
     1.15000    -0.02413    -0.00645     0.10290     0.00000     0.00000     0.00000     0.03179     0.00000
     1.15500    -0.02394    -0.00651     0.10214     0.00000     0.00000     0.00000     0.03165     0.00000
     1.16000    -0.02376    -0.00657     0.10138     0.00000     0.00000     0.00000     0.03150     0.00000
     1.16500    -0.02357    -0.00663     0.10062     0.00000     0.00000     0.00000     0.03135     0.00000
     1.17000    -0.02338    -0.00669     0.09987     0.00000     0.00000     0.00000     0.03121     0.00000
     1.17500    -0.02320    -0.00674     0.09913     0.00000     0.00000     0.00000     0.03107     0.00000
     1.18000    -0.02302    -0.00679     0.09839     0.00000     0.00000     0.00000     0.03092     0.00000
     1.18500    -0.02284    -0.00684     0.09766     0.00000     0.00000     0.00000     0.03078     0.00000
     1.19000    -0.02266    -0.00689     0.09692     0.00000     0.00000     0.00000     0.03064     0.00000
     1.19500    -0.02248    -0.00693     0.09620     0.00000     0.00000     0.00000     0.03050     0.00000
     1.20000    -0.02230    -0.00698     0.09548     0.00000     0.00000     0.00000     0.03037     0.00000
     1.20500    -0.02213    -0.00702     0.09476     0.00000     0.00000     0.00000     0.03023     0.00000
     1.21000    -0.02196    -0.00706     0.09405     0.00000     0.00000     0.00000     0.03009     0.00000
     1.21500    -0.02178    -0.00710     0.09334     0.00000     0.00000     0.00000     0.02996     0.00000
     1.22000    -0.02161    -0.00714     0.09264     0.00000     0.00000     0.00000     0.02982     0.00000
     1.22500    -0.02144    -0.00718     0.09194     0.00000     0.00000     0.00000     0.02969     0.00000
     1.23000    -0.02127    -0.00721     0.09125     0.00000     0.00000     0.00000     0.02955     0.00000
     1.23500    -0.02111    -0.00725     0.09056     0.00000     0.00000     0.00000     0.02942     0.00000
     1.24000    -0.02094    -0.00728     0.08987     0.00000     0.00000     0.00000     0.02929     0.00000
     1.24500    -0.02078    -0.00731     0.08919     0.00000     0.00000     0.00000     0.02916     0.00000
     1.25000    -0.02061    -0.00734     0.08852     0.00000     0.00000     0.00000     0.02903     0.00000
     1.25500    -0.02045    -0.00737     0.08785     0.00000     0.00000     0.00000     0.02890     0.00000
     1.26000    -0.02029    -0.00739     0.08718     0.00000     0.00000     0.00000     0.02877     0.00000
     1.26500    -0.02013    -0.00742     0.08652     0.00000     0.00000     0.00000     0.02865     0.00000
     1.27000    -0.01997    -0.00744     0.08586     0.00000     0.00000     0.00000     0.02852     0.00000
     1.27500    -0.01982    -0.00747     0.08520     0.00000     0.00000     0.00000     0.02840     0.00000
     1.28000    -0.01966    -0.00749     0.08455     0.00000     0.00000     0.00000     0.02827     0.00000
     1.28500    -0.01951    -0.00751     0.08391     0.00000     0.00000     0.00000     0.02815     0.00000
     1.29000    -0.01936    -0.00753     0.08327     0.00000     0.00000     0.00000     0.02803     0.00000
     1.29500    -0.01920    -0.00755     0.08263     0.00000     0.00000     0.00000     0.02790     0.00000
     1.30000    -0.01905    -0.00756     0.08200     0.00000     0.00000     0.00000     0.02778     0.00000
     1.30500    -0.01890    -0.00758     0.08137     0.00000     0.00000     0.00000     0.02766     0.00000
     1.31000    -0.01876    -0.00760     0.08075     0.00000     0.00000     0.00000     0.02754     0.00000
     1.31500    -0.01861    -0.00761     0.08013     0.00000     0.00000     0.00000     0.02742     0.00000
     1.32000    -0.01846    -0.00762     0.07952     0.00000     0.00000     0.00000     0.02731     0.00000
     1.32500    -0.01832    -0.00763     0.07890     0.00000     0.00000     0.00000     0.02719     0.00000
     1.33000    -0.01817    -0.00764     0.07830     0.00000     0.00000     0.00000     0.02707     0.00000
     1.33500    -0.01803    -0.00765     0.07770     0.00000     0.00000     0.00000     0.02696     0.00000
     1.34000    -0.01789    -0.00766     0.07710     0.00000     0.00000     0.00000     0.02684     0.00000
     1.34500    -0.01775    -0.00767     0.07650     0.00000     0.00000     0.00000     0.02673     0.00000
     1.35000    -0.01761    -0.00768     0.07591     0.00000     0.00000     0.00000     0.02661     0.00000
     1.35500    -0.01747    -0.00768     0.07533     0.00000     0.00000     0.00000     0.02650     0.00000
     1.36000    -0.01734    -0.00769     0.07475     0.00000     0.00000     0.00000     0.02639     0.00000
     1.36500    -0.01720    -0.00769     0.07417     0.00000     0.00000     0.00000     0.02628     0.00000
     1.37000    -0.01707    -0.00770     0.07359     0.00000     0.00000     0.00000     0.02617     0.00000
     1.37500    -0.01693    -0.00770     0.07303     0.00000     0.00000     0.00000     0.02606     0.00000
     1.38000    -0.01680    -0.00770     0.07246     0.00000     0.00000     0.00000     0.02595     0.00000
     1.38500    -0.01667    -0.00770     0.07190     0.00000     0.00000     0.00000     0.02584     0.00000
     1.39000    -0.01654    -0.00770     0.07134     0.00000     0.00000     0.00000     0.02573     0.00000
     1.39500    -0.01641    -0.00770     0.07079     0.00000     0.00000     0.00000     0.02562     0.00000
     1.40000    -0.01628    -0.00770     0.07024     0.00000     0.00000     0.00000     0.02552     0.00000
     1.40500    -0.01615    -0.00770     0.06969     0.00000     0.00000     0.00000     0.02541     0.00000
     1.41000    -0.01603    -0.00770     0.06915     0.00000     0.00000     0.00000     0.02530     0.00000
     1.41500    -0.01590    -0.00769     0.06861     0.00000     0.00000     0.00000     0.02520     0.00000
     1.42000    -0.01578    -0.00769     0.06808     0.00000     0.00000     0.00000     0.02510     0.00000
     1.42500    -0.01565    -0.00769     0.06754     0.00000     0.00000     0.00000     0.02499     0.00000
     1.43000    -0.01553    -0.00768     0.06702     0.00000     0.00000     0.00000     0.02489     0.00000
     1.43500    -0.01541    -0.00768     0.06649     0.00000     0.00000     0.00000     0.02479     0.00000
     1.44000    -0.01529    -0.00767     0.06598     0.00000     0.00000     0.00000     0.02469     0.00000
     1.44500    -0.01517    -0.00766     0.06546     0.00000     0.00000     0.00000     0.02458     0.00000
     1.45000    -0.01505    -0.00765     0.06495     0.00000     0.00000     0.00000     0.02448     0.00000
     1.45500    -0.01493    -0.00765     0.06444     0.00000     0.00000     0.00000     0.02438     0.00000
     1.46000    -0.01482    -0.00764     0.06394     0.00000     0.00000     0.00000     0.02429     0.00000
     1.46500    -0.01470    -0.00763     0.06343     0.00000     0.00000     0.00000     0.02419     0.00000
     1.47000    -0.01458    -0.00762     0.06294     0.00000     0.00000     0.00000     0.02409     0.00000
     1.47500    -0.01447    -0.00761     0.06244     0.00000     0.00000     0.00000     0.02399     0.00000
     1.48000    -0.01436    -0.00760     0.06195     0.00000     0.00000     0.00000     0.02390     0.00000
     1.48500    -0.01425    -0.00758     0.06147     0.00000     0.00000     0.00000     0.02380     0.00000
     1.49000    -0.01413    -0.00757     0.06098     0.00000     0.00000     0.00000     0.02370     0.00000
     1.49500    -0.01402    -0.00756     0.06050     0.00000     0.00000     0.00000     0.02361     0.00000
     1.50000    -0.01391    -0.00755     0.06003     0.00000     0.00000     0.00000     0.02351     0.00000
     1.50500    -0.01380    -0.00753     0.05956     0.00000     0.00000     0.00000     0.02342     0.00000
     1.51000    -0.01370    -0.00752     0.05909     0.00000     0.00000     0.00000     0.02333     0.00000
     1.51500    -0.01359    -0.00750     0.05862     0.00000     0.00000     0.00000     0.02324     0.00000
     1.52000    -0.01348    -0.00749     0.05816     0.00000     0.00000     0.00000     0.02314     0.00000
     1.52500    -0.01338    -0.00747     0.05770     0.00000     0.00000     0.00000     0.02305     0.00000
     1.53000    -0.01327    -0.00746     0.05725     0.00000     0.00000     0.00000     0.02296     0.00000
     1.53500    -0.01317    -0.00744     0.05679     0.00000     0.00000     0.00000     0.02287     0.00000
     1.54000    -0.01307    -0.00743     0.05634     0.00000     0.00000     0.00000     0.02278     0.00000
     1.54500    -0.01296    -0.00741     0.05590     0.00000     0.00000     0.00000     0.02269     0.00000
     1.55000    -0.01286    -0.00739     0.05546     0.00000     0.00000     0.00000     0.02260     0.00000
     1.55500    -0.01276    -0.00737     0.05502     0.00000     0.00000     0.00000     0.02251     0.00000
     1.56000    -0.01266    -0.00736     0.05458     0.00000     0.00000     0.00000     0.02243     0.00000
     1.56500    -0.01256    -0.00734     0.05415     0.00000     0.00000     0.00000     0.02234     0.00000
     1.57000    -0.01247    -0.00732     0.05372     0.00000     0.00000     0.00000     0.02225     0.00000
     1.57500    -0.01237    -0.00730     0.05330     0.00000     0.00000     0.00000     0.02216     0.00000
     1.58000    -0.01227    -0.00728     0.05287     0.00000     0.00000     0.00000     0.02208     0.00000
     1.58500    -0.01218    -0.00726     0.05245     0.00000     0.00000     0.00000     0.02199     0.00000
     1.59000    -0.01208    -0.00724     0.05204     0.00000     0.00000     0.00000     0.02191     0.00000
     1.59500    -0.01199    -0.00722     0.05162     0.00000     0.00000     0.00000     0.02182     0.00000
     1.60000    -0.01189    -0.00720     0.05121     0.00000     0.00000     0.00000     0.02174     0.00000
     1.60500    -0.01180    -0.00718     0.05081     0.00000     0.00000     0.00000     0.02166     0.00000
     1.61000    -0.01171    -0.00716     0.05040     0.00000     0.00000     0.00000     0.02157     0.00000
     1.61500    -0.01162    -0.00714     0.05000     0.00000     0.00000     0.00000     0.02149     0.00000
     1.62000    -0.01153    -0.00712     0.04960     0.00000     0.00000     0.00000     0.02141     0.00000
     1.62500    -0.01144    -0.00710     0.04921     0.00000     0.00000     0.00000     0.02133     0.00000
     1.63000    -0.01135    -0.00707     0.04882     0.00000     0.00000     0.00000     0.02125     0.00000
     1.63500    -0.01126    -0.00705     0.04843     0.00000     0.00000     0.00000     0.02117     0.00000
     1.64000    -0.01117    -0.00703     0.04804     0.00000     0.00000     0.00000     0.02109     0.00000
     1.64500    -0.01108    -0.00701     0.04766     0.00000     0.00000     0.00000     0.02101     0.00000
     1.65000    -0.01100    -0.00698     0.04728     0.00000     0.00000     0.00000     0.02093     0.00000
     1.65500    -0.01091    -0.00696     0.04690     0.00000     0.00000     0.00000     0.02085     0.00000
     1.66000    -0.01082    -0.00694     0.04653     0.00000     0.00000     0.00000     0.02077     0.00000
     1.66500    -0.01074    -0.00691     0.04615     0.00000     0.00000     0.00000     0.02069     0.00000
     1.67000    -0.01066    -0.00689     0.04578     0.00000     0.00000     0.00000     0.02062     0.00000
     1.67500    -0.01057    -0.00687     0.04542     0.00000     0.00000     0.00000     0.02054     0.00000
     1.68000    -0.01049    -0.00684     0.04505     0.00000     0.00000     0.00000     0.02046     0.00000
     1.68500    -0.01041    -0.00682     0.04469     0.00000     0.00000     0.00000     0.02039     0.00000
     1.69000    -0.01033    -0.00679     0.04434     0.00000     0.00000     0.00000     0.02031     0.00000
     1.69500    -0.01025    -0.00677     0.04398     0.00000     0.00000     0.00000     0.02023     0.00000
     1.70000    -0.01017    -0.00675     0.04363     0.00000     0.00000     0.00000     0.02016     0.00000
     1.70500    -0.01009    -0.00672     0.04328     0.00000     0.00000     0.00000     0.02009     0.00000
     1.71000    -0.01001    -0.00670     0.04293     0.00000     0.00000     0.00000     0.02001     0.00000
     1.71500    -0.00993    -0.00667     0.04259     0.00000     0.00000     0.00000     0.01994     0.00000
     1.72000    -0.00985    -0.00665     0.04225     0.00000     0.00000     0.00000     0.01986     0.00000
     1.72500    -0.00978    -0.00662     0.04191     0.00000     0.00000     0.00000     0.01979     0.00000
     1.73000    -0.00970    -0.00660     0.04157     0.00000     0.00000     0.00000     0.01972     0.00000
     1.73500    -0.00962    -0.00657     0.04124     0.00000     0.00000     0.00000     0.01965     0.00000
     1.74000    -0.00955    -0.00654     0.04091     0.00000     0.00000     0.00000     0.01958     0.00000
     1.74500    -0.00947    -0.00652     0.04058     0.00000     0.00000     0.00000     0.01950     0.00000
     1.75000    -0.00940    -0.00649     0.04025     0.00000     0.00000     0.00000     0.01943     0.00000
     1.75500    -0.00933    -0.00647     0.03993     0.00000     0.00000     0.00000     0.01936     0.00000
     1.76000    -0.00925    -0.00644     0.03961     0.00000     0.00000     0.00000     0.01929     0.00000
     1.76500    -0.00918    -0.00642     0.03929     0.00000     0.00000     0.00000     0.01922     0.00000
     1.77000    -0.00911    -0.00639     0.03897     0.00000     0.00000     0.00000     0.01915     0.00000
     1.77500    -0.00904    -0.00636     0.03866     0.00000     0.00000     0.00000     0.01909     0.00000
     1.78000    -0.00897    -0.00634     0.03835     0.00000     0.00000     0.00000     0.01902     0.00000
     1.78500    -0.00890    -0.00631     0.03804     0.00000     0.00000     0.00000     0.01895     0.00000
     1.79000    -0.00883    -0.00628     0.03773     0.00000     0.00000     0.00000     0.01888     0.00000
     1.79500    -0.00876    -0.00626     0.03743     0.00000     0.00000     0.00000     0.01881     0.00000
     1.80000    -0.00869    -0.00623     0.03712     0.00000     0.00000     0.00000     0.01875     0.00000
     1.80500    -0.00862    -0.00620     0.03682     0.00000     0.00000     0.00000     0.01868     0.00000
     1.81000    -0.00856    -0.00618     0.03653     0.00000     0.00000     0.00000     0.01861     0.00000
     1.81500    -0.00849    -0.00615     0.03623     0.00000     0.00000     0.00000     0.01855     0.00000
     1.82000    -0.00842    -0.00612     0.03594     0.00000     0.00000     0.00000     0.01848     0.00000
     1.82500    -0.00836    -0.00610     0.03565     0.00000     0.00000     0.00000     0.01842     0.00000
     1.83000    -0.00829    -0.00607     0.03536     0.00000     0.00000     0.00000     0.01835     0.00000
     1.83500    -0.00823    -0.00604     0.03507     0.00000     0.00000     0.00000     0.01829     0.00000
     1.84000    -0.00816    -0.00602     0.03479     0.00000     0.00000     0.00000     0.01822     0.00000
     1.84500    -0.00810    -0.00599     0.03451     0.00000     0.00000     0.00000     0.01816     0.00000
     1.85000    -0.00804    -0.00596     0.03423     0.00000     0.00000     0.00000     0.01809     0.00000
     1.85500    -0.00797    -0.00594     0.03395     0.00000     0.00000     0.00000     0.01803     0.00000
     1.86000    -0.00791    -0.00591     0.03368     0.00000     0.00000     0.00000     0.01797     0.00000
     1.86500    -0.00785    -0.00588     0.03341     0.00000     0.00000     0.00000     0.01790     0.00000
     1.87000    -0.00779    -0.00586     0.03314     0.00000     0.00000     0.00000     0.01784     0.00000
     1.87500    -0.00773    -0.00583     0.03287     0.00000     0.00000     0.00000     0.01778     0.00000
     1.88000    -0.00767    -0.00580     0.03260     0.00000     0.00000     0.00000     0.01772     0.00000
     1.88500    -0.00761    -0.00578     0.03234     0.00000     0.00000     0.00000     0.01766     0.00000
     1.89000    -0.00755    -0.00575     0.03207     0.00000     0.00000     0.00000     0.01760     0.00000
     1.89500    -0.00749    -0.00572     0.03181     0.00000     0.00000     0.00000     0.01754     0.00000
     1.90000    -0.00743    -0.00569     0.03156     0.00000     0.00000     0.00000     0.01748     0.00000
     1.90500    -0.00737    -0.00567     0.03130     0.00000     0.00000     0.00000     0.01742     0.00000
     1.91000    -0.00732    -0.00564     0.03105     0.00000     0.00000     0.00000     0.01736     0.00000
     1.91500    -0.00726    -0.00561     0.03079     0.00000     0.00000     0.00000     0.01730     0.00000
     1.92000    -0.00720    -0.00559     0.03054     0.00000     0.00000     0.00000     0.01724     0.00000
     1.92500    -0.00715    -0.00556     0.03030     0.00000     0.00000     0.00000     0.01718     0.00000
     1.93000    -0.00709    -0.00553     0.03005     0.00000     0.00000     0.00000     0.01712     0.00000
     1.93500    -0.00703    -0.00551     0.02981     0.00000     0.00000     0.00000     0.01706     0.00000
     1.94000    -0.00698    -0.00548     0.02956     0.00000     0.00000     0.00000     0.01700     0.00000
     1.94500    -0.00693    -0.00545     0.02932     0.00000     0.00000     0.00000     0.01695     0.00000
     1.95000    -0.00687    -0.00543     0.02908     0.00000     0.00000     0.00000     0.01689     0.00000
     1.95500    -0.00682    -0.00540     0.02885     0.00000     0.00000     0.00000     0.01683     0.00000
     1.96000    -0.00676    -0.00537     0.02861     0.00000     0.00000     0.00000     0.01677     0.00000
     1.96500    -0.00671    -0.00535     0.02838     0.00000     0.00000     0.00000     0.01672     0.00000
     1.97000    -0.00666    -0.00532     0.02815     0.00000     0.00000     0.00000     0.01666     0.00000
     1.97500    -0.00661    -0.00529     0.02792     0.00000     0.00000     0.00000     0.01661     0.00000
     1.98000    -0.00656    -0.00527     0.02769     0.00000     0.00000     0.00000     0.01655     0.00000
     1.98500    -0.00650    -0.00524     0.02747     0.00000     0.00000     0.00000     0.01649     0.00000
     1.99000    -0.00645    -0.00521     0.02724     0.00000     0.00000     0.00000     0.01644     0.00000
     1.99500    -0.00640    -0.00519     0.02702     0.00000     0.00000     0.00000     0.01638     0.00000
     2.00000    -0.00635    -0.00516     0.02680     0.00000     0.00000     0.00000     0.01633     0.00000
     2.00500    -0.00630    -0.00513     0.02658     0.00000     0.00000     0.00000     0.01628     0.00000
     2.01000    -0.00625    -0.00511     0.02637     0.00000     0.00000     0.00000     0.01622     0.00000
     2.01500    -0.00621    -0.00508     0.02615     0.00000     0.00000     0.00000     0.01617     0.00000
     2.02000    -0.00616    -0.00505     0.02594     0.00000     0.00000     0.00000     0.01611     0.00000
     2.02500    -0.00611    -0.00503     0.02573     0.00000     0.00000     0.00000     0.01606     0.00000
     2.03000    -0.00606    -0.00500     0.02552     0.00000     0.00000     0.00000     0.01601     0.00000
     2.03500    -0.00601    -0.00498     0.02531     0.00000     0.00000     0.00000     0.01596     0.00000
     2.04000    -0.00597    -0.00495     0.02510     0.00000     0.00000     0.00000     0.01590     0.00000
     2.04500    -0.00592    -0.00492     0.02490     0.00000     0.00000     0.00000     0.01585     0.00000
     2.05000    -0.00588    -0.00490     0.02469     0.00000     0.00000     0.00000     0.01580     0.00000
     2.05500    -0.00583    -0.00487     0.02449     0.00000     0.00000     0.00000     0.01575     0.00000
     2.06000    -0.00578    -0.00485     0.02429     0.00000     0.00000     0.00000     0.01570     0.00000
     2.06500    -0.00574    -0.00482     0.02409     0.00000     0.00000     0.00000     0.01564     0.00000
     2.07000    -0.00569    -0.00480     0.02390     0.00000     0.00000     0.00000     0.01559     0.00000
     2.07500    -0.00565    -0.00477     0.02370     0.00000     0.00000     0.00000     0.01554     0.00000
     2.08000    -0.00561    -0.00474     0.02351     0.00000     0.00000     0.00000     0.01549     0.00000
     2.08500    -0.00556    -0.00472     0.02332     0.00000     0.00000     0.00000     0.01544     0.00000
     2.09000    -0.00552    -0.00469     0.02312     0.00000     0.00000     0.00000     0.01539     0.00000
     2.09500    -0.00548    -0.00467     0.02294     0.00000     0.00000     0.00000     0.01534     0.00000
     2.10000    -0.00543    -0.00464     0.02275     0.00000     0.00000     0.00000     0.01529     0.00000
     2.10500    -0.00539    -0.00462     0.02256     0.00000     0.00000     0.00000     0.01524     0.00000
     2.11000    -0.00535    -0.00459     0.02238     0.00000     0.00000     0.00000     0.01519     0.00000
     2.11500    -0.00531    -0.00457     0.02219     0.00000     0.00000     0.00000     0.01515     0.00000
     2.12000    -0.00527    -0.00454     0.02201     0.00000     0.00000     0.00000     0.01510     0.00000
     2.12500    -0.00522    -0.00452     0.02183     0.00000     0.00000     0.00000     0.01505     0.00000
     2.13000    -0.00518    -0.00449     0.02165     0.00000     0.00000     0.00000     0.01500     0.00000
     2.13500    -0.00514    -0.00447     0.02148     0.00000     0.00000     0.00000     0.01495     0.00000
     2.14000    -0.00510    -0.00444     0.02130     0.00000     0.00000     0.00000     0.01491     0.00000
     2.14500    -0.00506    -0.00442     0.02113     0.00000     0.00000     0.00000     0.01486     0.00000
     2.15000    -0.00502    -0.00439     0.02095     0.00000     0.00000     0.00000     0.01481     0.00000
     2.15500    -0.00498    -0.00437     0.02078     0.00000     0.00000     0.00000     0.01476     0.00000
     2.16000    -0.00495    -0.00435     0.02061     0.00000     0.00000     0.00000     0.01472     0.00000
     2.16500    -0.00491    -0.00432     0.02044     0.00000     0.00000     0.00000     0.01467     0.00000
     2.17000    -0.00487    -0.00430     0.02027     0.00000     0.00000     0.00000     0.01463     0.00000
     2.17500    -0.00483    -0.00427     0.02011     0.00000     0.00000     0.00000     0.01458     0.00000
     2.18000    -0.00479    -0.00425     0.01994     0.00000     0.00000     0.00000     0.01453     0.00000
     2.18500    -0.00476    -0.00423     0.01978     0.00000     0.00000     0.00000     0.01449     0.00000
     2.19000    -0.00472    -0.00420     0.01962     0.00000     0.00000     0.00000     0.01444     0.00000
     2.19500    -0.00468    -0.00418     0.01946     0.00000     0.00000     0.00000     0.01440     0.00000
     2.20000    -0.00465    -0.00415     0.01930     0.00000     0.00000     0.00000     0.01435     0.00000
     2.20500    -0.00461    -0.00413     0.01914     0.00000     0.00000     0.00000     0.01431     0.00000
     2.21000    -0.00457    -0.00411     0.01898     0.00000     0.00000     0.00000     0.01426     0.00000
     2.21500    -0.00454    -0.00408     0.01882     0.00000     0.00000     0.00000     0.01422     0.00000
     2.22000    -0.00450    -0.00406     0.01867     0.00000     0.00000     0.00000     0.01417     0.00000
     2.22500    -0.00447    -0.00404     0.01852     0.00000     0.00000     0.00000     0.01413     0.00000
     2.23000    -0.00443    -0.00401     0.01836     0.00000     0.00000     0.00000     0.01409     0.00000
     2.23500    -0.00440    -0.00399     0.01821     0.00000     0.00000     0.00000     0.01404     0.00000
     2.24000    -0.00436    -0.00397     0.01806     0.00000     0.00000     0.00000     0.01400     0.00000
     2.24500    -0.00433    -0.00395     0.01792     0.00000     0.00000     0.00000     0.01396     0.00000
     2.25000    -0.00430    -0.00392     0.01777     0.00000     0.00000     0.00000     0.01391     0.00000
     2.25500    -0.00426    -0.00390     0.01762     0.00000     0.00000     0.00000     0.01387     0.00000
     2.26000    -0.00423    -0.00388     0.01748     0.00000     0.00000     0.00000     0.01383     0.00000
     2.26500    -0.00420    -0.00386     0.01733     0.00000     0.00000     0.00000     0.01379     0.00000
     2.27000    -0.00416    -0.00383     0.01719     0.00000     0.00000     0.00000     0.01374     0.00000
     2.27500    -0.00413    -0.00381     0.01705     0.00000     0.00000     0.00000     0.01370     0.00000
     2.28000    -0.00410    -0.00379     0.01691     0.00000     0.00000     0.00000     0.01366     0.00000
     2.28500    -0.00407    -0.00377     0.01677     0.00000     0.00000     0.00000     0.01362     0.00000
     2.29000    -0.00403    -0.00374     0.01663     0.00000     0.00000     0.00000     0.01358     0.00000
     2.29500    -0.00400    -0.00372     0.01650     0.00000     0.00000     0.00000     0.01354     0.00000
     2.30000    -0.00397    -0.00370     0.01636     0.00000     0.00000     0.00000     0.01350     0.00000
     2.30500    -0.00394    -0.00368     0.01623     0.00000     0.00000     0.00000     0.01345     0.00000
     2.31000    -0.00391    -0.00366     0.01609     0.00000     0.00000     0.00000     0.01341     0.00000
     2.31500    -0.00388    -0.00364     0.01596     0.00000     0.00000     0.00000     0.01337     0.00000
     2.32000    -0.00385    -0.00361     0.01583     0.00000     0.00000     0.00000     0.01333     0.00000
     2.32500    -0.00382    -0.00359     0.01570     0.00000     0.00000     0.00000     0.01329     0.00000
     2.33000    -0.00379    -0.00357     0.01557     0.00000     0.00000     0.00000     0.01325     0.00000
     2.33500    -0.00376    -0.00355     0.01544     0.00000     0.00000     0.00000     0.01321     0.00000
     2.34000    -0.00373    -0.00353     0.01531     0.00000     0.00000     0.00000     0.01317     0.00000
     2.34500    -0.00370    -0.00351     0.01519     0.00000     0.00000     0.00000     0.01313     0.00000
     2.35000    -0.00367    -0.00349     0.01506     0.00000     0.00000     0.00000     0.01310     0.00000
     2.35500    -0.00364    -0.00347     0.01494     0.00000     0.00000     0.00000     0.01306     0.00000
     2.36000    -0.00362    -0.00344     0.01481     0.00000     0.00000     0.00000     0.01302     0.00000
     2.36500    -0.00359    -0.00342     0.01469     0.00000     0.00000     0.00000     0.01298     0.00000
     2.37000    -0.00356    -0.00340     0.01457     0.00000     0.00000     0.00000     0.01294     0.00000
     2.37500    -0.00353    -0.00338     0.01445     0.00000     0.00000     0.00000     0.01290     0.00000
     2.38000    -0.00350    -0.00336     0.01433     0.00000     0.00000     0.00000     0.01286     0.00000
     2.38500    -0.00348    -0.00334     0.01421     0.00000     0.00000     0.00000     0.01283     0.00000
     2.39000    -0.00345    -0.00332     0.01410     0.00000     0.00000     0.00000     0.01279     0.00000
     2.39500    -0.00342    -0.00330     0.01398     0.00000     0.00000     0.00000     0.01275     0.00000
     2.40000    -0.00340    -0.00328     0.01386     0.00000     0.00000     0.00000     0.01271     0.00000
     2.40500    -0.00337    -0.00326     0.01375     0.00000     0.00000     0.00000     0.01268     0.00000
     2.41000    -0.00334    -0.00324     0.01364     0.00000     0.00000     0.00000     0.01264     0.00000
     2.41500    -0.00332    -0.00322     0.01352     0.00000     0.00000     0.00000     0.01260     0.00000
     2.42000    -0.00329    -0.00320     0.01341     0.00000     0.00000     0.00000     0.01257     0.00000
     2.42500    -0.00327    -0.00318     0.01330     0.00000     0.00000     0.00000     0.01253     0.00000
     2.43000    -0.00324    -0.00316     0.01319     0.00000     0.00000     0.00000     0.01249     0.00000
     2.43500    -0.00322    -0.00314     0.01308     0.00000     0.00000     0.00000     0.01246     0.00000
     2.44000    -0.00319    -0.00313     0.01298     0.00000     0.00000     0.00000     0.01242     0.00000
     2.44500    -0.00317    -0.00311     0.01287     0.00000     0.00000     0.00000     0.01238     0.00000
     2.45000    -0.00314    -0.00309     0.01276     0.00000     0.00000     0.00000     0.01235     0.00000
     2.45500    -0.00312    -0.00307     0.01266     0.00000     0.00000     0.00000     0.01231     0.00000
     2.46000    -0.00309    -0.00305     0.01255     0.00000     0.00000     0.00000     0.01228     0.00000
     2.46500    -0.00307    -0.00303     0.01245     0.00000     0.00000     0.00000     0.01224     0.00000
     2.47000    -0.00304    -0.00301     0.01235     0.00000     0.00000     0.00000     0.01221     0.00000
     2.47500    -0.00302    -0.00299     0.01224     0.00000     0.00000     0.00000     0.01217     0.00000
     2.48000    -0.00300    -0.00297     0.01214     0.00000     0.00000     0.00000     0.01214     0.00000
     2.48500    -0.00297    -0.00296     0.01204     0.00000     0.00000     0.00000     0.01210     0.00000
     2.49000    -0.00295    -0.00294     0.01194     0.00000     0.00000     0.00000     0.01207     0.00000
     2.49500    -0.00293    -0.00292     0.01184     0.00000     0.00000     0.00000     0.01203     0.00000
     2.50000    -0.00290    -0.00290     0.01175     0.00000     0.00000     0.00000     0.01200     0.00000
     2.50500    -0.00288    -0.00288     0.01165     0.00000     0.00000     0.00000     0.01196     0.00000
     2.51000    -0.00286    -0.00287     0.01155     0.00000     0.00000     0.00000     0.01193     0.00000
     2.51500    -0.00284    -0.00285     0.01146     0.00000     0.00000     0.00000     0.01190     0.00000
     2.52000    -0.00282    -0.00283     0.01136     0.00000     0.00000     0.00000     0.01186     0.00000
     2.52500    -0.00279    -0.00281     0.01127     0.00000     0.00000     0.00000     0.01183     0.00000
     2.53000    -0.00277    -0.00279     0.01118     0.00000     0.00000     0.00000     0.01179     0.00000
     2.53500    -0.00275    -0.00278     0.01108     0.00000     0.00000     0.00000     0.01176     0.00000
     2.54000    -0.00273    -0.00276     0.01099     0.00000     0.00000     0.00000     0.01173     0.00000
     2.54500    -0.00271    -0.00274     0.01090     0.00000     0.00000     0.00000     0.01169     0.00000
     2.55000    -0.00269    -0.00273     0.01081     0.00000     0.00000     0.00000     0.01166     0.00000
     2.55500    -0.00267    -0.00271     0.01072     0.00000     0.00000     0.00000     0.01163     0.00000
     2.56000    -0.00264    -0.00269     0.01063     0.00000     0.00000     0.00000     0.01160     0.00000
     2.56500    -0.00262    -0.00267     0.01054     0.00000     0.00000     0.00000     0.01156     0.00000
     2.57000    -0.00260    -0.00266     0.01046     0.00000     0.00000     0.00000     0.01153     0.00000
     2.57500    -0.00258    -0.00264     0.01037     0.00000     0.00000     0.00000     0.01150     0.00000
     2.58000    -0.00256    -0.00262     0.01028     0.00000     0.00000     0.00000     0.01147     0.00000
     2.58500    -0.00254    -0.00261     0.01020     0.00000     0.00000     0.00000     0.01144     0.00000
     2.59000    -0.00252    -0.00259     0.01012     0.00000     0.00000     0.00000     0.01140     0.00000
     2.59500    -0.00250    -0.00257     0.01003     0.00000     0.00000     0.00000     0.01137     0.00000
     2.60000    -0.00248    -0.00256     0.00995     0.00000     0.00000     0.00000     0.01134     0.00000
     2.60500    -0.00246    -0.00254     0.00987     0.00000     0.00000     0.00000     0.01131     0.00000
     2.61000    -0.00245    -0.00253     0.00978     0.00000     0.00000     0.00000     0.01128     0.00000
     2.61500    -0.00243    -0.00251     0.00970     0.00000     0.00000     0.00000     0.01125     0.00000
     2.62000    -0.00241    -0.00249     0.00962     0.00000     0.00000     0.00000     0.01122     0.00000
     2.62500    -0.00239    -0.00248     0.00954     0.00000     0.00000     0.00000     0.01118     0.00000
     2.63000    -0.00237    -0.00246     0.00946     0.00000     0.00000     0.00000     0.01115     0.00000
     2.63500    -0.00235    -0.00245     0.00939     0.00000     0.00000     0.00000     0.01112     0.00000
     2.64000    -0.00233    -0.00243     0.00931     0.00000     0.00000     0.00000     0.01109     0.00000
     2.64500    -0.00231    -0.00241     0.00923     0.00000     0.00000     0.00000     0.01106     0.00000
     2.65000    -0.00230    -0.00240     0.00915     0.00000     0.00000     0.00000     0.01103     0.00000
     2.65500    -0.00228    -0.00238     0.00908     0.00000     0.00000     0.00000     0.01100     0.00000
     2.66000    -0.00226    -0.00237     0.00900     0.00000     0.00000     0.00000     0.01097     0.00000
     2.66500    -0.00224    -0.00235     0.00893     0.00000     0.00000     0.00000     0.01094     0.00000
     2.67000    -0.00223    -0.00234     0.00886     0.00000     0.00000     0.00000     0.01091     0.00000
     2.67500    -0.00221    -0.00232     0.00878     0.00000     0.00000     0.00000     0.01088     0.00000
     2.68000    -0.00219    -0.00231     0.00871     0.00000     0.00000     0.00000     0.01085     0.00000
     2.68500    -0.00217    -0.00229     0.00864     0.00000     0.00000     0.00000     0.01082     0.00000
     2.69000    -0.00216    -0.00228     0.00857     0.00000     0.00000     0.00000     0.01079     0.00000
     2.69500    -0.00214    -0.00226     0.00849     0.00000     0.00000     0.00000     0.01076     0.00000
     2.70000    -0.00212    -0.00225     0.00842     0.00000     0.00000     0.00000     0.01074     0.00000
     2.70500    -0.00211    -0.00223     0.00835     0.00000     0.00000     0.00000     0.01071     0.00000
     2.71000    -0.00209    -0.00222     0.00828     0.00000     0.00000     0.00000     0.01068     0.00000
     2.71500    -0.00207    -0.00221     0.00822     0.00000     0.00000     0.00000     0.01065     0.00000
     2.72000    -0.00206    -0.00219     0.00815     0.00000     0.00000     0.00000     0.01062     0.00000
     2.72500    -0.00204    -0.00218     0.00808     0.00000     0.00000     0.00000     0.01059     0.00000
     2.73000    -0.00203    -0.00216     0.00801     0.00000     0.00000     0.00000     0.01056     0.00000
     2.73500    -0.00201    -0.00215     0.00795     0.00000     0.00000     0.00000     0.01054     0.00000
     2.74000    -0.00199    -0.00213     0.00788     0.00000     0.00000     0.00000     0.01051     0.00000
     2.74500    -0.00198    -0.00212     0.00782     0.00000     0.00000     0.00000     0.01048     0.00000
     2.75000    -0.00196    -0.00211     0.00775     0.00000     0.00000     0.00000     0.01045     0.00000
     2.75500    -0.00195    -0.00209     0.00769     0.00000     0.00000     0.00000     0.01042     0.00000
     2.76000    -0.00193    -0.00208     0.00762     0.00000     0.00000     0.00000     0.01040     0.00000
     2.76500    -0.00192    -0.00207     0.00756     0.00000     0.00000     0.00000     0.01037     0.00000
     2.77000    -0.00190    -0.00205     0.00750     0.00000     0.00000     0.00000     0.01034     0.00000
     2.77500    -0.00189    -0.00204     0.00743     0.00000     0.00000     0.00000     0.01031     0.00000
     2.78000    -0.00187    -0.00203     0.00737     0.00000     0.00000     0.00000     0.01029     0.00000
     2.78500    -0.00186    -0.00201     0.00731     0.00000     0.00000     0.00000     0.01026     0.00000
     2.79000    -0.00184    -0.00200     0.00725     0.00000     0.00000     0.00000     0.01023     0.00000
     2.79500    -0.00183    -0.00199     0.00719     0.00000     0.00000     0.00000     0.01020     0.00000
     2.80000    -0.00182    -0.00197     0.00713     0.00000     0.00000     0.00000     0.01018     0.00000
     2.80500    -0.00180    -0.00196     0.00707     0.00000     0.00000     0.00000     0.01015     0.00000
     2.81000    -0.00179    -0.00195     0.00701     0.00000     0.00000     0.00000     0.01012     0.00000
     2.81500    -0.00177    -0.00193     0.00696     0.00000     0.00000     0.00000     0.01010     0.00000
     2.82000    -0.00176    -0.00192     0.00690     0.00000     0.00000     0.00000     0.01007     0.00000
     2.82500    -0.00175    -0.00191     0.00684     0.00000     0.00000     0.00000     0.01005     0.00000
     2.83000    -0.00173    -0.00190     0.00678     0.00000     0.00000     0.00000     0.01002     0.00000
     2.83500    -0.00172    -0.00188     0.00673     0.00000     0.00000     0.00000     0.00999     0.00000
     2.84000    -0.00171    -0.00187     0.00667     0.00000     0.00000     0.00000     0.00997     0.00000
     2.84500    -0.00169    -0.00186     0.00662     0.00000     0.00000     0.00000     0.00994     0.00000
     2.85000    -0.00168    -0.00185     0.00656     0.00000     0.00000     0.00000     0.00992     0.00000
     2.85500    -0.00167    -0.00183     0.00651     0.00000     0.00000     0.00000     0.00989     0.00000
     2.86000    -0.00165    -0.00182     0.00645     0.00000     0.00000     0.00000     0.00986     0.00000
     2.86500    -0.00164    -0.00181     0.00640     0.00000     0.00000     0.00000     0.00984     0.00000
     2.87000    -0.00163    -0.00180     0.00635     0.00000     0.00000     0.00000     0.00981     0.00000
     2.87500    -0.00161    -0.00179     0.00629     0.00000     0.00000     0.00000     0.00979     0.00000
     2.88000    -0.00160    -0.00177     0.00624     0.00000     0.00000     0.00000     0.00976     0.00000
     2.88500    -0.00159    -0.00176     0.00619     0.00000     0.00000     0.00000     0.00974     0.00000
     2.89000    -0.00158    -0.00175     0.00614     0.00000     0.00000     0.00000     0.00971     0.00000
     2.89500    -0.00157    -0.00174     0.00609     0.00000     0.00000     0.00000     0.00969     0.00000
     2.90000    -0.00155    -0.00173     0.00604     0.00000     0.00000     0.00000     0.00966     0.00000
     2.90500    -0.00154    -0.00172     0.00599     0.00000     0.00000     0.00000     0.00964     0.00000
     2.91000    -0.00153    -0.00170     0.00594     0.00000     0.00000     0.00000     0.00961     0.00000
     2.91500    -0.00152    -0.00169     0.00589     0.00000     0.00000     0.00000     0.00959     0.00000
     2.92000    -0.00151    -0.00168     0.00584     0.00000     0.00000     0.00000     0.00956     0.00000
     2.92500    -0.00149    -0.00167     0.00579     0.00000     0.00000     0.00000     0.00954     0.00000
     2.93000    -0.00148    -0.00166     0.00574     0.00000     0.00000     0.00000     0.00952     0.00000
     2.93500    -0.00147    -0.00165     0.00569     0.00000     0.00000     0.00000     0.00949     0.00000
     2.94000    -0.00146    -0.00164     0.00565     0.00000     0.00000     0.00000     0.00947     0.00000
     2.94500    -0.00145    -0.00163     0.00560     0.00000     0.00000     0.00000     0.00944     0.00000
     2.95000    -0.00144    -0.00162     0.00555     0.00000     0.00000     0.00000     0.00942     0.00000
     2.95500    -0.00142    -0.00160     0.00551     0.00000     0.00000     0.00000     0.00940     0.00000
     2.96000    -0.00141    -0.00159     0.00546     0.00000     0.00000     0.00000     0.00937     0.00000
     2.96500    -0.00140    -0.00158     0.00542     0.00000     0.00000     0.00000     0.00935     0.00000
     2.97000    -0.00139    -0.00157     0.00537     0.00000     0.00000     0.00000     0.00932     0.00000
     2.97500    -0.00138    -0.00156     0.00533     0.00000     0.00000     0.00000     0.00930     0.00000
     2.98000    -0.00137    -0.00155     0.00528     0.00000     0.00000     0.00000     0.00928     0.00000
     2.98500    -0.00136    -0.00154     0.00524     0.00000     0.00000     0.00000     0.00925     0.00000
     2.99000    -0.00135    -0.00153     0.00519     0.00000     0.00000     0.00000     0.00923     0.00000
     2.99500    -0.00134    -0.00152     0.00515     0.00000     0.00000     0.00000     0.00921     0.00000
     3.00000    -0.00133    -0.00151     0.00511     0.00000     0.00000     0.00000     0.00919     0.00000
     3.00500    -0.00132    -0.00150     0.00507     0.00000     0.00000     0.00000     0.00916     0.00000
     3.01000    -0.00131    -0.00149     0.00502     0.00000     0.00000     0.00000     0.00914     0.00000
     3.01500    -0.00130    -0.00148     0.00498     0.00000     0.00000     0.00000     0.00912     0.00000
     3.02000    -0.00129    -0.00147     0.00494     0.00000     0.00000     0.00000     0.00909     0.00000
     3.02500    -0.00128    -0.00146     0.00490     0.00000     0.00000     0.00000     0.00907     0.00000
     3.03000    -0.00127    -0.00145     0.00486     0.00000     0.00000     0.00000     0.00905     0.00000
     3.03500    -0.00126    -0.00144     0.00482     0.00000     0.00000     0.00000     0.00903     0.00000
     3.04000    -0.00125    -0.00143     0.00478     0.00000     0.00000     0.00000     0.00900     0.00000
     3.04500    -0.00124    -0.00142     0.00474     0.00000     0.00000     0.00000     0.00898     0.00000
     3.05000    -0.00123    -0.00141     0.00470     0.00000     0.00000     0.00000     0.00896     0.00000
     3.05500    -0.00122    -0.00140     0.00466     0.00000     0.00000     0.00000     0.00894     0.00000
     3.06000    -0.00121    -0.00139     0.00462     0.00000     0.00000     0.00000     0.00892     0.00000
     3.06500    -0.00120    -0.00138     0.00458     0.00000     0.00000     0.00000     0.00889     0.00000
     3.07000    -0.00119    -0.00137     0.00455     0.00000     0.00000     0.00000     0.00887     0.00000
     3.07500    -0.00118    -0.00136     0.00451     0.00000     0.00000     0.00000     0.00885     0.00000
     3.08000    -0.00117    -0.00135     0.00447     0.00000     0.00000     0.00000     0.00883     0.00000
     3.08500    -0.00116    -0.00135     0.00443     0.00000     0.00000     0.00000     0.00881     0.00000
     3.09000    -0.00115    -0.00134     0.00440     0.00000     0.00000     0.00000     0.00879     0.00000
     3.09500    -0.00114    -0.00133     0.00436     0.00000     0.00000     0.00000     0.00876     0.00000
     3.10000    -0.00114    -0.00132     0.00432     0.00000     0.00000     0.00000     0.00874     0.00000
     3.10500    -0.00113    -0.00131     0.00429     0.00000     0.00000     0.00000     0.00872     0.00000
     3.11000    -0.00112    -0.00130     0.00425     0.00000     0.00000     0.00000     0.00870     0.00000
     3.11500    -0.00111    -0.00129     0.00422     0.00000     0.00000     0.00000     0.00868     0.00000
     3.12000    -0.00110    -0.00128     0.00418     0.00000     0.00000     0.00000     0.00866     0.00000
     3.12500    -0.00109    -0.00127     0.00415     0.00000     0.00000     0.00000     0.00864     0.00000
     3.13000    -0.00108    -0.00126     0.00411     0.00000     0.00000     0.00000     0.00862     0.00000
     3.13500    -0.00107    -0.00126     0.00408     0.00000     0.00000     0.00000     0.00860     0.00000
     3.14000    -0.00107    -0.00125     0.00404     0.00000     0.00000     0.00000     0.00857     0.00000
     3.14500    -0.00106    -0.00124     0.00401     0.00000     0.00000     0.00000     0.00855     0.00000
     3.15000    -0.00105    -0.00123     0.00398     0.00000     0.00000     0.00000     0.00853     0.00000
     3.15500    -0.00104    -0.00122     0.00394     0.00000     0.00000     0.00000     0.00851     0.00000
     3.16000    -0.00103    -0.00121     0.00391     0.00000     0.00000     0.00000     0.00849     0.00000
     3.16500    -0.00103    -0.00121     0.00388     0.00000     0.00000     0.00000     0.00847     0.00000
     3.17000    -0.00102    -0.00120     0.00385     0.00000     0.00000     0.00000     0.00845     0.00000
     3.17500    -0.00101    -0.00119     0.00381     0.00000     0.00000     0.00000     0.00843     0.00000
     3.18000    -0.00100    -0.00118     0.00378     0.00000     0.00000     0.00000     0.00841     0.00000
     3.18500    -0.00099    -0.00117     0.00375     0.00000     0.00000     0.00000     0.00839     0.00000
     3.19000    -0.00099    -0.00116     0.00372     0.00000     0.00000     0.00000     0.00837     0.00000
     3.19500    -0.00098    -0.00116     0.00369     0.00000     0.00000     0.00000     0.00835     0.00000
     3.20000    -0.00097    -0.00115     0.00366     0.00000     0.00000     0.00000     0.00833     0.00000
     3.20500    -0.00096    -0.00114     0.00363     0.00000     0.00000     0.00000     0.00831     0.00000
     3.21000    -0.00096    -0.00113     0.00360     0.00000     0.00000     0.00000     0.00829     0.00000
     3.21500    -0.00095    -0.00113     0.00357     0.00000     0.00000     0.00000     0.00827     0.00000
     3.22000    -0.00094    -0.00112     0.00354     0.00000     0.00000     0.00000     0.00825     0.00000
     3.22500    -0.00093    -0.00111     0.00351     0.00000     0.00000     0.00000     0.00823     0.00000
     3.23000    -0.00093    -0.00110     0.00348     0.00000     0.00000     0.00000     0.00821     0.00000
     3.23500    -0.00092    -0.00109     0.00345     0.00000     0.00000     0.00000     0.00819     0.00000
     3.24000    -0.00091    -0.00109     0.00342     0.00000     0.00000     0.00000     0.00818     0.00000
     3.24500    -0.00090    -0.00108     0.00339     0.00000     0.00000     0.00000     0.00816     0.00000
     3.25000    -0.00090    -0.00107     0.00337     0.00000     0.00000     0.00000     0.00814     0.00000
     3.25500    -0.00089    -0.00106     0.00334     0.00000     0.00000     0.00000     0.00812     0.00000
     3.26000    -0.00088    -0.00106     0.00331     0.00000     0.00000     0.00000     0.00810     0.00000
     3.26500    -0.00088    -0.00105     0.00328     0.00000     0.00000     0.00000     0.00808     0.00000
     3.27000    -0.00087    -0.00104     0.00325     0.00000     0.00000     0.00000     0.00806     0.00000
     3.27500    -0.00086    -0.00104     0.00323     0.00000     0.00000     0.00000     0.00804     0.00000
     3.28000    -0.00086    -0.00103     0.00320     0.00000     0.00000     0.00000     0.00802     0.00000
     3.28500    -0.00085    -0.00102     0.00317     0.00000     0.00000     0.00000     0.00800     0.00000
     3.29000    -0.00084    -0.00101     0.00315     0.00000     0.00000     0.00000     0.00799     0.00000
     3.29500    -0.00084    -0.00101     0.00312     0.00000     0.00000     0.00000     0.00797     0.00000
     3.30000    -0.00083    -0.00100     0.00310     0.00000     0.00000     0.00000     0.00795     0.00000
     3.30500    -0.00082    -0.00099     0.00307     0.00000     0.00000     0.00000     0.00793     0.00000
     3.31000    -0.00082    -0.00099     0.00304     0.00000     0.00000     0.00000     0.00791     0.00000
     3.31500    -0.00081    -0.00098     0.00302     0.00000     0.00000     0.00000     0.00789     0.00000
     3.32000    -0.00080    -0.00097     0.00299     0.00000     0.00000     0.00000     0.00788     0.00000
     3.32500    -0.00080    -0.00097     0.00297     0.00000     0.00000     0.00000     0.00786     0.00000
     3.33000    -0.00079    -0.00096     0.00294     0.00000     0.00000     0.00000     0.00784     0.00000
     3.33500    -0.00079    -0.00095     0.00292     0.00000     0.00000     0.00000     0.00782     0.00000
     3.34000    -0.00078    -0.00095     0.00290     0.00000     0.00000     0.00000     0.00780     0.00000
     3.34500    -0.00077    -0.00094     0.00287     0.00000     0.00000     0.00000     0.00778     0.00000
     3.35000    -0.00077    -0.00093     0.00285     0.00000     0.00000     0.00000     0.00777     0.00000
     3.35500    -0.00076    -0.00093     0.00282     0.00000     0.00000     0.00000     0.00775     0.00000
     3.36000    -0.00076    -0.00092     0.00280     0.00000     0.00000     0.00000     0.00773     0.00000
     3.36500    -0.00075    -0.00091     0.00278     0.00000     0.00000     0.00000     0.00771     0.00000
     3.37000    -0.00074    -0.00091     0.00275     0.00000     0.00000     0.00000     0.00770     0.00000
     3.37500    -0.00074    -0.00090     0.00273     0.00000     0.00000     0.00000     0.00768     0.00000
     3.38000    -0.00073    -0.00089     0.00271     0.00000     0.00000     0.00000     0.00766     0.00000
     3.38500    -0.00073    -0.00089     0.00269     0.00000     0.00000     0.00000     0.00764     0.00000
     3.39000    -0.00072    -0.00088     0.00266     0.00000     0.00000     0.00000     0.00763     0.00000
     3.39500    -0.00072    -0.00088     0.00264     0.00000     0.00000     0.00000     0.00761     0.00000
     3.40000    -0.00071    -0.00087     0.00262     0.00000     0.00000     0.00000     0.00759     0.00000
     3.40500    -0.00070    -0.00086     0.00260     0.00000     0.00000     0.00000     0.00757     0.00000
     3.41000    -0.00070    -0.00086     0.00258     0.00000     0.00000     0.00000     0.00756     0.00000
     3.41500    -0.00069    -0.00085     0.00255     0.00000     0.00000     0.00000     0.00754     0.00000
     3.42000    -0.00069    -0.00085     0.00253     0.00000     0.00000     0.00000     0.00752     0.00000
     3.42500    -0.00068    -0.00084     0.00251     0.00000     0.00000     0.00000     0.00751     0.00000
     3.43000    -0.00068    -0.00083     0.00249     0.00000     0.00000     0.00000     0.00749     0.00000
     3.43500    -0.00067    -0.00083     0.00247     0.00000     0.00000     0.00000     0.00747     0.00000
     3.44000    -0.00067    -0.00082     0.00245     0.00000     0.00000     0.00000     0.00746     0.00000
     3.44500    -0.00066    -0.00082     0.00243     0.00000     0.00000     0.00000     0.00744     0.00000
     3.45000    -0.00066    -0.00081     0.00241     0.00000     0.00000     0.00000     0.00742     0.00000
     3.45500    -0.00065    -0.00080     0.00239     0.00000     0.00000     0.00000     0.00740     0.00000
     3.46000    -0.00065    -0.00080     0.00237     0.00000     0.00000     0.00000     0.00739     0.00000
     3.46500    -0.00064    -0.00079     0.00235     0.00000     0.00000     0.00000     0.00737     0.00000
     3.47000    -0.00064    -0.00079     0.00233     0.00000     0.00000     0.00000     0.00736     0.00000
     3.47500    -0.00063    -0.00078     0.00231     0.00000     0.00000     0.00000     0.00734     0.00000
     3.48000    -0.00063    -0.00078     0.00229     0.00000     0.00000     0.00000     0.00732     0.00000
     3.48500    -0.00062    -0.00077     0.00227     0.00000     0.00000     0.00000     0.00731     0.00000
     3.49000    -0.00062    -0.00077     0.00225     0.00000     0.00000     0.00000     0.00729     0.00000
     3.49500    -0.00061    -0.00076     0.00223     0.00000     0.00000     0.00000     0.00727     0.00000
     3.50000    -0.00061    -0.00076     0.00222     0.00000     0.00000     0.00000     0.00726     0.00000
     3.50500    -0.00060    -0.00075     0.00220     0.00000     0.00000     0.00000     0.00724     0.00000
     3.51000    -0.00060    -0.00074     0.00218     0.00000     0.00000     0.00000     0.00723     0.00000
     3.51500    -0.00059    -0.00074     0.00216     0.00000     0.00000     0.00000     0.00721     0.00000
     3.52000    -0.00059    -0.00073     0.00214     0.00000     0.00000     0.00000     0.00719     0.00000
     3.52500    -0.00058    -0.00073     0.00213     0.00000     0.00000     0.00000     0.00718     0.00000
     3.53000    -0.00058    -0.00072     0.00211     0.00000     0.00000     0.00000     0.00716     0.00000
     3.53500    -0.00057    -0.00072     0.00209     0.00000     0.00000     0.00000     0.00715     0.00000
     3.54000    -0.00057    -0.00071     0.00207     0.00000     0.00000     0.00000     0.00713     0.00000
     3.54500    -0.00057    -0.00071     0.00206     0.00000     0.00000     0.00000     0.00711     0.00000
     3.55000    -0.00056    -0.00070     0.00204     0.00000     0.00000     0.00000     0.00710     0.00000
     3.55500    -0.00056    -0.00070     0.00202     0.00000     0.00000     0.00000     0.00708     0.00000
     3.56000    -0.00055    -0.00069     0.00200     0.00000     0.00000     0.00000     0.00707     0.00000
     3.56500    -0.00055    -0.00069     0.00199     0.00000     0.00000     0.00000     0.00705     0.00000
     3.57000    -0.00054    -0.00068     0.00197     0.00000     0.00000     0.00000     0.00704     0.00000
     3.57500    -0.00054    -0.00068     0.00195     0.00000     0.00000     0.00000     0.00702     0.00000
     3.58000    -0.00054    -0.00067     0.00194     0.00000     0.00000     0.00000     0.00701     0.00000
     3.58500    -0.00053    -0.00067     0.00192     0.00000     0.00000     0.00000     0.00699     0.00000
     3.59000    -0.00053    -0.00066     0.00191     0.00000     0.00000     0.00000     0.00698     0.00000
     3.59500    -0.00052    -0.00066     0.00189     0.00000     0.00000     0.00000     0.00696     0.00000
     3.60000    -0.00052    -0.00066     0.00187     0.00000     0.00000     0.00000     0.00695     0.00000
     3.60500    -0.00051    -0.00065     0.00186     0.00000     0.00000     0.00000     0.00693     0.00000
     3.61000    -0.00051    -0.00065     0.00184     0.00000     0.00000     0.00000     0.00692     0.00000
     3.61500    -0.00051    -0.00064     0.00183     0.00000     0.00000     0.00000     0.00690     0.00000
     3.62000    -0.00050    -0.00064     0.00181     0.00000     0.00000     0.00000     0.00689     0.00000
     3.62500    -0.00050    -0.00063     0.00180     0.00000     0.00000     0.00000     0.00687     0.00000
     3.63000    -0.00050    -0.00063     0.00178     0.00000     0.00000     0.00000     0.00686     0.00000
     3.63500    -0.00049    -0.00062     0.00177     0.00000     0.00000     0.00000     0.00684     0.00000
     3.64000    -0.00049    -0.00062     0.00175     0.00000     0.00000     0.00000     0.00683     0.00000
     3.64500    -0.00048    -0.00061     0.00174     0.00000     0.00000     0.00000     0.00681     0.00000
     3.65000    -0.00048    -0.00061     0.00172     0.00000     0.00000     0.00000     0.00680     0.00000
     3.65500    -0.00048    -0.00061     0.00171     0.00000     0.00000     0.00000     0.00678     0.00000
     3.66000    -0.00047    -0.00060     0.00170     0.00000     0.00000     0.00000     0.00677     0.00000
     3.66500    -0.00047    -0.00060     0.00168     0.00000     0.00000     0.00000     0.00675     0.00000
     3.67000    -0.00047    -0.00059     0.00167     0.00000     0.00000     0.00000     0.00674     0.00000
     3.67500    -0.00046    -0.00059     0.00165     0.00000     0.00000     0.00000     0.00672     0.00000
     3.68000    -0.00046    -0.00058     0.00164     0.00000     0.00000     0.00000     0.00671     0.00000
     3.68500    -0.00045    -0.00058     0.00163     0.00000     0.00000     0.00000     0.00670     0.00000
     3.69000    -0.00045    -0.00058     0.00161     0.00000     0.00000     0.00000     0.00668     0.00000
     3.69500    -0.00045    -0.00057     0.00160     0.00000     0.00000     0.00000     0.00667     0.00000
     3.70000    -0.00044    -0.00057     0.00159     0.00000     0.00000     0.00000     0.00665     0.00000
     3.70500    -0.00044    -0.00056     0.00157     0.00000     0.00000     0.00000     0.00664     0.00000
     3.71000    -0.00044    -0.00056     0.00156     0.00000     0.00000     0.00000     0.00662     0.00000
     3.71500    -0.00043    -0.00056     0.00155     0.00000     0.00000     0.00000     0.00661     0.00000
     3.72000    -0.00043    -0.00055     0.00153     0.00000     0.00000     0.00000     0.00660     0.00000
     3.72500    -0.00043    -0.00055     0.00152     0.00000     0.00000     0.00000     0.00658     0.00000
     3.73000    -0.00042    -0.00054     0.00151     0.00000     0.00000     0.00000     0.00657     0.00000
     3.73500    -0.00042    -0.00054     0.00150     0.00000     0.00000     0.00000     0.00656     0.00000
     3.74000    -0.00042    -0.00054     0.00148     0.00000     0.00000     0.00000     0.00654     0.00000
     3.74500    -0.00041    -0.00053     0.00147     0.00000     0.00000     0.00000     0.00653     0.00000
     3.75000    -0.00041    -0.00053     0.00146     0.00000     0.00000     0.00000     0.00651     0.00000
     3.75500    -0.00041    -0.00053     0.00145     0.00000     0.00000     0.00000     0.00650     0.00000
     3.76000    -0.00040    -0.00052     0.00143     0.00000     0.00000     0.00000     0.00649     0.00000
     3.76500    -0.00040    -0.00052     0.00142     0.00000     0.00000     0.00000     0.00647     0.00000
     3.77000    -0.00040    -0.00051     0.00141     0.00000     0.00000     0.00000     0.00646     0.00000
     3.77500    -0.00039    -0.00051     0.00140     0.00000     0.00000     0.00000     0.00645     0.00000
     3.78000    -0.00039    -0.00051     0.00139     0.00000     0.00000     0.00000     0.00643     0.00000
     3.78500    -0.00039    -0.00050     0.00138     0.00000     0.00000     0.00000     0.00642     0.00000
     3.79000    -0.00039    -0.00050     0.00136     0.00000     0.00000     0.00000     0.00641     0.00000
     3.79500    -0.00038    -0.00050     0.00135     0.00000     0.00000     0.00000     0.00639     0.00000
     3.80000    -0.00038    -0.00049     0.00134     0.00000     0.00000     0.00000     0.00638     0.00000
     3.80500    -0.00038    -0.00049     0.00133     0.00000     0.00000     0.00000     0.00637     0.00000
     3.81000    -0.00037    -0.00049     0.00132     0.00000     0.00000     0.00000     0.00635     0.00000
     3.81500    -0.00037    -0.00048     0.00131     0.00000     0.00000     0.00000     0.00634     0.00000
     3.82000    -0.00037    -0.00048     0.00130     0.00000     0.00000     0.00000     0.00633     0.00000
     3.82500    -0.00036    -0.00048     0.00129     0.00000     0.00000     0.00000     0.00631     0.00000
     3.83000    -0.00036    -0.00047     0.00128     0.00000     0.00000     0.00000     0.00630     0.00000
     3.83500    -0.00036    -0.00047     0.00127     0.00000     0.00000     0.00000     0.00629     0.00000
     3.84000    -0.00036    -0.00046     0.00125     0.00000     0.00000     0.00000     0.00627     0.00000
     3.84500    -0.00035    -0.00046     0.00124     0.00000     0.00000     0.00000     0.00626     0.00000
     3.85000    -0.00035    -0.00046     0.00123     0.00000     0.00000     0.00000     0.00625     0.00000
     3.85500    -0.00035    -0.00046     0.00122     0.00000     0.00000     0.00000     0.00624     0.00000
     3.86000    -0.00035    -0.00045     0.00121     0.00000     0.00000     0.00000     0.00622     0.00000
     3.86500    -0.00034    -0.00045     0.00120     0.00000     0.00000     0.00000     0.00621     0.00000
     3.87000    -0.00034    -0.00045     0.00119     0.00000     0.00000     0.00000     0.00620     0.00000
     3.87500    -0.00034    -0.00044     0.00118     0.00000     0.00000     0.00000     0.00618     0.00000
     3.88000    -0.00033    -0.00044     0.00117     0.00000     0.00000     0.00000     0.00617     0.00000
     3.88500    -0.00033    -0.00044     0.00116     0.00000     0.00000     0.00000     0.00616     0.00000
     3.89000    -0.00033    -0.00043     0.00115     0.00000     0.00000     0.00000     0.00615     0.00000
     3.89500    -0.00033    -0.00043     0.00114     0.00000     0.00000     0.00000     0.00613     0.00000
     3.90000    -0.00032    -0.00043     0.00114     0.00000     0.00000     0.00000     0.00612     0.00000
     3.90500    -0.00032    -0.00042     0.00113     0.00000     0.00000     0.00000     0.00611     0.00000
     3.91000    -0.00032    -0.00042     0.00112     0.00000     0.00000     0.00000     0.00610     0.00000
     3.91500    -0.00032    -0.00042     0.00111     0.00000     0.00000     0.00000     0.00608     0.00000
     3.92000    -0.00031    -0.00041     0.00110     0.00000     0.00000     0.00000     0.00607     0.00000
     3.92500    -0.00031    -0.00041     0.00109     0.00000     0.00000     0.00000     0.00606     0.00000
     3.93000    -0.00031    -0.00041     0.00108     0.00000     0.00000     0.00000     0.00605     0.00000
     3.93500    -0.00031    -0.00041     0.00107     0.00000     0.00000     0.00000     0.00603     0.00000
     3.94000    -0.00030    -0.00040     0.00106     0.00000     0.00000     0.00000     0.00602     0.00000
     3.94500    -0.00030    -0.00040     0.00105     0.00000     0.00000     0.00000     0.00601     0.00000
     3.95000    -0.00030    -0.00040     0.00104     0.00000     0.00000     0.00000     0.00600     0.00000
     3.95500    -0.00030    -0.00039     0.00104     0.00000     0.00000     0.00000     0.00599     0.00000
     3.96000    -0.00030    -0.00039     0.00103     0.00000     0.00000     0.00000     0.00597     0.00000
     3.96500    -0.00029    -0.00039     0.00102     0.00000     0.00000     0.00000     0.00596     0.00000
     3.97000    -0.00029    -0.00039     0.00101     0.00000     0.00000     0.00000     0.00595     0.00000
     3.97500    -0.00029    -0.00038     0.00100     0.00000     0.00000     0.00000     0.00594     0.00000
     3.98000    -0.00029    -0.00038     0.00099     0.00000     0.00000     0.00000     0.00593     0.00000
     3.98500    -0.00028    -0.00038     0.00098     0.00000     0.00000     0.00000     0.00591     0.00000
     3.99000    -0.00028    -0.00037     0.00098     0.00000     0.00000     0.00000     0.00590     0.00000
     3.99500    -0.00028    -0.00037     0.00097     0.00000     0.00000     0.00000     0.00589     0.00000
     4.00000    -0.00028    -0.00037     0.00096     0.00000     0.00000     0.00000     0.00588     0.00000
