 # S11_1650 FF
     0.00000    -0.19788    -0.01747     0.00000     0.00000    -0.12520    -4.44606     0.00000     0.00000
     0.00500    -0.19309    -0.01650     0.00000     0.00000    -0.12395    -3.48654     0.00000     0.00000
     0.01000    -0.18843    -0.01557     0.00000     0.00000    -0.12273    -2.85782     0.00000     0.00000
     0.01500    -0.18390    -0.01467     0.00000     0.00000    -0.12152    -2.41413     0.00000     0.00000
     0.02000    -0.17950    -0.01381     0.00000     0.00000    -0.12034    -2.08439     0.00000     0.00000
     0.02500    -0.17522    -0.01297     0.00000     0.00000    -0.11916    -1.82978     0.00000     0.00000
     0.03000    -0.17106    -0.01217     0.00000     0.00000    -0.11801    -1.62732     0.00000     0.00000
     0.03500    -0.16701    -0.01140     0.00000     0.00000    -0.11687    -1.46253     0.00000     0.00000
     0.04000    -0.16308    -0.01066     0.00000     0.00000    -0.11575    -1.32584     0.00000     0.00000
     0.04500    -0.15925    -0.00994     0.00000     0.00000    -0.11465    -1.21066     0.00000     0.00000
     0.05000    -0.15552    -0.00925     0.00000     0.00000    -0.11356    -1.11232     0.00000     0.00000
     0.05500    -0.15189    -0.00859     0.00000     0.00000    -0.11248    -1.02740     0.00000     0.00000
     0.06000    -0.14836    -0.00795     0.00000     0.00000    -0.11143    -0.95335     0.00000     0.00000
     0.06500    -0.14492    -0.00733     0.00000     0.00000    -0.11038    -0.88823     0.00000     0.00000
     0.07000    -0.14157    -0.00674     0.00000     0.00000    -0.10935    -0.83054     0.00000     0.00000
     0.07500    -0.13831    -0.00617     0.00000     0.00000    -0.10834    -0.77909     0.00000     0.00000
     0.08000    -0.13513    -0.00562     0.00000     0.00000    -0.10734    -0.73292     0.00000     0.00000
     0.08500    -0.13204    -0.00509     0.00000     0.00000    -0.10635    -0.69129     0.00000     0.00000
     0.09000    -0.12902    -0.00458     0.00000     0.00000    -0.10538    -0.65355     0.00000     0.00000
     0.09500    -0.12608    -0.00409     0.00000     0.00000    -0.10442    -0.61920     0.00000     0.00000
     0.10000    -0.12322    -0.00361     0.00000     0.00000    -0.10347    -0.58782     0.00000     0.00000
     0.10500    -0.12043    -0.00316     0.00000     0.00000    -0.10253    -0.55903     0.00000     0.00000
     0.11000    -0.11770    -0.00271     0.00000     0.00000    -0.10161    -0.53254     0.00000     0.00000
     0.11500    -0.11505    -0.00229     0.00000     0.00000    -0.10070    -0.50809     0.00000     0.00000
     0.12000    -0.11246    -0.00188     0.00000     0.00000    -0.09981    -0.48545     0.00000     0.00000
     0.12500    -0.10993    -0.00149     0.00000     0.00000    -0.09892    -0.46444     0.00000     0.00000
     0.13000    -0.10747    -0.00111     0.00000     0.00000    -0.09805    -0.44490     0.00000     0.00000
     0.13500    -0.10507    -0.00074     0.00000     0.00000    -0.09719    -0.42668     0.00000     0.00000
     0.14000    -0.10272    -0.00039     0.00000     0.00000    -0.09634    -0.40964     0.00000     0.00000
     0.14500    -0.10043    -0.00005     0.00000     0.00000    -0.09550    -0.39370     0.00000     0.00000
     0.15000    -0.09820     0.00027     0.00000     0.00000    -0.09467    -0.37874     0.00000     0.00000
     0.15500    -0.09602     0.00059     0.00000     0.00000    -0.09385    -0.36468     0.00000     0.00000
     0.16000    -0.09389     0.00089     0.00000     0.00000    -0.09304    -0.35145     0.00000     0.00000
     0.16500    -0.09181     0.00118     0.00000     0.00000    -0.09225    -0.33897     0.00000     0.00000
     0.17000    -0.08979     0.00146     0.00000     0.00000    -0.09146    -0.32719     0.00000     0.00000
     0.17500    -0.08781     0.00174     0.00000     0.00000    -0.09068    -0.31605     0.00000     0.00000
     0.18000    -0.08587     0.00200     0.00000     0.00000    -0.08991    -0.30551     0.00000     0.00000
     0.18500    -0.08398     0.00225     0.00000     0.00000    -0.08916    -0.29551     0.00000     0.00000
     0.19000    -0.08214     0.00249     0.00000     0.00000    -0.08841    -0.28602     0.00000     0.00000
     0.19500    -0.08033     0.00272     0.00000     0.00000    -0.08767    -0.27701     0.00000     0.00000
     0.20000    -0.07857     0.00294     0.00000     0.00000    -0.08694    -0.26844     0.00000     0.00000
     0.20500    -0.07685     0.00316     0.00000     0.00000    -0.08622    -0.26027     0.00000     0.00000
     0.21000    -0.07517     0.00337     0.00000     0.00000    -0.08551    -0.25249     0.00000     0.00000
     0.21500    -0.07352     0.00357     0.00000     0.00000    -0.08481    -0.24507     0.00000     0.00000
     0.22000    -0.07192     0.00376     0.00000     0.00000    -0.08412    -0.23798     0.00000     0.00000
     0.22500    -0.07034     0.00394     0.00000     0.00000    -0.08343    -0.23120     0.00000     0.00000
     0.23000    -0.06881     0.00412     0.00000     0.00000    -0.08275    -0.22472     0.00000     0.00000
     0.23500    -0.06731     0.00429     0.00000     0.00000    -0.08208    -0.21852     0.00000     0.00000
     0.24000    -0.06584     0.00445     0.00000     0.00000    -0.08142    -0.21258     0.00000     0.00000
     0.24500    -0.06440     0.00461     0.00000     0.00000    -0.08077    -0.20688     0.00000     0.00000
     0.25000    -0.06300     0.00476     0.00000     0.00000    -0.08013    -0.20141     0.00000     0.00000
     0.25500    -0.06163     0.00491     0.00000     0.00000    -0.07949    -0.19617     0.00000     0.00000
     0.26000    -0.06028     0.00505     0.00000     0.00000    -0.07886    -0.19113     0.00000     0.00000
     0.26500    -0.05897     0.00518     0.00000     0.00000    -0.07824    -0.18628     0.00000     0.00000
     0.27000    -0.05768     0.00531     0.00000     0.00000    -0.07762    -0.18162     0.00000     0.00000
     0.27500    -0.05643     0.00543     0.00000     0.00000    -0.07701    -0.17713     0.00000     0.00000
     0.28000    -0.05520     0.00555     0.00000     0.00000    -0.07641    -0.17281     0.00000     0.00000
     0.28500    -0.05399     0.00566     0.00000     0.00000    -0.07582    -0.16865     0.00000     0.00000
     0.29000    -0.05282     0.00577     0.00000     0.00000    -0.07523    -0.16464     0.00000     0.00000
     0.29500    -0.05166     0.00588     0.00000     0.00000    -0.07465    -0.16077     0.00000     0.00000
     0.30000    -0.05053     0.00597     0.00000     0.00000    -0.07408    -0.15704     0.00000     0.00000
     0.30500    -0.04943     0.00607     0.00000     0.00000    -0.07351    -0.15343     0.00000     0.00000
     0.31000    -0.04835     0.00616     0.00000     0.00000    -0.07295    -0.14995     0.00000     0.00000
     0.31500    -0.04729     0.00625     0.00000     0.00000    -0.07240    -0.14658     0.00000     0.00000
     0.32000    -0.04626     0.00633     0.00000     0.00000    -0.07185    -0.14333     0.00000     0.00000
     0.32500    -0.04524     0.00641     0.00000     0.00000    -0.07131    -0.14018     0.00000     0.00000
     0.33000    -0.04425     0.00649     0.00000     0.00000    -0.07078    -0.13714     0.00000     0.00000
     0.33500    -0.04328     0.00656     0.00000     0.00000    -0.07025    -0.13419     0.00000     0.00000
     0.34000    -0.04232     0.00663     0.00000     0.00000    -0.06972    -0.13133     0.00000     0.00000
     0.34500    -0.04139     0.00670     0.00000     0.00000    -0.06921    -0.12857     0.00000     0.00000
     0.35000    -0.04048     0.00676     0.00000     0.00000    -0.06870    -0.12589     0.00000     0.00000
     0.35500    -0.03958     0.00682     0.00000     0.00000    -0.06819    -0.12329     0.00000     0.00000
     0.36000    -0.03871     0.00687     0.00000     0.00000    -0.06769    -0.12077     0.00000     0.00000
     0.36500    -0.03785     0.00693     0.00000     0.00000    -0.06719    -0.11833     0.00000     0.00000
     0.37000    -0.03701     0.00698     0.00000     0.00000    -0.06670    -0.11596     0.00000     0.00000
     0.37500    -0.03619     0.00703     0.00000     0.00000    -0.06622    -0.11365     0.00000     0.00000
     0.38000    -0.03538     0.00707     0.00000     0.00000    -0.06574    -0.11142     0.00000     0.00000
     0.38500    -0.03459     0.00712     0.00000     0.00000    -0.06527    -0.10925     0.00000     0.00000
     0.39000    -0.03381     0.00716     0.00000     0.00000    -0.06480    -0.10714     0.00000     0.00000
     0.39500    -0.03305     0.00720     0.00000     0.00000    -0.06433    -0.10508     0.00000     0.00000
     0.40000    -0.03231     0.00723     0.00000     0.00000    -0.06388    -0.10309     0.00000     0.00000
     0.40500    -0.03158     0.00727     0.00000     0.00000    -0.06342    -0.10115     0.00000     0.00000
     0.41000    -0.03087     0.00730     0.00000     0.00000    -0.06297    -0.09926     0.00000     0.00000
     0.41500    -0.03017     0.00733     0.00000     0.00000    -0.06253    -0.09743     0.00000     0.00000
     0.42000    -0.02948     0.00736     0.00000     0.00000    -0.06209    -0.09564     0.00000     0.00000
     0.42500    -0.02881     0.00738     0.00000     0.00000    -0.06165    -0.09390     0.00000     0.00000
     0.43000    -0.02815     0.00741     0.00000     0.00000    -0.06122    -0.09221     0.00000     0.00000
     0.43500    -0.02750     0.00743     0.00000     0.00000    -0.06080    -0.09056     0.00000     0.00000
     0.44000    -0.02687     0.00745     0.00000     0.00000    -0.06038    -0.08895     0.00000     0.00000
     0.44500    -0.02625     0.00747     0.00000     0.00000    -0.05996    -0.08739     0.00000     0.00000
     0.45000    -0.02564     0.00749     0.00000     0.00000    -0.05955    -0.08586     0.00000     0.00000
     0.45500    -0.02504     0.00751     0.00000     0.00000    -0.05914    -0.08437     0.00000     0.00000
     0.46000    -0.02446     0.00752     0.00000     0.00000    -0.05873    -0.08292     0.00000     0.00000
     0.46500    -0.02388     0.00753     0.00000     0.00000    -0.05833    -0.08150     0.00000     0.00000
     0.47000    -0.02332     0.00754     0.00000     0.00000    -0.05794    -0.08012     0.00000     0.00000
     0.47500    -0.02277     0.00755     0.00000     0.00000    -0.05755    -0.07877     0.00000     0.00000
     0.48000    -0.02223     0.00756     0.00000     0.00000    -0.05716    -0.07746     0.00000     0.00000
     0.48500    -0.02170     0.00757     0.00000     0.00000    -0.05677    -0.07617     0.00000     0.00000
     0.49000    -0.02118     0.00758     0.00000     0.00000    -0.05639    -0.07492     0.00000     0.00000
     0.49500    -0.02067     0.00758     0.00000     0.00000    -0.05602    -0.07370     0.00000     0.00000
     0.50000    -0.02017     0.00759     0.00000     0.00000    -0.05564    -0.07250     0.00000     0.00000
     0.50500    -0.01968     0.00759     0.00000     0.00000    -0.05527    -0.07133     0.00000     0.00000
     0.51000    -0.01919     0.00759     0.00000     0.00000    -0.05491    -0.07019     0.00000     0.00000
     0.51500    -0.01872     0.00759     0.00000     0.00000    -0.05455    -0.06908     0.00000     0.00000
     0.52000    -0.01826     0.00759     0.00000     0.00000    -0.05419    -0.06799     0.00000     0.00000
     0.52500    -0.01780     0.00759     0.00000     0.00000    -0.05383    -0.06692     0.00000     0.00000
     0.53000    -0.01736     0.00759     0.00000     0.00000    -0.05348    -0.06588     0.00000     0.00000
     0.53500    -0.01692     0.00759     0.00000     0.00000    -0.05313    -0.06486     0.00000     0.00000
     0.54000    -0.01649     0.00758     0.00000     0.00000    -0.05279    -0.06386     0.00000     0.00000
     0.54500    -0.01607     0.00758     0.00000     0.00000    -0.05245    -0.06289     0.00000     0.00000
     0.55000    -0.01566     0.00758     0.00000     0.00000    -0.05211    -0.06193     0.00000     0.00000
     0.55500    -0.01525     0.00757     0.00000     0.00000    -0.05178    -0.06100     0.00000     0.00000
     0.56000    -0.01486     0.00756     0.00000     0.00000    -0.05145    -0.06009     0.00000     0.00000
     0.56500    -0.01447     0.00756     0.00000     0.00000    -0.05112    -0.05919     0.00000     0.00000
     0.57000    -0.01408     0.00755     0.00000     0.00000    -0.05079    -0.05832     0.00000     0.00000
     0.57500    -0.01371     0.00754     0.00000     0.00000    -0.05047    -0.05746     0.00000     0.00000
     0.58000    -0.01334     0.00753     0.00000     0.00000    -0.05015    -0.05662     0.00000     0.00000
     0.58500    -0.01298     0.00752     0.00000     0.00000    -0.04984    -0.05580     0.00000     0.00000
     0.59000    -0.01262     0.00751     0.00000     0.00000    -0.04952    -0.05499     0.00000     0.00000
     0.59500    -0.01227     0.00750     0.00000     0.00000    -0.04921    -0.05420     0.00000     0.00000
     0.60000    -0.01193     0.00748     0.00000     0.00000    -0.04891    -0.05343     0.00000     0.00000
     0.60500    -0.01160     0.00747     0.00000     0.00000    -0.04860    -0.05267     0.00000     0.00000
     0.61000    -0.01127     0.00746     0.00000     0.00000    -0.04830    -0.05193     0.00000     0.00000
     0.61500    -0.01095     0.00745     0.00000     0.00000    -0.04800    -0.05120     0.00000     0.00000
     0.62000    -0.01063     0.00743     0.00000     0.00000    -0.04771    -0.05049     0.00000     0.00000
     0.62500    -0.01032     0.00742     0.00000     0.00000    -0.04741    -0.04979     0.00000     0.00000
     0.63000    -0.01001     0.00740     0.00000     0.00000    -0.04712    -0.04910     0.00000     0.00000
     0.63500    -0.00971     0.00739     0.00000     0.00000    -0.04683    -0.04843     0.00000     0.00000
     0.64000    -0.00942     0.00737     0.00000     0.00000    -0.04655    -0.04777     0.00000     0.00000
     0.64500    -0.00913     0.00736     0.00000     0.00000    -0.04627    -0.04712     0.00000     0.00000
     0.65000    -0.00885     0.00734     0.00000     0.00000    -0.04599    -0.04648     0.00000     0.00000
     0.65500    -0.00857     0.00732     0.00000     0.00000    -0.04571    -0.04586     0.00000     0.00000
     0.66000    -0.00830     0.00731     0.00000     0.00000    -0.04543    -0.04525     0.00000     0.00000
     0.66500    -0.00803     0.00729     0.00000     0.00000    -0.04516    -0.04465     0.00000     0.00000
     0.67000    -0.00777     0.00727     0.00000     0.00000    -0.04489    -0.04406     0.00000     0.00000
     0.67500    -0.00751     0.00725     0.00000     0.00000    -0.04462    -0.04348     0.00000     0.00000
     0.68000    -0.00725     0.00724     0.00000     0.00000    -0.04436    -0.04292     0.00000     0.00000
     0.68500    -0.00701     0.00722     0.00000     0.00000    -0.04410    -0.04236     0.00000     0.00000
     0.69000    -0.00676     0.00720     0.00000     0.00000    -0.04384    -0.04181     0.00000     0.00000
     0.69500    -0.00652     0.00718     0.00000     0.00000    -0.04358    -0.04127     0.00000     0.00000
     0.70000    -0.00629     0.00716     0.00000     0.00000    -0.04332    -0.04075     0.00000     0.00000
     0.70500    -0.00606     0.00714     0.00000     0.00000    -0.04307    -0.04023     0.00000     0.00000
     0.71000    -0.00583     0.00712     0.00000     0.00000    -0.04282    -0.03972     0.00000     0.00000
     0.71500    -0.00561     0.00710     0.00000     0.00000    -0.04257    -0.03922     0.00000     0.00000
     0.72000    -0.00539     0.00708     0.00000     0.00000    -0.04232    -0.03873     0.00000     0.00000
     0.72500    -0.00517     0.00706     0.00000     0.00000    -0.04207    -0.03824     0.00000     0.00000
     0.73000    -0.00496     0.00704     0.00000     0.00000    -0.04183    -0.03777     0.00000     0.00000
     0.73500    -0.00476     0.00702     0.00000     0.00000    -0.04159    -0.03730     0.00000     0.00000
     0.74000    -0.00455     0.00700     0.00000     0.00000    -0.04135    -0.03684     0.00000     0.00000
     0.74500    -0.00436     0.00698     0.00000     0.00000    -0.04112    -0.03639     0.00000     0.00000
     0.75000    -0.00416     0.00696     0.00000     0.00000    -0.04088    -0.03595     0.00000     0.00000
     0.75500    -0.00397     0.00694     0.00000     0.00000    -0.04065    -0.03552     0.00000     0.00000
     0.76000    -0.00378     0.00692     0.00000     0.00000    -0.04042    -0.03509     0.00000     0.00000
     0.76500    -0.00360     0.00689     0.00000     0.00000    -0.04019    -0.03467     0.00000     0.00000
     0.77000    -0.00341     0.00687     0.00000     0.00000    -0.03996    -0.03425     0.00000     0.00000
     0.77500    -0.00324     0.00685     0.00000     0.00000    -0.03974    -0.03384     0.00000     0.00000
     0.78000    -0.00306     0.00683     0.00000     0.00000    -0.03951    -0.03344     0.00000     0.00000
     0.78500    -0.00289     0.00681     0.00000     0.00000    -0.03929    -0.03305     0.00000     0.00000
     0.79000    -0.00272     0.00679     0.00000     0.00000    -0.03907    -0.03266     0.00000     0.00000
     0.79500    -0.00256     0.00676     0.00000     0.00000    -0.03886    -0.03228     0.00000     0.00000
     0.80000    -0.00239     0.00674     0.00000     0.00000    -0.03864    -0.03191     0.00000     0.00000
     0.80500    -0.00223     0.00672     0.00000     0.00000    -0.03843    -0.03154     0.00000     0.00000
     0.81000    -0.00208     0.00670     0.00000     0.00000    -0.03822    -0.03117     0.00000     0.00000
     0.81500    -0.00192     0.00667     0.00000     0.00000    -0.03801    -0.03082     0.00000     0.00000
     0.82000    -0.00177     0.00665     0.00000     0.00000    -0.03780    -0.03047     0.00000     0.00000
     0.82500    -0.00163     0.00663     0.00000     0.00000    -0.03759    -0.03012     0.00000     0.00000
     0.83000    -0.00148     0.00661     0.00000     0.00000    -0.03738    -0.02978     0.00000     0.00000
     0.83500    -0.00134     0.00659     0.00000     0.00000    -0.03718    -0.02944     0.00000     0.00000
     0.84000    -0.00120     0.00656     0.00000     0.00000    -0.03698    -0.02911     0.00000     0.00000
     0.84500    -0.00106     0.00654     0.00000     0.00000    -0.03678    -0.02879     0.00000     0.00000
     0.85000    -0.00093     0.00652     0.00000     0.00000    -0.03658    -0.02847     0.00000     0.00000
     0.85500    -0.00079     0.00650     0.00000     0.00000    -0.03638    -0.02815     0.00000     0.00000
     0.86000    -0.00066     0.00647     0.00000     0.00000    -0.03619    -0.02784     0.00000     0.00000
     0.86500    -0.00054     0.00645     0.00000     0.00000    -0.03599    -0.02754     0.00000     0.00000
     0.87000    -0.00041     0.00643     0.00000     0.00000    -0.03580    -0.02723     0.00000     0.00000
     0.87500    -0.00029     0.00641     0.00000     0.00000    -0.03561    -0.02694     0.00000     0.00000
     0.88000    -0.00017     0.00638     0.00000     0.00000    -0.03542    -0.02665     0.00000     0.00000
     0.88500    -0.00005     0.00636     0.00000     0.00000    -0.03523    -0.02636     0.00000     0.00000
     0.89000     0.00007     0.00634     0.00000     0.00000    -0.03505    -0.02608     0.00000     0.00000
     0.89500     0.00018     0.00632     0.00000     0.00000    -0.03486    -0.02580     0.00000     0.00000
     0.90000     0.00029     0.00629     0.00000     0.00000    -0.03468    -0.02552     0.00000     0.00000
     0.90500     0.00040     0.00627     0.00000     0.00000    -0.03450    -0.02525     0.00000     0.00000
     0.91000     0.00051     0.00625     0.00000     0.00000    -0.03432    -0.02498     0.00000     0.00000
     0.91500     0.00062     0.00623     0.00000     0.00000    -0.03414    -0.02472     0.00000     0.00000
     0.92000     0.00072     0.00620     0.00000     0.00000    -0.03396    -0.02446     0.00000     0.00000
     0.92500     0.00082     0.00618     0.00000     0.00000    -0.03379    -0.02420     0.00000     0.00000
     0.93000     0.00092     0.00616     0.00000     0.00000    -0.03361    -0.02395     0.00000     0.00000
     0.93500     0.00102     0.00614     0.00000     0.00000    -0.03344    -0.02370     0.00000     0.00000
     0.94000     0.00111     0.00611     0.00000     0.00000    -0.03327    -0.02346     0.00000     0.00000
     0.94500     0.00121     0.00609     0.00000     0.00000    -0.03309    -0.02322     0.00000     0.00000
     0.95000     0.00130     0.00607     0.00000     0.00000    -0.03293    -0.02298     0.00000     0.00000
     0.95500     0.00139     0.00605     0.00000     0.00000    -0.03276    -0.02274     0.00000     0.00000
     0.96000     0.00148     0.00603     0.00000     0.00000    -0.03259    -0.02251     0.00000     0.00000
     0.96500     0.00157     0.00600     0.00000     0.00000    -0.03242    -0.02228     0.00000     0.00000
     0.97000     0.00165     0.00598     0.00000     0.00000    -0.03226    -0.02206     0.00000     0.00000
     0.97500     0.00174     0.00596     0.00000     0.00000    -0.03210    -0.02184     0.00000     0.00000
     0.98000     0.00182     0.00594     0.00000     0.00000    -0.03193    -0.02162     0.00000     0.00000
     0.98500     0.00190     0.00592     0.00000     0.00000    -0.03177    -0.02140     0.00000     0.00000
     0.99000     0.00198     0.00590     0.00000     0.00000    -0.03161    -0.02119     0.00000     0.00000
     0.99500     0.00206     0.00587     0.00000     0.00000    -0.03146    -0.02098     0.00000     0.00000
     1.00000     0.00213     0.00585     0.00000     0.00000    -0.03130    -0.02077     0.00000     0.00000
     1.00500     0.00221     0.00583     0.00000     0.00000    -0.03114    -0.02057     0.00000     0.00000
     1.01000     0.00228     0.00581     0.00000     0.00000    -0.03099    -0.02037     0.00000     0.00000
     1.01500     0.00235     0.00579     0.00000     0.00000    -0.03084    -0.02017     0.00000     0.00000
     1.02000     0.00242     0.00577     0.00000     0.00000    -0.03068    -0.01997     0.00000     0.00000
     1.02500     0.00249     0.00574     0.00000     0.00000    -0.03053    -0.01978     0.00000     0.00000
     1.03000     0.00256     0.00572     0.00000     0.00000    -0.03038    -0.01959     0.00000     0.00000
     1.03500     0.00263     0.00570     0.00000     0.00000    -0.03023    -0.01940     0.00000     0.00000
     1.04000     0.00269     0.00568     0.00000     0.00000    -0.03008    -0.01921     0.00000     0.00000
     1.04500     0.00275     0.00566     0.00000     0.00000    -0.02994    -0.01903     0.00000     0.00000
     1.05000     0.00282     0.00564     0.00000     0.00000    -0.02979    -0.01885     0.00000     0.00000
     1.05500     0.00288     0.00562     0.00000     0.00000    -0.02965    -0.01867     0.00000     0.00000
     1.06000     0.00294     0.00560     0.00000     0.00000    -0.02950    -0.01849     0.00000     0.00000
     1.06500     0.00300     0.00558     0.00000     0.00000    -0.02936    -0.01832     0.00000     0.00000
     1.07000     0.00306     0.00556     0.00000     0.00000    -0.02922    -0.01814     0.00000     0.00000
     1.07500     0.00311     0.00553     0.00000     0.00000    -0.02908    -0.01797     0.00000     0.00000
     1.08000     0.00317     0.00551     0.00000     0.00000    -0.02894    -0.01781     0.00000     0.00000
     1.08500     0.00322     0.00549     0.00000     0.00000    -0.02880    -0.01764     0.00000     0.00000
     1.09000     0.00327     0.00547     0.00000     0.00000    -0.02866    -0.01748     0.00000     0.00000
     1.09500     0.00333     0.00545     0.00000     0.00000    -0.02853    -0.01732     0.00000     0.00000
     1.10000     0.00338     0.00543     0.00000     0.00000    -0.02839    -0.01716     0.00000     0.00000
     1.10500     0.00343     0.00541     0.00000     0.00000    -0.02825    -0.01700     0.00000     0.00000
     1.11000     0.00348     0.00539     0.00000     0.00000    -0.02812    -0.01684     0.00000     0.00000
     1.11500     0.00352     0.00537     0.00000     0.00000    -0.02799    -0.01669     0.00000     0.00000
     1.12000     0.00357     0.00535     0.00000     0.00000    -0.02786    -0.01654     0.00000     0.00000
     1.12500     0.00362     0.00533     0.00000     0.00000    -0.02773    -0.01639     0.00000     0.00000
     1.13000     0.00366     0.00531     0.00000     0.00000    -0.02760    -0.01624     0.00000     0.00000
     1.13500     0.00370     0.00529     0.00000     0.00000    -0.02747    -0.01610     0.00000     0.00000
     1.14000     0.00375     0.00527     0.00000     0.00000    -0.02734    -0.01595     0.00000     0.00000
     1.14500     0.00379     0.00525     0.00000     0.00000    -0.02721    -0.01581     0.00000     0.00000
     1.15000     0.00383     0.00523     0.00000     0.00000    -0.02708    -0.01567     0.00000     0.00000
     1.15500     0.00387     0.00522     0.00000     0.00000    -0.02696    -0.01553     0.00000     0.00000
     1.16000     0.00391     0.00520     0.00000     0.00000    -0.02683    -0.01539     0.00000     0.00000
     1.16500     0.00395     0.00518     0.00000     0.00000    -0.02671    -0.01526     0.00000     0.00000
     1.17000     0.00399     0.00516     0.00000     0.00000    -0.02659    -0.01512     0.00000     0.00000
     1.17500     0.00402     0.00514     0.00000     0.00000    -0.02647    -0.01499     0.00000     0.00000
     1.18000     0.00406     0.00512     0.00000     0.00000    -0.02634    -0.01486     0.00000     0.00000
     1.18500     0.00409     0.00510     0.00000     0.00000    -0.02622    -0.01473     0.00000     0.00000
     1.19000     0.00413     0.00508     0.00000     0.00000    -0.02610    -0.01460     0.00000     0.00000
     1.19500     0.00416     0.00506     0.00000     0.00000    -0.02599    -0.01448     0.00000     0.00000
     1.20000     0.00419     0.00504     0.00000     0.00000    -0.02587    -0.01435     0.00000     0.00000
     1.20500     0.00423     0.00503     0.00000     0.00000    -0.02575    -0.01423     0.00000     0.00000
     1.21000     0.00426     0.00501     0.00000     0.00000    -0.02563    -0.01411     0.00000     0.00000
     1.21500     0.00429     0.00499     0.00000     0.00000    -0.02552    -0.01398     0.00000     0.00000
     1.22000     0.00432     0.00497     0.00000     0.00000    -0.02540    -0.01387     0.00000     0.00000
     1.22500     0.00435     0.00495     0.00000     0.00000    -0.02529    -0.01375     0.00000     0.00000
     1.23000     0.00438     0.00493     0.00000     0.00000    -0.02518    -0.01363     0.00000     0.00000
     1.23500     0.00440     0.00492     0.00000     0.00000    -0.02506    -0.01352     0.00000     0.00000
     1.24000     0.00443     0.00490     0.00000     0.00000    -0.02495    -0.01340     0.00000     0.00000
     1.24500     0.00446     0.00488     0.00000     0.00000    -0.02484    -0.01329     0.00000     0.00000
     1.25000     0.00448     0.00486     0.00000     0.00000    -0.02473    -0.01318     0.00000     0.00000
     1.25500     0.00451     0.00484     0.00000     0.00000    -0.02462    -0.01307     0.00000     0.00000
     1.26000     0.00453     0.00483     0.00000     0.00000    -0.02451    -0.01296     0.00000     0.00000
     1.26500     0.00456     0.00481     0.00000     0.00000    -0.02440    -0.01285     0.00000     0.00000
     1.27000     0.00458     0.00479     0.00000     0.00000    -0.02430    -0.01275     0.00000     0.00000
     1.27500     0.00460     0.00477     0.00000     0.00000    -0.02419    -0.01264     0.00000     0.00000
     1.28000     0.00462     0.00476     0.00000     0.00000    -0.02408    -0.01254     0.00000     0.00000
     1.28500     0.00465     0.00474     0.00000     0.00000    -0.02398    -0.01244     0.00000     0.00000
     1.29000     0.00467     0.00472     0.00000     0.00000    -0.02387    -0.01233     0.00000     0.00000
     1.29500     0.00469     0.00470     0.00000     0.00000    -0.02377    -0.01223     0.00000     0.00000
     1.30000     0.00471     0.00469     0.00000     0.00000    -0.02367    -0.01213     0.00000     0.00000
     1.30500     0.00473     0.00467     0.00000     0.00000    -0.02356    -0.01204     0.00000     0.00000
     1.31000     0.00474     0.00465     0.00000     0.00000    -0.02346    -0.01194     0.00000     0.00000
     1.31500     0.00476     0.00464     0.00000     0.00000    -0.02336    -0.01184     0.00000     0.00000
     1.32000     0.00478     0.00462     0.00000     0.00000    -0.02326    -0.01175     0.00000     0.00000
     1.32500     0.00480     0.00460     0.00000     0.00000    -0.02316    -0.01165     0.00000     0.00000
     1.33000     0.00481     0.00459     0.00000     0.00000    -0.02306    -0.01156     0.00000     0.00000
     1.33500     0.00483     0.00457     0.00000     0.00000    -0.02296    -0.01147     0.00000     0.00000
     1.34000     0.00485     0.00455     0.00000     0.00000    -0.02286    -0.01138     0.00000     0.00000
     1.34500     0.00486     0.00454     0.00000     0.00000    -0.02277    -0.01129     0.00000     0.00000
     1.35000     0.00488     0.00452     0.00000     0.00000    -0.02267    -0.01120     0.00000     0.00000
     1.35500     0.00489     0.00450     0.00000     0.00000    -0.02257    -0.01111     0.00000     0.00000
     1.36000     0.00490     0.00449     0.00000     0.00000    -0.02248    -0.01102     0.00000     0.00000
     1.36500     0.00492     0.00447     0.00000     0.00000    -0.02238    -0.01094     0.00000     0.00000
     1.37000     0.00493     0.00445     0.00000     0.00000    -0.02229    -0.01085     0.00000     0.00000
     1.37500     0.00494     0.00444     0.00000     0.00000    -0.02220    -0.01077     0.00000     0.00000
     1.38000     0.00496     0.00442     0.00000     0.00000    -0.02210    -0.01068     0.00000     0.00000
     1.38500     0.00497     0.00441     0.00000     0.00000    -0.02201    -0.01060     0.00000     0.00000
     1.39000     0.00498     0.00439     0.00000     0.00000    -0.02192    -0.01052     0.00000     0.00000
     1.39500     0.00499     0.00438     0.00000     0.00000    -0.02183    -0.01044     0.00000     0.00000
     1.40000     0.00500     0.00436     0.00000     0.00000    -0.02174    -0.01036     0.00000     0.00000
     1.40500     0.00501     0.00434     0.00000     0.00000    -0.02165    -0.01028     0.00000     0.00000
     1.41000     0.00502     0.00433     0.00000     0.00000    -0.02156    -0.01020     0.00000     0.00000
     1.41500     0.00503     0.00431     0.00000     0.00000    -0.02147    -0.01012     0.00000     0.00000
     1.42000     0.00504     0.00430     0.00000     0.00000    -0.02138    -0.01005     0.00000     0.00000
     1.42500     0.00505     0.00428     0.00000     0.00000    -0.02129    -0.00997     0.00000     0.00000
     1.43000     0.00505     0.00427     0.00000     0.00000    -0.02120    -0.00990     0.00000     0.00000
     1.43500     0.00506     0.00425     0.00000     0.00000    -0.02112    -0.00982     0.00000     0.00000
     1.44000     0.00507     0.00424     0.00000     0.00000    -0.02103    -0.00975     0.00000     0.00000
     1.44500     0.00508     0.00422     0.00000     0.00000    -0.02094    -0.00967     0.00000     0.00000
     1.45000     0.00508     0.00421     0.00000     0.00000    -0.02086    -0.00960     0.00000     0.00000
     1.45500     0.00509     0.00419     0.00000     0.00000    -0.02077    -0.00953     0.00000     0.00000
     1.46000     0.00510     0.00418     0.00000     0.00000    -0.02069    -0.00946     0.00000     0.00000
     1.46500     0.00510     0.00416     0.00000     0.00000    -0.02060    -0.00939     0.00000     0.00000
     1.47000     0.00511     0.00415     0.00000     0.00000    -0.02052    -0.00932     0.00000     0.00000
     1.47500     0.00511     0.00413     0.00000     0.00000    -0.02044    -0.00925     0.00000     0.00000
     1.48000     0.00512     0.00412     0.00000     0.00000    -0.02036    -0.00918     0.00000     0.00000
     1.48500     0.00512     0.00410     0.00000     0.00000    -0.02027    -0.00912     0.00000     0.00000
     1.49000     0.00513     0.00409     0.00000     0.00000    -0.02019    -0.00905     0.00000     0.00000
     1.49500     0.00513     0.00408     0.00000     0.00000    -0.02011    -0.00898     0.00000     0.00000
     1.50000     0.00514     0.00406     0.00000     0.00000    -0.02003    -0.00892     0.00000     0.00000
     1.50500     0.00514     0.00405     0.00000     0.00000    -0.01995    -0.00885     0.00000     0.00000
     1.51000     0.00514     0.00403     0.00000     0.00000    -0.01987    -0.00879     0.00000     0.00000
     1.51500     0.00514     0.00402     0.00000     0.00000    -0.01979    -0.00873     0.00000     0.00000
     1.52000     0.00515     0.00400     0.00000     0.00000    -0.01971    -0.00866     0.00000     0.00000
     1.52500     0.00515     0.00399     0.00000     0.00000    -0.01964    -0.00860     0.00000     0.00000
     1.53000     0.00515     0.00398     0.00000     0.00000    -0.01956    -0.00854     0.00000     0.00000
     1.53500     0.00515     0.00396     0.00000     0.00000    -0.01948    -0.00848     0.00000     0.00000
     1.54000     0.00516     0.00395     0.00000     0.00000    -0.01941    -0.00842     0.00000     0.00000
     1.54500     0.00516     0.00393     0.00000     0.00000    -0.01933    -0.00836     0.00000     0.00000
     1.55000     0.00516     0.00392     0.00000     0.00000    -0.01925    -0.00830     0.00000     0.00000
     1.55500     0.00516     0.00391     0.00000     0.00000    -0.01918    -0.00824     0.00000     0.00000
     1.56000     0.00516     0.00389     0.00000     0.00000    -0.01910    -0.00818     0.00000     0.00000
     1.56500     0.00516     0.00388     0.00000     0.00000    -0.01903    -0.00812     0.00000     0.00000
     1.57000     0.00516     0.00387     0.00000     0.00000    -0.01896    -0.00807     0.00000     0.00000
     1.57500     0.00516     0.00385     0.00000     0.00000    -0.01888    -0.00801     0.00000     0.00000
     1.58000     0.00516     0.00384     0.00000     0.00000    -0.01881    -0.00795     0.00000     0.00000
     1.58500     0.00516     0.00383     0.00000     0.00000    -0.01874    -0.00790     0.00000     0.00000
     1.59000     0.00516     0.00381     0.00000     0.00000    -0.01866    -0.00784     0.00000     0.00000
     1.59500     0.00516     0.00380     0.00000     0.00000    -0.01859    -0.00779     0.00000     0.00000
     1.60000     0.00516     0.00379     0.00000     0.00000    -0.01852    -0.00774     0.00000     0.00000
     1.60500     0.00516     0.00377     0.00000     0.00000    -0.01845    -0.00768     0.00000     0.00000
     1.61000     0.00515     0.00376     0.00000     0.00000    -0.01838    -0.00763     0.00000     0.00000
     1.61500     0.00515     0.00375     0.00000     0.00000    -0.01831    -0.00758     0.00000     0.00000
     1.62000     0.00515     0.00374     0.00000     0.00000    -0.01824    -0.00753     0.00000     0.00000
     1.62500     0.00515     0.00372     0.00000     0.00000    -0.01817    -0.00747     0.00000     0.00000
     1.63000     0.00515     0.00371     0.00000     0.00000    -0.01810    -0.00742     0.00000     0.00000
     1.63500     0.00514     0.00370     0.00000     0.00000    -0.01803    -0.00737     0.00000     0.00000
     1.64000     0.00514     0.00369     0.00000     0.00000    -0.01796    -0.00732     0.00000     0.00000
     1.64500     0.00514     0.00367     0.00000     0.00000    -0.01790    -0.00727     0.00000     0.00000
     1.65000     0.00514     0.00366     0.00000     0.00000    -0.01783    -0.00722     0.00000     0.00000
     1.65500     0.00513     0.00365     0.00000     0.00000    -0.01776    -0.00718     0.00000     0.00000
     1.66000     0.00513     0.00364     0.00000     0.00000    -0.01769    -0.00713     0.00000     0.00000
     1.66500     0.00513     0.00362     0.00000     0.00000    -0.01763    -0.00708     0.00000     0.00000
     1.67000     0.00512     0.00361     0.00000     0.00000    -0.01756    -0.00703     0.00000     0.00000
     1.67500     0.00512     0.00360     0.00000     0.00000    -0.01750    -0.00698     0.00000     0.00000
     1.68000     0.00512     0.00359     0.00000     0.00000    -0.01743    -0.00694     0.00000     0.00000
     1.68500     0.00511     0.00357     0.00000     0.00000    -0.01737    -0.00689     0.00000     0.00000
     1.69000     0.00511     0.00356     0.00000     0.00000    -0.01730    -0.00685     0.00000     0.00000
     1.69500     0.00510     0.00355     0.00000     0.00000    -0.01724    -0.00680     0.00000     0.00000
     1.70000     0.00510     0.00354     0.00000     0.00000    -0.01717    -0.00676     0.00000     0.00000
     1.70500     0.00509     0.00353     0.00000     0.00000    -0.01711    -0.00671     0.00000     0.00000
     1.71000     0.00509     0.00351     0.00000     0.00000    -0.01705    -0.00667     0.00000     0.00000
     1.71500     0.00509     0.00350     0.00000     0.00000    -0.01698    -0.00662     0.00000     0.00000
     1.72000     0.00508     0.00349     0.00000     0.00000    -0.01692    -0.00658     0.00000     0.00000
     1.72500     0.00508     0.00348     0.00000     0.00000    -0.01686    -0.00654     0.00000     0.00000
     1.73000     0.00507     0.00347     0.00000     0.00000    -0.01680    -0.00650     0.00000     0.00000
     1.73500     0.00506     0.00345     0.00000     0.00000    -0.01674    -0.00645     0.00000     0.00000
     1.74000     0.00506     0.00344     0.00000     0.00000    -0.01668    -0.00641     0.00000     0.00000
     1.74500     0.00505     0.00343     0.00000     0.00000    -0.01662    -0.00637     0.00000     0.00000
     1.75000     0.00505     0.00342     0.00000     0.00000    -0.01656    -0.00633     0.00000     0.00000
     1.75500     0.00504     0.00341     0.00000     0.00000    -0.01650    -0.00629     0.00000     0.00000
     1.76000     0.00504     0.00340     0.00000     0.00000    -0.01644    -0.00625     0.00000     0.00000
     1.76500     0.00503     0.00339     0.00000     0.00000    -0.01638    -0.00621     0.00000     0.00000
     1.77000     0.00502     0.00337     0.00000     0.00000    -0.01632    -0.00617     0.00000     0.00000
     1.77500     0.00502     0.00336     0.00000     0.00000    -0.01626    -0.00613     0.00000     0.00000
     1.78000     0.00501     0.00335     0.00000     0.00000    -0.01620    -0.00609     0.00000     0.00000
     1.78500     0.00500     0.00334     0.00000     0.00000    -0.01614    -0.00605     0.00000     0.00000
     1.79000     0.00500     0.00333     0.00000     0.00000    -0.01608    -0.00601     0.00000     0.00000
     1.79500     0.00499     0.00332     0.00000     0.00000    -0.01603    -0.00597     0.00000     0.00000
     1.80000     0.00498     0.00331     0.00000     0.00000    -0.01597    -0.00594     0.00000     0.00000
     1.80500     0.00498     0.00330     0.00000     0.00000    -0.01591    -0.00590     0.00000     0.00000
     1.81000     0.00497     0.00329     0.00000     0.00000    -0.01586    -0.00586     0.00000     0.00000
     1.81500     0.00496     0.00327     0.00000     0.00000    -0.01580    -0.00583     0.00000     0.00000
     1.82000     0.00496     0.00326     0.00000     0.00000    -0.01574    -0.00579     0.00000     0.00000
     1.82500     0.00495     0.00325     0.00000     0.00000    -0.01569    -0.00575     0.00000     0.00000
     1.83000     0.00494     0.00324     0.00000     0.00000    -0.01563    -0.00572     0.00000     0.00000
     1.83500     0.00493     0.00323     0.00000     0.00000    -0.01558    -0.00568     0.00000     0.00000
     1.84000     0.00493     0.00322     0.00000     0.00000    -0.01552    -0.00565     0.00000     0.00000
     1.84500     0.00492     0.00321     0.00000     0.00000    -0.01547    -0.00561     0.00000     0.00000
     1.85000     0.00491     0.00320     0.00000     0.00000    -0.01541    -0.00558     0.00000     0.00000
     1.85500     0.00490     0.00319     0.00000     0.00000    -0.01536    -0.00554     0.00000     0.00000
     1.86000     0.00490     0.00318     0.00000     0.00000    -0.01531    -0.00551     0.00000     0.00000
     1.86500     0.00489     0.00317     0.00000     0.00000    -0.01525    -0.00548     0.00000     0.00000
     1.87000     0.00488     0.00316     0.00000     0.00000    -0.01520    -0.00544     0.00000     0.00000
     1.87500     0.00487     0.00315     0.00000     0.00000    -0.01515    -0.00541     0.00000     0.00000
     1.88000     0.00486     0.00314     0.00000     0.00000    -0.01509    -0.00538     0.00000     0.00000
     1.88500     0.00486     0.00313     0.00000     0.00000    -0.01504    -0.00534     0.00000     0.00000
     1.89000     0.00485     0.00312     0.00000     0.00000    -0.01499    -0.00531     0.00000     0.00000
     1.89500     0.00484     0.00311     0.00000     0.00000    -0.01494    -0.00528     0.00000     0.00000
     1.90000     0.00483     0.00310     0.00000     0.00000    -0.01489    -0.00525     0.00000     0.00000
     1.90500     0.00482     0.00309     0.00000     0.00000    -0.01484    -0.00521     0.00000     0.00000
     1.91000     0.00481     0.00308     0.00000     0.00000    -0.01478    -0.00518     0.00000     0.00000
     1.91500     0.00481     0.00307     0.00000     0.00000    -0.01473    -0.00515     0.00000     0.00000
     1.92000     0.00480     0.00306     0.00000     0.00000    -0.01468    -0.00512     0.00000     0.00000
     1.92500     0.00479     0.00305     0.00000     0.00000    -0.01463    -0.00509     0.00000     0.00000
     1.93000     0.00478     0.00304     0.00000     0.00000    -0.01458    -0.00506     0.00000     0.00000
     1.93500     0.00477     0.00303     0.00000     0.00000    -0.01453    -0.00503     0.00000     0.00000
     1.94000     0.00476     0.00302     0.00000     0.00000    -0.01448    -0.00500     0.00000     0.00000
     1.94500     0.00475     0.00301     0.00000     0.00000    -0.01444    -0.00497     0.00000     0.00000
     1.95000     0.00474     0.00300     0.00000     0.00000    -0.01439    -0.00494     0.00000     0.00000
     1.95500     0.00474     0.00299     0.00000     0.00000    -0.01434    -0.00491     0.00000     0.00000
     1.96000     0.00473     0.00298     0.00000     0.00000    -0.01429    -0.00488     0.00000     0.00000
     1.96500     0.00472     0.00297     0.00000     0.00000    -0.01424    -0.00485     0.00000     0.00000
     1.97000     0.00471     0.00296     0.00000     0.00000    -0.01419    -0.00483     0.00000     0.00000
     1.97500     0.00470     0.00295     0.00000     0.00000    -0.01415    -0.00480     0.00000     0.00000
     1.98000     0.00469     0.00294     0.00000     0.00000    -0.01410    -0.00477     0.00000     0.00000
     1.98500     0.00468     0.00293     0.00000     0.00000    -0.01405    -0.00474     0.00000     0.00000
     1.99000     0.00467     0.00292     0.00000     0.00000    -0.01400    -0.00471     0.00000     0.00000
     1.99500     0.00466     0.00291     0.00000     0.00000    -0.01396    -0.00469     0.00000     0.00000
     2.00000     0.00465     0.00290     0.00000     0.00000    -0.01391    -0.00466     0.00000     0.00000
     2.00500     0.00464     0.00289     0.00000     0.00000    -0.01386    -0.00463     0.00000     0.00000
     2.01000     0.00463     0.00288     0.00000     0.00000    -0.01382    -0.00461     0.00000     0.00000
     2.01500     0.00462     0.00287     0.00000     0.00000    -0.01377    -0.00458     0.00000     0.00000
     2.02000     0.00461     0.00286     0.00000     0.00000    -0.01373    -0.00455     0.00000     0.00000
     2.02500     0.00461     0.00285     0.00000     0.00000    -0.01368    -0.00453     0.00000     0.00000
     2.03000     0.00460     0.00284     0.00000     0.00000    -0.01364    -0.00450     0.00000     0.00000
     2.03500     0.00459     0.00283     0.00000     0.00000    -0.01359    -0.00448     0.00000     0.00000
     2.04000     0.00458     0.00283     0.00000     0.00000    -0.01355    -0.00445     0.00000     0.00000
     2.04500     0.00457     0.00282     0.00000     0.00000    -0.01350    -0.00442     0.00000     0.00000
     2.05000     0.00456     0.00281     0.00000     0.00000    -0.01346    -0.00440     0.00000     0.00000
     2.05500     0.00455     0.00280     0.00000     0.00000    -0.01341    -0.00437     0.00000     0.00000
     2.06000     0.00454     0.00279     0.00000     0.00000    -0.01337    -0.00435     0.00000     0.00000
     2.06500     0.00453     0.00278     0.00000     0.00000    -0.01333    -0.00432     0.00000     0.00000
     2.07000     0.00452     0.00277     0.00000     0.00000    -0.01328    -0.00430     0.00000     0.00000
     2.07500     0.00451     0.00276     0.00000     0.00000    -0.01324    -0.00428     0.00000     0.00000
     2.08000     0.00450     0.00275     0.00000     0.00000    -0.01320    -0.00425     0.00000     0.00000
     2.08500     0.00449     0.00274     0.00000     0.00000    -0.01315    -0.00423     0.00000     0.00000
     2.09000     0.00448     0.00274     0.00000     0.00000    -0.01311    -0.00420     0.00000     0.00000
     2.09500     0.00447     0.00273     0.00000     0.00000    -0.01307    -0.00418     0.00000     0.00000
     2.10000     0.00446     0.00272     0.00000     0.00000    -0.01303    -0.00416     0.00000     0.00000
     2.10500     0.00445     0.00271     0.00000     0.00000    -0.01299    -0.00413     0.00000     0.00000
     2.11000     0.00444     0.00270     0.00000     0.00000    -0.01294    -0.00411     0.00000     0.00000
     2.11500     0.00443     0.00269     0.00000     0.00000    -0.01290    -0.00409     0.00000     0.00000
     2.12000     0.00442     0.00268     0.00000     0.00000    -0.01286    -0.00407     0.00000     0.00000
     2.12500     0.00441     0.00267     0.00000     0.00000    -0.01282    -0.00404     0.00000     0.00000
     2.13000     0.00440     0.00267     0.00000     0.00000    -0.01278    -0.00402     0.00000     0.00000
     2.13500     0.00439     0.00266     0.00000     0.00000    -0.01274    -0.00400     0.00000     0.00000
     2.14000     0.00438     0.00265     0.00000     0.00000    -0.01270    -0.00398     0.00000     0.00000
     2.14500     0.00437     0.00264     0.00000     0.00000    -0.01266    -0.00396     0.00000     0.00000
     2.15000     0.00436     0.00263     0.00000     0.00000    -0.01262    -0.00393     0.00000     0.00000
     2.15500     0.00435     0.00262     0.00000     0.00000    -0.01258    -0.00391     0.00000     0.00000
     2.16000     0.00434     0.00262     0.00000     0.00000    -0.01254    -0.00389     0.00000     0.00000
     2.16500     0.00433     0.00261     0.00000     0.00000    -0.01250    -0.00387     0.00000     0.00000
     2.17000     0.00432     0.00260     0.00000     0.00000    -0.01246    -0.00385     0.00000     0.00000
     2.17500     0.00431     0.00259     0.00000     0.00000    -0.01242    -0.00383     0.00000     0.00000
     2.18000     0.00430     0.00258     0.00000     0.00000    -0.01238    -0.00381     0.00000     0.00000
     2.18500     0.00429     0.00257     0.00000     0.00000    -0.01234    -0.00379     0.00000     0.00000
     2.19000     0.00428     0.00257     0.00000     0.00000    -0.01230    -0.00377     0.00000     0.00000
     2.19500     0.00426     0.00256     0.00000     0.00000    -0.01226    -0.00375     0.00000     0.00000
     2.20000     0.00425     0.00255     0.00000     0.00000    -0.01223    -0.00373     0.00000     0.00000
     2.20500     0.00424     0.00254     0.00000     0.00000    -0.01219    -0.00371     0.00000     0.00000
     2.21000     0.00423     0.00253     0.00000     0.00000    -0.01215    -0.00369     0.00000     0.00000
     2.21500     0.00422     0.00252     0.00000     0.00000    -0.01211    -0.00367     0.00000     0.00000
     2.22000     0.00421     0.00252     0.00000     0.00000    -0.01207    -0.00365     0.00000     0.00000
     2.22500     0.00420     0.00251     0.00000     0.00000    -0.01204    -0.00363     0.00000     0.00000
     2.23000     0.00419     0.00250     0.00000     0.00000    -0.01200    -0.00361     0.00000     0.00000
     2.23500     0.00418     0.00249     0.00000     0.00000    -0.01196    -0.00359     0.00000     0.00000
     2.24000     0.00417     0.00248     0.00000     0.00000    -0.01193    -0.00357     0.00000     0.00000
     2.24500     0.00416     0.00248     0.00000     0.00000    -0.01189    -0.00355     0.00000     0.00000
     2.25000     0.00415     0.00247     0.00000     0.00000    -0.01185    -0.00353     0.00000     0.00000
     2.25500     0.00414     0.00246     0.00000     0.00000    -0.01182    -0.00351     0.00000     0.00000
     2.26000     0.00413     0.00245     0.00000     0.00000    -0.01178    -0.00350     0.00000     0.00000
     2.26500     0.00412     0.00245     0.00000     0.00000    -0.01174    -0.00348     0.00000     0.00000
     2.27000     0.00411     0.00244     0.00000     0.00000    -0.01171    -0.00346     0.00000     0.00000
     2.27500     0.00410     0.00243     0.00000     0.00000    -0.01167    -0.00344     0.00000     0.00000
     2.28000     0.00409     0.00242     0.00000     0.00000    -0.01164    -0.00342     0.00000     0.00000
     2.28500     0.00408     0.00241     0.00000     0.00000    -0.01160    -0.00341     0.00000     0.00000
     2.29000     0.00407     0.00241     0.00000     0.00000    -0.01157    -0.00339     0.00000     0.00000
     2.29500     0.00406     0.00240     0.00000     0.00000    -0.01153    -0.00337     0.00000     0.00000
     2.30000     0.00405     0.00239     0.00000     0.00000    -0.01150    -0.00335     0.00000     0.00000
     2.30500     0.00404     0.00238     0.00000     0.00000    -0.01146    -0.00334     0.00000     0.00000
     2.31000     0.00403     0.00238     0.00000     0.00000    -0.01143    -0.00332     0.00000     0.00000
     2.31500     0.00402     0.00237     0.00000     0.00000    -0.01139    -0.00330     0.00000     0.00000
     2.32000     0.00401     0.00236     0.00000     0.00000    -0.01136    -0.00328     0.00000     0.00000
     2.32500     0.00400     0.00235     0.00000     0.00000    -0.01132    -0.00327     0.00000     0.00000
     2.33000     0.00399     0.00235     0.00000     0.00000    -0.01129    -0.00325     0.00000     0.00000
     2.33500     0.00397     0.00234     0.00000     0.00000    -0.01126    -0.00323     0.00000     0.00000
     2.34000     0.00396     0.00233     0.00000     0.00000    -0.01122    -0.00322     0.00000     0.00000
     2.34500     0.00395     0.00232     0.00000     0.00000    -0.01119    -0.00320     0.00000     0.00000
     2.35000     0.00394     0.00232     0.00000     0.00000    -0.01116    -0.00318     0.00000     0.00000
     2.35500     0.00393     0.00231     0.00000     0.00000    -0.01112    -0.00317     0.00000     0.00000
     2.36000     0.00392     0.00230     0.00000     0.00000    -0.01109    -0.00315     0.00000     0.00000
     2.36500     0.00391     0.00229     0.00000     0.00000    -0.01106    -0.00314     0.00000     0.00000
     2.37000     0.00390     0.00229     0.00000     0.00000    -0.01102    -0.00312     0.00000     0.00000
     2.37500     0.00389     0.00228     0.00000     0.00000    -0.01099    -0.00310     0.00000     0.00000
     2.38000     0.00388     0.00227     0.00000     0.00000    -0.01096    -0.00309     0.00000     0.00000
     2.38500     0.00387     0.00227     0.00000     0.00000    -0.01093    -0.00307     0.00000     0.00000
     2.39000     0.00386     0.00226     0.00000     0.00000    -0.01089    -0.00306     0.00000     0.00000
     2.39500     0.00385     0.00225     0.00000     0.00000    -0.01086    -0.00304     0.00000     0.00000
     2.40000     0.00384     0.00224     0.00000     0.00000    -0.01083    -0.00303     0.00000     0.00000
     2.40500     0.00383     0.00224     0.00000     0.00000    -0.01080    -0.00301     0.00000     0.00000
     2.41000     0.00382     0.00223     0.00000     0.00000    -0.01077    -0.00300     0.00000     0.00000
     2.41500     0.00381     0.00222     0.00000     0.00000    -0.01074    -0.00298     0.00000     0.00000
     2.42000     0.00380     0.00222     0.00000     0.00000    -0.01070    -0.00297     0.00000     0.00000
     2.42500     0.00379     0.00221     0.00000     0.00000    -0.01067    -0.00295     0.00000     0.00000
     2.43000     0.00378     0.00220     0.00000     0.00000    -0.01064    -0.00294     0.00000     0.00000
     2.43500     0.00377     0.00219     0.00000     0.00000    -0.01061    -0.00292     0.00000     0.00000
     2.44000     0.00376     0.00219     0.00000     0.00000    -0.01058    -0.00291     0.00000     0.00000
     2.44500     0.00375     0.00218     0.00000     0.00000    -0.01055    -0.00290     0.00000     0.00000
     2.45000     0.00374     0.00217     0.00000     0.00000    -0.01052    -0.00288     0.00000     0.00000
     2.45500     0.00373     0.00217     0.00000     0.00000    -0.01049    -0.00287     0.00000     0.00000
     2.46000     0.00372     0.00216     0.00000     0.00000    -0.01046    -0.00285     0.00000     0.00000
     2.46500     0.00371     0.00215     0.00000     0.00000    -0.01043    -0.00284     0.00000     0.00000
     2.47000     0.00370     0.00215     0.00000     0.00000    -0.01040    -0.00283     0.00000     0.00000
     2.47500     0.00369     0.00214     0.00000     0.00000    -0.01037    -0.00281     0.00000     0.00000
     2.48000     0.00368     0.00213     0.00000     0.00000    -0.01034    -0.00280     0.00000     0.00000
     2.48500     0.00367     0.00213     0.00000     0.00000    -0.01031    -0.00278     0.00000     0.00000
     2.49000     0.00366     0.00212     0.00000     0.00000    -0.01028    -0.00277     0.00000     0.00000
     2.49500     0.00365     0.00211     0.00000     0.00000    -0.01025    -0.00276     0.00000     0.00000
     2.50000     0.00364     0.00211     0.00000     0.00000    -0.01022    -0.00274     0.00000     0.00000
     2.50500     0.00363     0.00210     0.00000     0.00000    -0.01019    -0.00273     0.00000     0.00000
     2.51000     0.00362     0.00209     0.00000     0.00000    -0.01016    -0.00272     0.00000     0.00000
     2.51500     0.00361     0.00209     0.00000     0.00000    -0.01013    -0.00270     0.00000     0.00000
     2.52000     0.00360     0.00208     0.00000     0.00000    -0.01010    -0.00269     0.00000     0.00000
     2.52500     0.00359     0.00207     0.00000     0.00000    -0.01008    -0.00268     0.00000     0.00000
     2.53000     0.00358     0.00207     0.00000     0.00000    -0.01005    -0.00267     0.00000     0.00000
     2.53500     0.00357     0.00206     0.00000     0.00000    -0.01002    -0.00265     0.00000     0.00000
     2.54000     0.00356     0.00205     0.00000     0.00000    -0.00999    -0.00264     0.00000     0.00000
     2.54500     0.00355     0.00205     0.00000     0.00000    -0.00996    -0.00263     0.00000     0.00000
     2.55000     0.00354     0.00204     0.00000     0.00000    -0.00993    -0.00262     0.00000     0.00000
     2.55500     0.00353     0.00203     0.00000     0.00000    -0.00991    -0.00260     0.00000     0.00000
     2.56000     0.00352     0.00203     0.00000     0.00000    -0.00988    -0.00259     0.00000     0.00000
     2.56500     0.00351     0.00202     0.00000     0.00000    -0.00985    -0.00258     0.00000     0.00000
     2.57000     0.00350     0.00201     0.00000     0.00000    -0.00982    -0.00257     0.00000     0.00000
     2.57500     0.00349     0.00201     0.00000     0.00000    -0.00980    -0.00255     0.00000     0.00000
     2.58000     0.00348     0.00200     0.00000     0.00000    -0.00977    -0.00254     0.00000     0.00000
     2.58500     0.00347     0.00200     0.00000     0.00000    -0.00974    -0.00253     0.00000     0.00000
     2.59000     0.00346     0.00199     0.00000     0.00000    -0.00971    -0.00252     0.00000     0.00000
     2.59500     0.00345     0.00198     0.00000     0.00000    -0.00969    -0.00251     0.00000     0.00000
     2.60000     0.00344     0.00198     0.00000     0.00000    -0.00966    -0.00249     0.00000     0.00000
     2.60500     0.00343     0.00197     0.00000     0.00000    -0.00963    -0.00248     0.00000     0.00000
     2.61000     0.00342     0.00196     0.00000     0.00000    -0.00961    -0.00247     0.00000     0.00000
     2.61500     0.00341     0.00196     0.00000     0.00000    -0.00958    -0.00246     0.00000     0.00000
     2.62000     0.00340     0.00195     0.00000     0.00000    -0.00955    -0.00245     0.00000     0.00000
     2.62500     0.00339     0.00195     0.00000     0.00000    -0.00953    -0.00244     0.00000     0.00000
     2.63000     0.00338     0.00194     0.00000     0.00000    -0.00950    -0.00243     0.00000     0.00000
     2.63500     0.00337     0.00193     0.00000     0.00000    -0.00948    -0.00241     0.00000     0.00000
     2.64000     0.00336     0.00193     0.00000     0.00000    -0.00945    -0.00240     0.00000     0.00000
     2.64500     0.00335     0.00192     0.00000     0.00000    -0.00942    -0.00239     0.00000     0.00000
     2.65000     0.00334     0.00192     0.00000     0.00000    -0.00940    -0.00238     0.00000     0.00000
     2.65500     0.00333     0.00191     0.00000     0.00000    -0.00937    -0.00237     0.00000     0.00000
     2.66000     0.00332     0.00190     0.00000     0.00000    -0.00935    -0.00236     0.00000     0.00000
     2.66500     0.00331     0.00190     0.00000     0.00000    -0.00932    -0.00235     0.00000     0.00000
     2.67000     0.00330     0.00189     0.00000     0.00000    -0.00930    -0.00234     0.00000     0.00000
     2.67500     0.00329     0.00189     0.00000     0.00000    -0.00927    -0.00233     0.00000     0.00000
     2.68000     0.00328     0.00188     0.00000     0.00000    -0.00924    -0.00232     0.00000     0.00000
     2.68500     0.00327     0.00187     0.00000     0.00000    -0.00922    -0.00231     0.00000     0.00000
     2.69000     0.00326     0.00187     0.00000     0.00000    -0.00919    -0.00230     0.00000     0.00000
     2.69500     0.00325     0.00186     0.00000     0.00000    -0.00917    -0.00229     0.00000     0.00000
     2.70000     0.00324     0.00186     0.00000     0.00000    -0.00915    -0.00227     0.00000     0.00000
     2.70500     0.00324     0.00185     0.00000     0.00000    -0.00912    -0.00226     0.00000     0.00000
     2.71000     0.00323     0.00184     0.00000     0.00000    -0.00910    -0.00225     0.00000     0.00000
     2.71500     0.00322     0.00184     0.00000     0.00000    -0.00907    -0.00224     0.00000     0.00000
     2.72000     0.00321     0.00183     0.00000     0.00000    -0.00905    -0.00223     0.00000     0.00000
     2.72500     0.00320     0.00183     0.00000     0.00000    -0.00902    -0.00222     0.00000     0.00000
     2.73000     0.00319     0.00182     0.00000     0.00000    -0.00900    -0.00221     0.00000     0.00000
     2.73500     0.00318     0.00182     0.00000     0.00000    -0.00897    -0.00220     0.00000     0.00000
     2.74000     0.00317     0.00181     0.00000     0.00000    -0.00895    -0.00219     0.00000     0.00000
     2.74500     0.00316     0.00180     0.00000     0.00000    -0.00893    -0.00218     0.00000     0.00000
     2.75000     0.00315     0.00180     0.00000     0.00000    -0.00890    -0.00217     0.00000     0.00000
     2.75500     0.00314     0.00179     0.00000     0.00000    -0.00888    -0.00216     0.00000     0.00000
     2.76000     0.00313     0.00179     0.00000     0.00000    -0.00886    -0.00216     0.00000     0.00000
     2.76500     0.00312     0.00178     0.00000     0.00000    -0.00883    -0.00215     0.00000     0.00000
     2.77000     0.00311     0.00178     0.00000     0.00000    -0.00881    -0.00214     0.00000     0.00000
     2.77500     0.00311     0.00177     0.00000     0.00000    -0.00879    -0.00213     0.00000     0.00000
     2.78000     0.00310     0.00176     0.00000     0.00000    -0.00876    -0.00212     0.00000     0.00000
     2.78500     0.00309     0.00176     0.00000     0.00000    -0.00874    -0.00211     0.00000     0.00000
     2.79000     0.00308     0.00175     0.00000     0.00000    -0.00872    -0.00210     0.00000     0.00000
     2.79500     0.00307     0.00175     0.00000     0.00000    -0.00869    -0.00209     0.00000     0.00000
     2.80000     0.00306     0.00174     0.00000     0.00000    -0.00867    -0.00208     0.00000     0.00000
     2.80500     0.00305     0.00174     0.00000     0.00000    -0.00865    -0.00207     0.00000     0.00000
     2.81000     0.00304     0.00173     0.00000     0.00000    -0.00862    -0.00206     0.00000     0.00000
     2.81500     0.00303     0.00173     0.00000     0.00000    -0.00860    -0.00205     0.00000     0.00000
     2.82000     0.00302     0.00172     0.00000     0.00000    -0.00858    -0.00204     0.00000     0.00000
     2.82500     0.00301     0.00171     0.00000     0.00000    -0.00856    -0.00203     0.00000     0.00000
     2.83000     0.00301     0.00171     0.00000     0.00000    -0.00853    -0.00203     0.00000     0.00000
     2.83500     0.00300     0.00170     0.00000     0.00000    -0.00851    -0.00202     0.00000     0.00000
     2.84000     0.00299     0.00170     0.00000     0.00000    -0.00849    -0.00201     0.00000     0.00000
     2.84500     0.00298     0.00169     0.00000     0.00000    -0.00847    -0.00200     0.00000     0.00000
     2.85000     0.00297     0.00169     0.00000     0.00000    -0.00845    -0.00199     0.00000     0.00000
     2.85500     0.00296     0.00168     0.00000     0.00000    -0.00842    -0.00198     0.00000     0.00000
     2.86000     0.00295     0.00168     0.00000     0.00000    -0.00840    -0.00197     0.00000     0.00000
     2.86500     0.00294     0.00167     0.00000     0.00000    -0.00838    -0.00197     0.00000     0.00000
     2.87000     0.00293     0.00167     0.00000     0.00000    -0.00836    -0.00196     0.00000     0.00000
     2.87500     0.00293     0.00166     0.00000     0.00000    -0.00834    -0.00195     0.00000     0.00000
     2.88000     0.00292     0.00166     0.00000     0.00000    -0.00832    -0.00194     0.00000     0.00000
     2.88500     0.00291     0.00165     0.00000     0.00000    -0.00829    -0.00193     0.00000     0.00000
     2.89000     0.00290     0.00165     0.00000     0.00000    -0.00827    -0.00192     0.00000     0.00000
     2.89500     0.00289     0.00164     0.00000     0.00000    -0.00825    -0.00192     0.00000     0.00000
     2.90000     0.00288     0.00163     0.00000     0.00000    -0.00823    -0.00191     0.00000     0.00000
     2.90500     0.00287     0.00163     0.00000     0.00000    -0.00821    -0.00190     0.00000     0.00000
     2.91000     0.00286     0.00162     0.00000     0.00000    -0.00819    -0.00189     0.00000     0.00000
     2.91500     0.00286     0.00162     0.00000     0.00000    -0.00817    -0.00188     0.00000     0.00000
     2.92000     0.00285     0.00161     0.00000     0.00000    -0.00815    -0.00187     0.00000     0.00000
     2.92500     0.00284     0.00161     0.00000     0.00000    -0.00813    -0.00187     0.00000     0.00000
     2.93000     0.00283     0.00160     0.00000     0.00000    -0.00811    -0.00186     0.00000     0.00000
     2.93500     0.00282     0.00160     0.00000     0.00000    -0.00809    -0.00185     0.00000     0.00000
     2.94000     0.00281     0.00159     0.00000     0.00000    -0.00806    -0.00184     0.00000     0.00000
     2.94500     0.00280     0.00159     0.00000     0.00000    -0.00804    -0.00184     0.00000     0.00000
     2.95000     0.00280     0.00158     0.00000     0.00000    -0.00802    -0.00183     0.00000     0.00000
     2.95500     0.00279     0.00158     0.00000     0.00000    -0.00800    -0.00182     0.00000     0.00000
     2.96000     0.00278     0.00157     0.00000     0.00000    -0.00798    -0.00181     0.00000     0.00000
     2.96500     0.00277     0.00157     0.00000     0.00000    -0.00796    -0.00180     0.00000     0.00000
     2.97000     0.00276     0.00156     0.00000     0.00000    -0.00794    -0.00180     0.00000     0.00000
     2.97500     0.00275     0.00156     0.00000     0.00000    -0.00792    -0.00179     0.00000     0.00000
     2.98000     0.00275     0.00155     0.00000     0.00000    -0.00790    -0.00178     0.00000     0.00000
     2.98500     0.00274     0.00155     0.00000     0.00000    -0.00788    -0.00177     0.00000     0.00000
     2.99000     0.00273     0.00154     0.00000     0.00000    -0.00786    -0.00177     0.00000     0.00000
     2.99500     0.00272     0.00154     0.00000     0.00000    -0.00784    -0.00176     0.00000     0.00000
     3.00000     0.00271     0.00153     0.00000     0.00000    -0.00782    -0.00175     0.00000     0.00000
     3.00500     0.00270     0.00153     0.00000     0.00000    -0.00781    -0.00175     0.00000     0.00000
     3.01000     0.00270     0.00152     0.00000     0.00000    -0.00779    -0.00174     0.00000     0.00000
     3.01500     0.00269     0.00152     0.00000     0.00000    -0.00777    -0.00173     0.00000     0.00000
     3.02000     0.00268     0.00151     0.00000     0.00000    -0.00775    -0.00172     0.00000     0.00000
     3.02500     0.00267     0.00151     0.00000     0.00000    -0.00773    -0.00172     0.00000     0.00000
     3.03000     0.00266     0.00151     0.00000     0.00000    -0.00771    -0.00171     0.00000     0.00000
     3.03500     0.00265     0.00150     0.00000     0.00000    -0.00769    -0.00170     0.00000     0.00000
     3.04000     0.00265     0.00150     0.00000     0.00000    -0.00767    -0.00170     0.00000     0.00000
     3.04500     0.00264     0.00149     0.00000     0.00000    -0.00765    -0.00169     0.00000     0.00000
     3.05000     0.00263     0.00149     0.00000     0.00000    -0.00763    -0.00168     0.00000     0.00000
     3.05500     0.00262     0.00148     0.00000     0.00000    -0.00761    -0.00168     0.00000     0.00000
     3.06000     0.00261     0.00148     0.00000     0.00000    -0.00760    -0.00167     0.00000     0.00000
     3.06500     0.00261     0.00147     0.00000     0.00000    -0.00758    -0.00166     0.00000     0.00000
     3.07000     0.00260     0.00147     0.00000     0.00000    -0.00756    -0.00165     0.00000     0.00000
     3.07500     0.00259     0.00146     0.00000     0.00000    -0.00754    -0.00165     0.00000     0.00000
     3.08000     0.00258     0.00146     0.00000     0.00000    -0.00752    -0.00164     0.00000     0.00000
     3.08500     0.00257     0.00145     0.00000     0.00000    -0.00750    -0.00163     0.00000     0.00000
     3.09000     0.00257     0.00145     0.00000     0.00000    -0.00748    -0.00163     0.00000     0.00000
     3.09500     0.00256     0.00144     0.00000     0.00000    -0.00747    -0.00162     0.00000     0.00000
     3.10000     0.00255     0.00144     0.00000     0.00000    -0.00745    -0.00161     0.00000     0.00000
     3.10500     0.00254     0.00143     0.00000     0.00000    -0.00743    -0.00161     0.00000     0.00000
     3.11000     0.00254     0.00143     0.00000     0.00000    -0.00741    -0.00160     0.00000     0.00000
     3.11500     0.00253     0.00143     0.00000     0.00000    -0.00739    -0.00160     0.00000     0.00000
     3.12000     0.00252     0.00142     0.00000     0.00000    -0.00738    -0.00159     0.00000     0.00000
     3.12500     0.00251     0.00142     0.00000     0.00000    -0.00736    -0.00158     0.00000     0.00000
     3.13000     0.00250     0.00141     0.00000     0.00000    -0.00734    -0.00158     0.00000     0.00000
     3.13500     0.00250     0.00141     0.00000     0.00000    -0.00732    -0.00157     0.00000     0.00000
     3.14000     0.00249     0.00140     0.00000     0.00000    -0.00730    -0.00156     0.00000     0.00000
     3.14500     0.00248     0.00140     0.00000     0.00000    -0.00729    -0.00156     0.00000     0.00000
     3.15000     0.00247     0.00139     0.00000     0.00000    -0.00727    -0.00155     0.00000     0.00000
     3.15500     0.00247     0.00139     0.00000     0.00000    -0.00725    -0.00155     0.00000     0.00000
     3.16000     0.00246     0.00139     0.00000     0.00000    -0.00723    -0.00154     0.00000     0.00000
     3.16500     0.00245     0.00138     0.00000     0.00000    -0.00722    -0.00153     0.00000     0.00000
     3.17000     0.00244     0.00138     0.00000     0.00000    -0.00720    -0.00153     0.00000     0.00000
     3.17500     0.00244     0.00137     0.00000     0.00000    -0.00718    -0.00152     0.00000     0.00000
     3.18000     0.00243     0.00137     0.00000     0.00000    -0.00717    -0.00151     0.00000     0.00000
     3.18500     0.00242     0.00136     0.00000     0.00000    -0.00715    -0.00151     0.00000     0.00000
     3.19000     0.00241     0.00136     0.00000     0.00000    -0.00713    -0.00150     0.00000     0.00000
     3.19500     0.00240     0.00135     0.00000     0.00000    -0.00711    -0.00150     0.00000     0.00000
     3.20000     0.00240     0.00135     0.00000     0.00000    -0.00710    -0.00149     0.00000     0.00000
     3.20500     0.00239     0.00135     0.00000     0.00000    -0.00708    -0.00149     0.00000     0.00000
     3.21000     0.00238     0.00134     0.00000     0.00000    -0.00706    -0.00148     0.00000     0.00000
     3.21500     0.00238     0.00134     0.00000     0.00000    -0.00705    -0.00147     0.00000     0.00000
     3.22000     0.00237     0.00133     0.00000     0.00000    -0.00703    -0.00147     0.00000     0.00000
     3.22500     0.00236     0.00133     0.00000     0.00000    -0.00701    -0.00146     0.00000     0.00000
     3.23000     0.00235     0.00132     0.00000     0.00000    -0.00700    -0.00146     0.00000     0.00000
     3.23500     0.00235     0.00132     0.00000     0.00000    -0.00698    -0.00145     0.00000     0.00000
     3.24000     0.00234     0.00132     0.00000     0.00000    -0.00696    -0.00145     0.00000     0.00000
     3.24500     0.00233     0.00131     0.00000     0.00000    -0.00695    -0.00144     0.00000     0.00000
     3.25000     0.00232     0.00131     0.00000     0.00000    -0.00693    -0.00143     0.00000     0.00000
     3.25500     0.00232     0.00130     0.00000     0.00000    -0.00692    -0.00143     0.00000     0.00000
     3.26000     0.00231     0.00130     0.00000     0.00000    -0.00690    -0.00142     0.00000     0.00000
     3.26500     0.00230     0.00130     0.00000     0.00000    -0.00688    -0.00142     0.00000     0.00000
     3.27000     0.00230     0.00129     0.00000     0.00000    -0.00687    -0.00141     0.00000     0.00000
     3.27500     0.00229     0.00129     0.00000     0.00000    -0.00685    -0.00141     0.00000     0.00000
     3.28000     0.00228     0.00128     0.00000     0.00000    -0.00683    -0.00140     0.00000     0.00000
     3.28500     0.00227     0.00128     0.00000     0.00000    -0.00682    -0.00140     0.00000     0.00000
     3.29000     0.00227     0.00127     0.00000     0.00000    -0.00680    -0.00139     0.00000     0.00000
     3.29500     0.00226     0.00127     0.00000     0.00000    -0.00679    -0.00138     0.00000     0.00000
     3.30000     0.00225     0.00127     0.00000     0.00000    -0.00677    -0.00138     0.00000     0.00000
     3.30500     0.00225     0.00126     0.00000     0.00000    -0.00676    -0.00137     0.00000     0.00000
     3.31000     0.00224     0.00126     0.00000     0.00000    -0.00674    -0.00137     0.00000     0.00000
     3.31500     0.00223     0.00125     0.00000     0.00000    -0.00672    -0.00136     0.00000     0.00000
     3.32000     0.00222     0.00125     0.00000     0.00000    -0.00671    -0.00136     0.00000     0.00000
     3.32500     0.00222     0.00125     0.00000     0.00000    -0.00669    -0.00135     0.00000     0.00000
     3.33000     0.00221     0.00124     0.00000     0.00000    -0.00668    -0.00135     0.00000     0.00000
     3.33500     0.00220     0.00124     0.00000     0.00000    -0.00666    -0.00134     0.00000     0.00000
     3.34000     0.00220     0.00123     0.00000     0.00000    -0.00665    -0.00134     0.00000     0.00000
     3.34500     0.00219     0.00123     0.00000     0.00000    -0.00663    -0.00133     0.00000     0.00000
     3.35000     0.00218     0.00123     0.00000     0.00000    -0.00662    -0.00133     0.00000     0.00000
     3.35500     0.00218     0.00122     0.00000     0.00000    -0.00660    -0.00132     0.00000     0.00000
     3.36000     0.00217     0.00122     0.00000     0.00000    -0.00659    -0.00132     0.00000     0.00000
     3.36500     0.00216     0.00121     0.00000     0.00000    -0.00657    -0.00131     0.00000     0.00000
     3.37000     0.00216     0.00121     0.00000     0.00000    -0.00656    -0.00131     0.00000     0.00000
     3.37500     0.00215     0.00121     0.00000     0.00000    -0.00654    -0.00130     0.00000     0.00000
     3.38000     0.00214     0.00120     0.00000     0.00000    -0.00653    -0.00130     0.00000     0.00000
     3.38500     0.00214     0.00120     0.00000     0.00000    -0.00651    -0.00129     0.00000     0.00000
     3.39000     0.00213     0.00120     0.00000     0.00000    -0.00650    -0.00129     0.00000     0.00000
     3.39500     0.00212     0.00119     0.00000     0.00000    -0.00648    -0.00128     0.00000     0.00000
     3.40000     0.00212     0.00119     0.00000     0.00000    -0.00647    -0.00128     0.00000     0.00000
     3.40500     0.00211     0.00118     0.00000     0.00000    -0.00645    -0.00127     0.00000     0.00000
     3.41000     0.00210     0.00118     0.00000     0.00000    -0.00644    -0.00127     0.00000     0.00000
     3.41500     0.00210     0.00118     0.00000     0.00000    -0.00642    -0.00126     0.00000     0.00000
     3.42000     0.00209     0.00117     0.00000     0.00000    -0.00641    -0.00126     0.00000     0.00000
     3.42500     0.00208     0.00117     0.00000     0.00000    -0.00639    -0.00126     0.00000     0.00000
     3.43000     0.00208     0.00116     0.00000     0.00000    -0.00638    -0.00125     0.00000     0.00000
     3.43500     0.00207     0.00116     0.00000     0.00000    -0.00637    -0.00125     0.00000     0.00000
     3.44000     0.00206     0.00116     0.00000     0.00000    -0.00635    -0.00124     0.00000     0.00000
     3.44500     0.00206     0.00115     0.00000     0.00000    -0.00634    -0.00124     0.00000     0.00000
     3.45000     0.00205     0.00115     0.00000     0.00000    -0.00632    -0.00123     0.00000     0.00000
     3.45500     0.00204     0.00115     0.00000     0.00000    -0.00631    -0.00123     0.00000     0.00000
     3.46000     0.00204     0.00114     0.00000     0.00000    -0.00629    -0.00122     0.00000     0.00000
     3.46500     0.00203     0.00114     0.00000     0.00000    -0.00628    -0.00122     0.00000     0.00000
     3.47000     0.00202     0.00114     0.00000     0.00000    -0.00627    -0.00121     0.00000     0.00000
     3.47500     0.00202     0.00113     0.00000     0.00000    -0.00625    -0.00121     0.00000     0.00000
     3.48000     0.00201     0.00113     0.00000     0.00000    -0.00624    -0.00121     0.00000     0.00000
     3.48500     0.00200     0.00112     0.00000     0.00000    -0.00622    -0.00120     0.00000     0.00000
     3.49000     0.00200     0.00112     0.00000     0.00000    -0.00621    -0.00120     0.00000     0.00000
     3.49500     0.00199     0.00112     0.00000     0.00000    -0.00620    -0.00119     0.00000     0.00000
     3.50000     0.00199     0.00111     0.00000     0.00000    -0.00618    -0.00119     0.00000     0.00000
     3.50500     0.00198     0.00111     0.00000     0.00000    -0.00617    -0.00118     0.00000     0.00000
     3.51000     0.00197     0.00111     0.00000     0.00000    -0.00616    -0.00118     0.00000     0.00000
     3.51500     0.00197     0.00110     0.00000     0.00000    -0.00614    -0.00118     0.00000     0.00000
     3.52000     0.00196     0.00110     0.00000     0.00000    -0.00613    -0.00117     0.00000     0.00000
     3.52500     0.00195     0.00110     0.00000     0.00000    -0.00611    -0.00117     0.00000     0.00000
     3.53000     0.00195     0.00109     0.00000     0.00000    -0.00610    -0.00116     0.00000     0.00000
     3.53500     0.00194     0.00109     0.00000     0.00000    -0.00609    -0.00116     0.00000     0.00000
     3.54000     0.00194     0.00109     0.00000     0.00000    -0.00607    -0.00115     0.00000     0.00000
     3.54500     0.00193     0.00108     0.00000     0.00000    -0.00606    -0.00115     0.00000     0.00000
     3.55000     0.00192     0.00108     0.00000     0.00000    -0.00605    -0.00115     0.00000     0.00000
     3.55500     0.00192     0.00107     0.00000     0.00000    -0.00603    -0.00114     0.00000     0.00000
     3.56000     0.00191     0.00107     0.00000     0.00000    -0.00602    -0.00114     0.00000     0.00000
     3.56500     0.00191     0.00107     0.00000     0.00000    -0.00601    -0.00113     0.00000     0.00000
     3.57000     0.00190     0.00106     0.00000     0.00000    -0.00599    -0.00113     0.00000     0.00000
     3.57500     0.00189     0.00106     0.00000     0.00000    -0.00598    -0.00113     0.00000     0.00000
     3.58000     0.00189     0.00106     0.00000     0.00000    -0.00597    -0.00112     0.00000     0.00000
     3.58500     0.00188     0.00105     0.00000     0.00000    -0.00596    -0.00112     0.00000     0.00000
     3.59000     0.00188     0.00105     0.00000     0.00000    -0.00594    -0.00111     0.00000     0.00000
     3.59500     0.00187     0.00105     0.00000     0.00000    -0.00593    -0.00111     0.00000     0.00000
     3.60000     0.00186     0.00104     0.00000     0.00000    -0.00592    -0.00111     0.00000     0.00000
     3.60500     0.00186     0.00104     0.00000     0.00000    -0.00590    -0.00110     0.00000     0.00000
     3.61000     0.00185     0.00104     0.00000     0.00000    -0.00589    -0.00110     0.00000     0.00000
     3.61500     0.00185     0.00103     0.00000     0.00000    -0.00588    -0.00109     0.00000     0.00000
     3.62000     0.00184     0.00103     0.00000     0.00000    -0.00587    -0.00109     0.00000     0.00000
     3.62500     0.00183     0.00103     0.00000     0.00000    -0.00585    -0.00109     0.00000     0.00000
     3.63000     0.00183     0.00102     0.00000     0.00000    -0.00584    -0.00108     0.00000     0.00000
     3.63500     0.00182     0.00102     0.00000     0.00000    -0.00583    -0.00108     0.00000     0.00000
     3.64000     0.00182     0.00102     0.00000     0.00000    -0.00582    -0.00107     0.00000     0.00000
     3.64500     0.00181     0.00101     0.00000     0.00000    -0.00580    -0.00107     0.00000     0.00000
     3.65000     0.00181     0.00101     0.00000     0.00000    -0.00579    -0.00107     0.00000     0.00000
     3.65500     0.00180     0.00101     0.00000     0.00000    -0.00578    -0.00106     0.00000     0.00000
     3.66000     0.00179     0.00100     0.00000     0.00000    -0.00577    -0.00106     0.00000     0.00000
     3.66500     0.00179     0.00100     0.00000     0.00000    -0.00575    -0.00106     0.00000     0.00000
     3.67000     0.00178     0.00100     0.00000     0.00000    -0.00574    -0.00105     0.00000     0.00000
     3.67500     0.00178     0.00099     0.00000     0.00000    -0.00573    -0.00105     0.00000     0.00000
     3.68000     0.00177     0.00099     0.00000     0.00000    -0.00572    -0.00105     0.00000     0.00000
     3.68500     0.00177     0.00099     0.00000     0.00000    -0.00570    -0.00104     0.00000     0.00000
     3.69000     0.00176     0.00098     0.00000     0.00000    -0.00569    -0.00104     0.00000     0.00000
     3.69500     0.00175     0.00098     0.00000     0.00000    -0.00568    -0.00103     0.00000     0.00000
     3.70000     0.00175     0.00098     0.00000     0.00000    -0.00567    -0.00103     0.00000     0.00000
     3.70500     0.00174     0.00098     0.00000     0.00000    -0.00566    -0.00103     0.00000     0.00000
     3.71000     0.00174     0.00097     0.00000     0.00000    -0.00564    -0.00102     0.00000     0.00000
     3.71500     0.00173     0.00097     0.00000     0.00000    -0.00563    -0.00102     0.00000     0.00000
     3.72000     0.00173     0.00097     0.00000     0.00000    -0.00562    -0.00102     0.00000     0.00000
     3.72500     0.00172     0.00096     0.00000     0.00000    -0.00561    -0.00101     0.00000     0.00000
     3.73000     0.00172     0.00096     0.00000     0.00000    -0.00560    -0.00101     0.00000     0.00000
     3.73500     0.00171     0.00096     0.00000     0.00000    -0.00558    -0.00101     0.00000     0.00000
     3.74000     0.00170     0.00095     0.00000     0.00000    -0.00557    -0.00100     0.00000     0.00000
     3.74500     0.00170     0.00095     0.00000     0.00000    -0.00556    -0.00100     0.00000     0.00000
     3.75000     0.00169     0.00095     0.00000     0.00000    -0.00555    -0.00100     0.00000     0.00000
     3.75500     0.00169     0.00094     0.00000     0.00000    -0.00554    -0.00099     0.00000     0.00000
     3.76000     0.00168     0.00094     0.00000     0.00000    -0.00553    -0.00099     0.00000     0.00000
     3.76500     0.00168     0.00094     0.00000     0.00000    -0.00551    -0.00099     0.00000     0.00000
     3.77000     0.00167     0.00093     0.00000     0.00000    -0.00550    -0.00098     0.00000     0.00000
     3.77500     0.00167     0.00093     0.00000     0.00000    -0.00549    -0.00098     0.00000     0.00000
     3.78000     0.00166     0.00093     0.00000     0.00000    -0.00548    -0.00098     0.00000     0.00000
     3.78500     0.00166     0.00093     0.00000     0.00000    -0.00547    -0.00097     0.00000     0.00000
     3.79000     0.00165     0.00092     0.00000     0.00000    -0.00546    -0.00097     0.00000     0.00000
     3.79500     0.00165     0.00092     0.00000     0.00000    -0.00545    -0.00097     0.00000     0.00000
     3.80000     0.00164     0.00092     0.00000     0.00000    -0.00543    -0.00096     0.00000     0.00000
     3.80500     0.00164     0.00091     0.00000     0.00000    -0.00542    -0.00096     0.00000     0.00000
     3.81000     0.00163     0.00091     0.00000     0.00000    -0.00541    -0.00096     0.00000     0.00000
     3.81500     0.00162     0.00091     0.00000     0.00000    -0.00540    -0.00095     0.00000     0.00000
     3.82000     0.00162     0.00090     0.00000     0.00000    -0.00539    -0.00095     0.00000     0.00000
     3.82500     0.00161     0.00090     0.00000     0.00000    -0.00538    -0.00095     0.00000     0.00000
     3.83000     0.00161     0.00090     0.00000     0.00000    -0.00537    -0.00094     0.00000     0.00000
     3.83500     0.00160     0.00090     0.00000     0.00000    -0.00536    -0.00094     0.00000     0.00000
     3.84000     0.00160     0.00089     0.00000     0.00000    -0.00534    -0.00094     0.00000     0.00000
     3.84500     0.00159     0.00089     0.00000     0.00000    -0.00533    -0.00093     0.00000     0.00000
     3.85000     0.00159     0.00089     0.00000     0.00000    -0.00532    -0.00093     0.00000     0.00000
     3.85500     0.00158     0.00088     0.00000     0.00000    -0.00531    -0.00093     0.00000     0.00000
     3.86000     0.00158     0.00088     0.00000     0.00000    -0.00530    -0.00092     0.00000     0.00000
     3.86500     0.00157     0.00088     0.00000     0.00000    -0.00529    -0.00092     0.00000     0.00000
     3.87000     0.00157     0.00088     0.00000     0.00000    -0.00528    -0.00092     0.00000     0.00000
     3.87500     0.00156     0.00087     0.00000     0.00000    -0.00527    -0.00091     0.00000     0.00000
     3.88000     0.00156     0.00087     0.00000     0.00000    -0.00526    -0.00091     0.00000     0.00000
     3.88500     0.00155     0.00087     0.00000     0.00000    -0.00525    -0.00091     0.00000     0.00000
     3.89000     0.00155     0.00086     0.00000     0.00000    -0.00524    -0.00091     0.00000     0.00000
     3.89500     0.00154     0.00086     0.00000     0.00000    -0.00523    -0.00090     0.00000     0.00000
     3.90000     0.00154     0.00086     0.00000     0.00000    -0.00521    -0.00090     0.00000     0.00000
     3.90500     0.00153     0.00086     0.00000     0.00000    -0.00520    -0.00090     0.00000     0.00000
     3.91000     0.00153     0.00085     0.00000     0.00000    -0.00519    -0.00089     0.00000     0.00000
     3.91500     0.00152     0.00085     0.00000     0.00000    -0.00518    -0.00089     0.00000     0.00000
     3.92000     0.00152     0.00085     0.00000     0.00000    -0.00517    -0.00089     0.00000     0.00000
     3.92500     0.00151     0.00084     0.00000     0.00000    -0.00516    -0.00089     0.00000     0.00000
     3.93000     0.00151     0.00084     0.00000     0.00000    -0.00515    -0.00088     0.00000     0.00000
     3.93500     0.00150     0.00084     0.00000     0.00000    -0.00514    -0.00088     0.00000     0.00000
     3.94000     0.00150     0.00084     0.00000     0.00000    -0.00513    -0.00088     0.00000     0.00000
     3.94500     0.00149     0.00083     0.00000     0.00000    -0.00512    -0.00087     0.00000     0.00000
     3.95000     0.00149     0.00083     0.00000     0.00000    -0.00511    -0.00087     0.00000     0.00000
     3.95500     0.00148     0.00083     0.00000     0.00000    -0.00510    -0.00087     0.00000     0.00000
     3.96000     0.00148     0.00083     0.00000     0.00000    -0.00509    -0.00086     0.00000     0.00000
     3.96500     0.00148     0.00082     0.00000     0.00000    -0.00508    -0.00086     0.00000     0.00000
     3.97000     0.00147     0.00082     0.00000     0.00000    -0.00507    -0.00086     0.00000     0.00000
     3.97500     0.00147     0.00082     0.00000     0.00000    -0.00506    -0.00086     0.00000     0.00000
     3.98000     0.00146     0.00081     0.00000     0.00000    -0.00505    -0.00085     0.00000     0.00000
     3.98500     0.00146     0.00081     0.00000     0.00000    -0.00504    -0.00085     0.00000     0.00000
     3.99000     0.00145     0.00081     0.00000     0.00000    -0.00503    -0.00085     0.00000     0.00000
     3.99500     0.00145     0.00081     0.00000     0.00000    -0.00502    -0.00085     0.00000     0.00000
     4.00000     0.00144     0.00080     0.00000     0.00000    -0.00501    -0.00084     0.00000     0.00000
