 # S11_1535 FF
     0.00000     0.84912     0.46439     0.00000     0.00000     0.00000     0.00000     0.00000     0.00000
     0.00500     0.84133     0.46241     0.00000     0.00000     0.00000     0.00000     0.00000     0.00000
     0.01000     0.83375     0.46048     0.00000     0.00000     0.00000     0.00000     0.00000     0.00000
     0.01500     0.82635     0.45859     0.00000     0.00000     0.00000     0.00000     0.00000     0.00000
     0.02000     0.81913     0.45673     0.00000     0.00000     0.00000     0.00000     0.00000     0.00000
     0.02500     0.81208     0.45492     0.00000     0.00000     0.00000     0.00000     0.00000     0.00000
     0.03000     0.80520     0.45314     0.00000     0.00000     0.00000     0.00000     0.00000     0.00000
     0.03500     0.79847     0.45140     0.00000     0.00000     0.00000     0.00000     0.00000     0.00000
     0.04000     0.79190     0.44969     0.00000     0.00000     0.00000     0.00000     0.00000     0.00000
     0.04500     0.78548     0.44801     0.00000     0.00000     0.00000     0.00000     0.00000     0.00000
     0.05000     0.77919     0.44636     0.00000     0.00000     0.00000     0.00000     0.00000     0.00000
     0.05500     0.77304     0.44474     0.00000     0.00000     0.00000     0.00000     0.00000     0.00000
     0.06000     0.76702     0.44315     0.00000     0.00000     0.00000     0.00000     0.00000     0.00000
     0.06500     0.76112     0.44158     0.00000     0.00000     0.00000     0.00000     0.00000     0.00000
     0.07000     0.75534     0.44004     0.00000     0.00000     0.00000     0.00000     0.00000     0.00000
     0.07500     0.74968     0.43851     0.00000     0.00000     0.00000     0.00000     0.00000     0.00000
     0.08000     0.74412     0.43702     0.00000     0.00000     0.00000     0.00000     0.00000     0.00000
     0.08500     0.73868     0.43554     0.00000     0.00000     0.00000     0.00000     0.00000     0.00000
     0.09000     0.73333     0.43408     0.00000     0.00000     0.00000     0.00000     0.00000     0.00000
     0.09500     0.72809     0.43264     0.00000     0.00000     0.00000     0.00000     0.00000     0.00000
     0.10000     0.72294     0.43122     0.00000     0.00000     0.00000     0.00000     0.00000     0.00000
     0.10500     0.71789     0.42981     0.00000     0.00000     0.00000     0.00000     0.00000     0.00000
     0.11000     0.71292     0.42843     0.00000     0.00000     0.00000     0.00000     0.00000     0.00000
     0.11500     0.70804     0.42705     0.00000     0.00000     0.00000     0.00000     0.00000     0.00000
     0.12000     0.70324     0.42570     0.00000     0.00000     0.00000     0.00000     0.00000     0.00000
     0.12500     0.69852     0.42436     0.00000     0.00000     0.00000     0.00000     0.00000     0.00000
     0.13000     0.69388     0.42303     0.00000     0.00000     0.00000     0.00000     0.00000     0.00000
     0.13500     0.68932     0.42171     0.00000     0.00000     0.00000     0.00000     0.00000     0.00000
     0.14000     0.68483     0.42041     0.00000     0.00000     0.00000     0.00000     0.00000     0.00000
     0.14500     0.68040     0.41912     0.00000     0.00000     0.00000     0.00000     0.00000     0.00000
     0.15000     0.67605     0.41784     0.00000     0.00000     0.00000     0.00000     0.00000     0.00000
     0.15500     0.67177     0.41657     0.00000     0.00000     0.00000     0.00000     0.00000     0.00000
     0.16000     0.66754     0.41532     0.00000     0.00000     0.00000     0.00000     0.00000     0.00000
     0.16500     0.66338     0.41407     0.00000     0.00000     0.00000     0.00000     0.00000     0.00000
     0.17000     0.65928     0.41283     0.00000     0.00000     0.00000     0.00000     0.00000     0.00000
     0.17500     0.65524     0.41161     0.00000     0.00000     0.00000     0.00000     0.00000     0.00000
     0.18000     0.65126     0.41039     0.00000     0.00000     0.00000     0.00000     0.00000     0.00000
     0.18500     0.64733     0.40918     0.00000     0.00000     0.00000     0.00000     0.00000     0.00000
     0.19000     0.64345     0.40798     0.00000     0.00000     0.00000     0.00000     0.00000     0.00000
     0.19500     0.63963     0.40679     0.00000     0.00000     0.00000     0.00000     0.00000     0.00000
     0.20000     0.63586     0.40560     0.00000     0.00000     0.00000     0.00000     0.00000     0.00000
     0.20500     0.63213     0.40442     0.00000     0.00000     0.00000     0.00000     0.00000     0.00000
     0.21000     0.62846     0.40325     0.00000     0.00000     0.00000     0.00000     0.00000     0.00000
     0.21500     0.62483     0.40209     0.00000     0.00000     0.00000     0.00000     0.00000     0.00000
     0.22000     0.62124     0.40093     0.00000     0.00000     0.00000     0.00000     0.00000     0.00000
     0.22500     0.61770     0.39978     0.00000     0.00000     0.00000     0.00000     0.00000     0.00000
     0.23000     0.61421     0.39864     0.00000     0.00000     0.00000     0.00000     0.00000     0.00000
     0.23500     0.61075     0.39750     0.00000     0.00000     0.00000     0.00000     0.00000     0.00000
     0.24000     0.60734     0.39637     0.00000     0.00000     0.00000     0.00000     0.00000     0.00000
     0.24500     0.60397     0.39524     0.00000     0.00000     0.00000     0.00000     0.00000     0.00000
     0.25000     0.60063     0.39412     0.00000     0.00000     0.00000     0.00000     0.00000     0.00000
     0.25500     0.59733     0.39300     0.00000     0.00000     0.00000     0.00000     0.00000     0.00000
     0.26000     0.59407     0.39189     0.00000     0.00000     0.00000     0.00000     0.00000     0.00000
     0.26500     0.59085     0.39078     0.00000     0.00000     0.00000     0.00000     0.00000     0.00000
     0.27000     0.58766     0.38968     0.00000     0.00000     0.00000     0.00000     0.00000     0.00000
     0.27500     0.58451     0.38858     0.00000     0.00000     0.00000     0.00000     0.00000     0.00000
     0.28000     0.58139     0.38749     0.00000     0.00000     0.00000     0.00000     0.00000     0.00000
     0.28500     0.57830     0.38640     0.00000     0.00000     0.00000     0.00000     0.00000     0.00000
     0.29000     0.57524     0.38532     0.00000     0.00000     0.00000     0.00000     0.00000     0.00000
     0.29500     0.57222     0.38424     0.00000     0.00000     0.00000     0.00000     0.00000     0.00000
     0.30000     0.56922     0.38316     0.00000     0.00000     0.00000     0.00000     0.00000     0.00000
     0.30500     0.56626     0.38209     0.00000     0.00000     0.00000     0.00000     0.00000     0.00000
     0.31000     0.56332     0.38102     0.00000     0.00000     0.00000     0.00000     0.00000     0.00000
     0.31500     0.56042     0.37995     0.00000     0.00000     0.00000     0.00000     0.00000     0.00000
     0.32000     0.55754     0.37889     0.00000     0.00000     0.00000     0.00000     0.00000     0.00000
     0.32500     0.55469     0.37783     0.00000     0.00000     0.00000     0.00000     0.00000     0.00000
     0.33000     0.55186     0.37677     0.00000     0.00000     0.00000     0.00000     0.00000     0.00000
     0.33500     0.54907     0.37572     0.00000     0.00000     0.00000     0.00000     0.00000     0.00000
     0.34000     0.54629     0.37467     0.00000     0.00000     0.00000     0.00000     0.00000     0.00000
     0.34500     0.54355     0.37363     0.00000     0.00000     0.00000     0.00000     0.00000     0.00000
     0.35000     0.54083     0.37258     0.00000     0.00000     0.00000     0.00000     0.00000     0.00000
     0.35500     0.53813     0.37154     0.00000     0.00000     0.00000     0.00000     0.00000     0.00000
     0.36000     0.53546     0.37050     0.00000     0.00000     0.00000     0.00000     0.00000     0.00000
     0.36500     0.53280     0.36947     0.00000     0.00000     0.00000     0.00000     0.00000     0.00000
     0.37000     0.53018     0.36844     0.00000     0.00000     0.00000     0.00000     0.00000     0.00000
     0.37500     0.52757     0.36741     0.00000     0.00000     0.00000     0.00000     0.00000     0.00000
     0.38000     0.52499     0.36638     0.00000     0.00000     0.00000     0.00000     0.00000     0.00000
     0.38500     0.52243     0.36536     0.00000     0.00000     0.00000     0.00000     0.00000     0.00000
     0.39000     0.51989     0.36433     0.00000     0.00000     0.00000     0.00000     0.00000     0.00000
     0.39500     0.51737     0.36332     0.00000     0.00000     0.00000     0.00000     0.00000     0.00000
     0.40000     0.51487     0.36230     0.00000     0.00000     0.00000     0.00000     0.00000     0.00000
     0.40500     0.51239     0.36128     0.00000     0.00000     0.00000     0.00000     0.00000     0.00000
     0.41000     0.50993     0.36027     0.00000     0.00000     0.00000     0.00000     0.00000     0.00000
     0.41500     0.50749     0.35926     0.00000     0.00000     0.00000     0.00000     0.00000     0.00000
     0.42000     0.50507     0.35825     0.00000     0.00000     0.00000     0.00000     0.00000     0.00000
     0.42500     0.50267     0.35725     0.00000     0.00000     0.00000     0.00000     0.00000     0.00000
     0.43000     0.50029     0.35625     0.00000     0.00000     0.00000     0.00000     0.00000     0.00000
     0.43500     0.49792     0.35524     0.00000     0.00000     0.00000     0.00000     0.00000     0.00000
     0.44000     0.49557     0.35425     0.00000     0.00000     0.00000     0.00000     0.00000     0.00000
     0.44500     0.49325     0.35325     0.00000     0.00000     0.00000     0.00000     0.00000     0.00000
     0.45000     0.49093     0.35225     0.00000     0.00000     0.00000     0.00000     0.00000     0.00000
     0.45500     0.48864     0.35126     0.00000     0.00000     0.00000     0.00000     0.00000     0.00000
     0.46000     0.48636     0.35027     0.00000     0.00000     0.00000     0.00000     0.00000     0.00000
     0.46500     0.48410     0.34928     0.00000     0.00000     0.00000     0.00000     0.00000     0.00000
     0.47000     0.48185     0.34830     0.00000     0.00000     0.00000     0.00000     0.00000     0.00000
     0.47500     0.47962     0.34731     0.00000     0.00000     0.00000     0.00000     0.00000     0.00000
     0.48000     0.47741     0.34633     0.00000     0.00000     0.00000     0.00000     0.00000     0.00000
     0.48500     0.47521     0.34535     0.00000     0.00000     0.00000     0.00000     0.00000     0.00000
     0.49000     0.47302     0.34437     0.00000     0.00000     0.00000     0.00000     0.00000     0.00000
     0.49500     0.47085     0.34339     0.00000     0.00000     0.00000     0.00000     0.00000     0.00000
     0.50000     0.46870     0.34242     0.00000     0.00000     0.00000     0.00000     0.00000     0.00000
     0.50500     0.46656     0.34144     0.00000     0.00000     0.00000     0.00000     0.00000     0.00000
     0.51000     0.46444     0.34047     0.00000     0.00000     0.00000     0.00000     0.00000     0.00000
     0.51500     0.46233     0.33950     0.00000     0.00000     0.00000     0.00000     0.00000     0.00000
     0.52000     0.46023     0.33853     0.00000     0.00000     0.00000     0.00000     0.00000     0.00000
     0.52500     0.45815     0.33757     0.00000     0.00000     0.00000     0.00000     0.00000     0.00000
     0.53000     0.45608     0.33660     0.00000     0.00000     0.00000     0.00000     0.00000     0.00000
     0.53500     0.45402     0.33564     0.00000     0.00000     0.00000     0.00000     0.00000     0.00000
     0.54000     0.45198     0.33468     0.00000     0.00000     0.00000     0.00000     0.00000     0.00000
     0.54500     0.44995     0.33372     0.00000     0.00000     0.00000     0.00000     0.00000     0.00000
     0.55000     0.44793     0.33277     0.00000     0.00000     0.00000     0.00000     0.00000     0.00000
     0.55500     0.44593     0.33181     0.00000     0.00000     0.00000     0.00000     0.00000     0.00000
     0.56000     0.44394     0.33086     0.00000     0.00000     0.00000     0.00000     0.00000     0.00000
     0.56500     0.44196     0.32991     0.00000     0.00000     0.00000     0.00000     0.00000     0.00000
     0.57000     0.43999     0.32896     0.00000     0.00000     0.00000     0.00000     0.00000     0.00000
     0.57500     0.43804     0.32801     0.00000     0.00000     0.00000     0.00000     0.00000     0.00000
     0.58000     0.43610     0.32706     0.00000     0.00000     0.00000     0.00000     0.00000     0.00000
     0.58500     0.43417     0.32612     0.00000     0.00000     0.00000     0.00000     0.00000     0.00000
     0.59000     0.43225     0.32517     0.00000     0.00000     0.00000     0.00000     0.00000     0.00000
     0.59500     0.43034     0.32423     0.00000     0.00000     0.00000     0.00000     0.00000     0.00000
     0.60000     0.42844     0.32329     0.00000     0.00000     0.00000     0.00000     0.00000     0.00000
     0.60500     0.42656     0.32235     0.00000     0.00000     0.00000     0.00000     0.00000     0.00000
     0.61000     0.42469     0.32142     0.00000     0.00000     0.00000     0.00000     0.00000     0.00000
     0.61500     0.42282     0.32048     0.00000     0.00000     0.00000     0.00000     0.00000     0.00000
     0.62000     0.42097     0.31955     0.00000     0.00000     0.00000     0.00000     0.00000     0.00000
     0.62500     0.41913     0.31862     0.00000     0.00000     0.00000     0.00000     0.00000     0.00000
     0.63000     0.41730     0.31769     0.00000     0.00000     0.00000     0.00000     0.00000     0.00000
     0.63500     0.41548     0.31676     0.00000     0.00000     0.00000     0.00000     0.00000     0.00000
     0.64000     0.41367     0.31584     0.00000     0.00000     0.00000     0.00000     0.00000     0.00000
     0.64500     0.41187     0.31491     0.00000     0.00000     0.00000     0.00000     0.00000     0.00000
     0.65000     0.41008     0.31399     0.00000     0.00000     0.00000     0.00000     0.00000     0.00000
     0.65500     0.40831     0.31307     0.00000     0.00000     0.00000     0.00000     0.00000     0.00000
     0.66000     0.40654     0.31215     0.00000     0.00000     0.00000     0.00000     0.00000     0.00000
     0.66500     0.40478     0.31123     0.00000     0.00000     0.00000     0.00000     0.00000     0.00000
     0.67000     0.40303     0.31032     0.00000     0.00000     0.00000     0.00000     0.00000     0.00000
     0.67500     0.40129     0.30940     0.00000     0.00000     0.00000     0.00000     0.00000     0.00000
     0.68000     0.39956     0.30849     0.00000     0.00000     0.00000     0.00000     0.00000     0.00000
     0.68500     0.39784     0.30758     0.00000     0.00000     0.00000     0.00000     0.00000     0.00000
     0.69000     0.39613     0.30667     0.00000     0.00000     0.00000     0.00000     0.00000     0.00000
     0.69500     0.39443     0.30576     0.00000     0.00000     0.00000     0.00000     0.00000     0.00000
     0.70000     0.39274     0.30486     0.00000     0.00000     0.00000     0.00000     0.00000     0.00000
     0.70500     0.39105     0.30395     0.00000     0.00000     0.00000     0.00000     0.00000     0.00000
     0.71000     0.38938     0.30305     0.00000     0.00000     0.00000     0.00000     0.00000     0.00000
     0.71500     0.38771     0.30215     0.00000     0.00000     0.00000     0.00000     0.00000     0.00000
     0.72000     0.38606     0.30125     0.00000     0.00000     0.00000     0.00000     0.00000     0.00000
     0.72500     0.38441     0.30036     0.00000     0.00000     0.00000     0.00000     0.00000     0.00000
     0.73000     0.38277     0.29946     0.00000     0.00000     0.00000     0.00000     0.00000     0.00000
     0.73500     0.38114     0.29857     0.00000     0.00000     0.00000     0.00000     0.00000     0.00000
     0.74000     0.37952     0.29768     0.00000     0.00000     0.00000     0.00000     0.00000     0.00000
     0.74500     0.37790     0.29679     0.00000     0.00000     0.00000     0.00000     0.00000     0.00000
     0.75000     0.37630     0.29590     0.00000     0.00000     0.00000     0.00000     0.00000     0.00000
     0.75500     0.37470     0.29501     0.00000     0.00000     0.00000     0.00000     0.00000     0.00000
     0.76000     0.37311     0.29413     0.00000     0.00000     0.00000     0.00000     0.00000     0.00000
     0.76500     0.37153     0.29324     0.00000     0.00000     0.00000     0.00000     0.00000     0.00000
     0.77000     0.36996     0.29236     0.00000     0.00000     0.00000     0.00000     0.00000     0.00000
     0.77500     0.36840     0.29148     0.00000     0.00000     0.00000     0.00000     0.00000     0.00000
     0.78000     0.36684     0.29060     0.00000     0.00000     0.00000     0.00000     0.00000     0.00000
     0.78500     0.36529     0.28973     0.00000     0.00000     0.00000     0.00000     0.00000     0.00000
     0.79000     0.36375     0.28885     0.00000     0.00000     0.00000     0.00000     0.00000     0.00000
     0.79500     0.36222     0.28798     0.00000     0.00000     0.00000     0.00000     0.00000     0.00000
     0.80000     0.36069     0.28711     0.00000     0.00000     0.00000     0.00000     0.00000     0.00000
     0.80500     0.35917     0.28624     0.00000     0.00000     0.00000     0.00000     0.00000     0.00000
     0.81000     0.35766     0.28537     0.00000     0.00000     0.00000     0.00000     0.00000     0.00000
     0.81500     0.35616     0.28451     0.00000     0.00000     0.00000     0.00000     0.00000     0.00000
     0.82000     0.35467     0.28364     0.00000     0.00000     0.00000     0.00000     0.00000     0.00000
     0.82500     0.35318     0.28278     0.00000     0.00000     0.00000     0.00000     0.00000     0.00000
     0.83000     0.35170     0.28192     0.00000     0.00000     0.00000     0.00000     0.00000     0.00000
     0.83500     0.35023     0.28106     0.00000     0.00000     0.00000     0.00000     0.00000     0.00000
     0.84000     0.34876     0.28021     0.00000     0.00000     0.00000     0.00000     0.00000     0.00000
     0.84500     0.34730     0.27935     0.00000     0.00000     0.00000     0.00000     0.00000     0.00000
     0.85000     0.34585     0.27850     0.00000     0.00000     0.00000     0.00000     0.00000     0.00000
     0.85500     0.34440     0.27765     0.00000     0.00000     0.00000     0.00000     0.00000     0.00000
     0.86000     0.34297     0.27680     0.00000     0.00000     0.00000     0.00000     0.00000     0.00000
     0.86500     0.34154     0.27595     0.00000     0.00000     0.00000     0.00000     0.00000     0.00000
     0.87000     0.34011     0.27510     0.00000     0.00000     0.00000     0.00000     0.00000     0.00000
     0.87500     0.33869     0.27426     0.00000     0.00000     0.00000     0.00000     0.00000     0.00000
     0.88000     0.33728     0.27342     0.00000     0.00000     0.00000     0.00000     0.00000     0.00000
     0.88500     0.33588     0.27258     0.00000     0.00000     0.00000     0.00000     0.00000     0.00000
     0.89000     0.33448     0.27174     0.00000     0.00000     0.00000     0.00000     0.00000     0.00000
     0.89500     0.33309     0.27090     0.00000     0.00000     0.00000     0.00000     0.00000     0.00000
     0.90000     0.33171     0.27007     0.00000     0.00000     0.00000     0.00000     0.00000     0.00000
     0.90500     0.33033     0.26923     0.00000     0.00000     0.00000     0.00000     0.00000     0.00000
     0.91000     0.32896     0.26840     0.00000     0.00000     0.00000     0.00000     0.00000     0.00000
     0.91500     0.32760     0.26757     0.00000     0.00000     0.00000     0.00000     0.00000     0.00000
     0.92000     0.32624     0.26674     0.00000     0.00000     0.00000     0.00000     0.00000     0.00000
     0.92500     0.32489     0.26592     0.00000     0.00000     0.00000     0.00000     0.00000     0.00000
     0.93000     0.32354     0.26509     0.00000     0.00000     0.00000     0.00000     0.00000     0.00000
     0.93500     0.32221     0.26427     0.00000     0.00000     0.00000     0.00000     0.00000     0.00000
     0.94000     0.32087     0.26345     0.00000     0.00000     0.00000     0.00000     0.00000     0.00000
     0.94500     0.31955     0.26263     0.00000     0.00000     0.00000     0.00000     0.00000     0.00000
     0.95000     0.31823     0.26181     0.00000     0.00000     0.00000     0.00000     0.00000     0.00000
     0.95500     0.31691     0.26100     0.00000     0.00000     0.00000     0.00000     0.00000     0.00000
     0.96000     0.31560     0.26018     0.00000     0.00000     0.00000     0.00000     0.00000     0.00000
     0.96500     0.31430     0.25937     0.00000     0.00000     0.00000     0.00000     0.00000     0.00000
     0.97000     0.31301     0.25856     0.00000     0.00000     0.00000     0.00000     0.00000     0.00000
     0.97500     0.31172     0.25775     0.00000     0.00000     0.00000     0.00000     0.00000     0.00000
     0.98000     0.31043     0.25695     0.00000     0.00000     0.00000     0.00000     0.00000     0.00000
     0.98500     0.30915     0.25614     0.00000     0.00000     0.00000     0.00000     0.00000     0.00000
     0.99000     0.30788     0.25534     0.00000     0.00000     0.00000     0.00000     0.00000     0.00000
     0.99500     0.30661     0.25454     0.00000     0.00000     0.00000     0.00000     0.00000     0.00000
     1.00000     0.30535     0.25374     0.00000     0.00000     0.00000     0.00000     0.00000     0.00000
     1.00500     0.30410     0.25294     0.00000     0.00000     0.00000     0.00000     0.00000     0.00000
     1.01000     0.30285     0.25215     0.00000     0.00000     0.00000     0.00000     0.00000     0.00000
     1.01500     0.30160     0.25135     0.00000     0.00000     0.00000     0.00000     0.00000     0.00000
     1.02000     0.30037     0.25056     0.00000     0.00000     0.00000     0.00000     0.00000     0.00000
     1.02500     0.29913     0.24977     0.00000     0.00000     0.00000     0.00000     0.00000     0.00000
     1.03000     0.29791     0.24899     0.00000     0.00000     0.00000     0.00000     0.00000     0.00000
     1.03500     0.29668     0.24820     0.00000     0.00000     0.00000     0.00000     0.00000     0.00000
     1.04000     0.29547     0.24741     0.00000     0.00000     0.00000     0.00000     0.00000     0.00000
     1.04500     0.29426     0.24663     0.00000     0.00000     0.00000     0.00000     0.00000     0.00000
     1.05000     0.29305     0.24585     0.00000     0.00000     0.00000     0.00000     0.00000     0.00000
     1.05500     0.29185     0.24507     0.00000     0.00000     0.00000     0.00000     0.00000     0.00000
     1.06000     0.29066     0.24430     0.00000     0.00000     0.00000     0.00000     0.00000     0.00000
     1.06500     0.28947     0.24352     0.00000     0.00000     0.00000     0.00000     0.00000     0.00000
     1.07000     0.28828     0.24275     0.00000     0.00000     0.00000     0.00000     0.00000     0.00000
     1.07500     0.28711     0.24198     0.00000     0.00000     0.00000     0.00000     0.00000     0.00000
     1.08000     0.28593     0.24121     0.00000     0.00000     0.00000     0.00000     0.00000     0.00000
     1.08500     0.28476     0.24044     0.00000     0.00000     0.00000     0.00000     0.00000     0.00000
     1.09000     0.28360     0.23967     0.00000     0.00000     0.00000     0.00000     0.00000     0.00000
     1.09500     0.28244     0.23891     0.00000     0.00000     0.00000     0.00000     0.00000     0.00000
     1.10000     0.28129     0.23815     0.00000     0.00000     0.00000     0.00000     0.00000     0.00000
     1.10500     0.28014     0.23739     0.00000     0.00000     0.00000     0.00000     0.00000     0.00000
     1.11000     0.27900     0.23663     0.00000     0.00000     0.00000     0.00000     0.00000     0.00000
     1.11500     0.27786     0.23587     0.00000     0.00000     0.00000     0.00000     0.00000     0.00000
     1.12000     0.27673     0.23512     0.00000     0.00000     0.00000     0.00000     0.00000     0.00000
     1.12500     0.27560     0.23437     0.00000     0.00000     0.00000     0.00000     0.00000     0.00000
     1.13000     0.27448     0.23362     0.00000     0.00000     0.00000     0.00000     0.00000     0.00000
     1.13500     0.27336     0.23287     0.00000     0.00000     0.00000     0.00000     0.00000     0.00000
     1.14000     0.27225     0.23212     0.00000     0.00000     0.00000     0.00000     0.00000     0.00000
     1.14500     0.27114     0.23137     0.00000     0.00000     0.00000     0.00000     0.00000     0.00000
     1.15000     0.27004     0.23063     0.00000     0.00000     0.00000     0.00000     0.00000     0.00000
     1.15500     0.26894     0.22989     0.00000     0.00000     0.00000     0.00000     0.00000     0.00000
     1.16000     0.26784     0.22915     0.00000     0.00000     0.00000     0.00000     0.00000     0.00000
     1.16500     0.26675     0.22841     0.00000     0.00000     0.00000     0.00000     0.00000     0.00000
     1.17000     0.26567     0.22768     0.00000     0.00000     0.00000     0.00000     0.00000     0.00000
     1.17500     0.26459     0.22694     0.00000     0.00000     0.00000     0.00000     0.00000     0.00000
     1.18000     0.26351     0.22621     0.00000     0.00000     0.00000     0.00000     0.00000     0.00000
     1.18500     0.26244     0.22548     0.00000     0.00000     0.00000     0.00000     0.00000     0.00000
     1.19000     0.26138     0.22475     0.00000     0.00000     0.00000     0.00000     0.00000     0.00000
     1.19500     0.26032     0.22402     0.00000     0.00000     0.00000     0.00000     0.00000     0.00000
     1.20000     0.25926     0.22330     0.00000     0.00000     0.00000     0.00000     0.00000     0.00000
     1.20500     0.25821     0.22257     0.00000     0.00000     0.00000     0.00000     0.00000     0.00000
     1.21000     0.25716     0.22185     0.00000     0.00000     0.00000     0.00000     0.00000     0.00000
     1.21500     0.25612     0.22113     0.00000     0.00000     0.00000     0.00000     0.00000     0.00000
     1.22000     0.25508     0.22042     0.00000     0.00000     0.00000     0.00000     0.00000     0.00000
     1.22500     0.25404     0.21970     0.00000     0.00000     0.00000     0.00000     0.00000     0.00000
     1.23000     0.25301     0.21899     0.00000     0.00000     0.00000     0.00000     0.00000     0.00000
     1.23500     0.25199     0.21828     0.00000     0.00000     0.00000     0.00000     0.00000     0.00000
     1.24000     0.25097     0.21756     0.00000     0.00000     0.00000     0.00000     0.00000     0.00000
     1.24500     0.24995     0.21686     0.00000     0.00000     0.00000     0.00000     0.00000     0.00000
     1.25000     0.24894     0.21615     0.00000     0.00000     0.00000     0.00000     0.00000     0.00000
     1.25500     0.24793     0.21545     0.00000     0.00000     0.00000     0.00000     0.00000     0.00000
     1.26000     0.24693     0.21474     0.00000     0.00000     0.00000     0.00000     0.00000     0.00000
     1.26500     0.24593     0.21404     0.00000     0.00000     0.00000     0.00000     0.00000     0.00000
     1.27000     0.24493     0.21334     0.00000     0.00000     0.00000     0.00000     0.00000     0.00000
     1.27500     0.24394     0.21265     0.00000     0.00000     0.00000     0.00000     0.00000     0.00000
     1.28000     0.24295     0.21195     0.00000     0.00000     0.00000     0.00000     0.00000     0.00000
     1.28500     0.24197     0.21126     0.00000     0.00000     0.00000     0.00000     0.00000     0.00000
     1.29000     0.24099     0.21057     0.00000     0.00000     0.00000     0.00000     0.00000     0.00000
     1.29500     0.24002     0.20988     0.00000     0.00000     0.00000     0.00000     0.00000     0.00000
     1.30000     0.23905     0.20919     0.00000     0.00000     0.00000     0.00000     0.00000     0.00000
     1.30500     0.23808     0.20850     0.00000     0.00000     0.00000     0.00000     0.00000     0.00000
     1.31000     0.23712     0.20782     0.00000     0.00000     0.00000     0.00000     0.00000     0.00000
     1.31500     0.23616     0.20713     0.00000     0.00000     0.00000     0.00000     0.00000     0.00000
     1.32000     0.23521     0.20645     0.00000     0.00000     0.00000     0.00000     0.00000     0.00000
     1.32500     0.23426     0.20577     0.00000     0.00000     0.00000     0.00000     0.00000     0.00000
     1.33000     0.23331     0.20510     0.00000     0.00000     0.00000     0.00000     0.00000     0.00000
     1.33500     0.23237     0.20442     0.00000     0.00000     0.00000     0.00000     0.00000     0.00000
     1.34000     0.23143     0.20375     0.00000     0.00000     0.00000     0.00000     0.00000     0.00000
     1.34500     0.23050     0.20308     0.00000     0.00000     0.00000     0.00000     0.00000     0.00000
     1.35000     0.22957     0.20241     0.00000     0.00000     0.00000     0.00000     0.00000     0.00000
     1.35500     0.22864     0.20174     0.00000     0.00000     0.00000     0.00000     0.00000     0.00000
     1.36000     0.22772     0.20107     0.00000     0.00000     0.00000     0.00000     0.00000     0.00000
     1.36500     0.22680     0.20041     0.00000     0.00000     0.00000     0.00000     0.00000     0.00000
     1.37000     0.22589     0.19975     0.00000     0.00000     0.00000     0.00000     0.00000     0.00000
     1.37500     0.22498     0.19909     0.00000     0.00000     0.00000     0.00000     0.00000     0.00000
     1.38000     0.22407     0.19843     0.00000     0.00000     0.00000     0.00000     0.00000     0.00000
     1.38500     0.22317     0.19777     0.00000     0.00000     0.00000     0.00000     0.00000     0.00000
     1.39000     0.22227     0.19711     0.00000     0.00000     0.00000     0.00000     0.00000     0.00000
     1.39500     0.22137     0.19646     0.00000     0.00000     0.00000     0.00000     0.00000     0.00000
     1.40000     0.22048     0.19581     0.00000     0.00000     0.00000     0.00000     0.00000     0.00000
     1.40500     0.21959     0.19516     0.00000     0.00000     0.00000     0.00000     0.00000     0.00000
     1.41000     0.21871     0.19451     0.00000     0.00000     0.00000     0.00000     0.00000     0.00000
     1.41500     0.21783     0.19387     0.00000     0.00000     0.00000     0.00000     0.00000     0.00000
     1.42000     0.21695     0.19322     0.00000     0.00000     0.00000     0.00000     0.00000     0.00000
     1.42500     0.21608     0.19258     0.00000     0.00000     0.00000     0.00000     0.00000     0.00000
     1.43000     0.21521     0.19194     0.00000     0.00000     0.00000     0.00000     0.00000     0.00000
     1.43500     0.21434     0.19130     0.00000     0.00000     0.00000     0.00000     0.00000     0.00000
     1.44000     0.21348     0.19066     0.00000     0.00000     0.00000     0.00000     0.00000     0.00000
     1.44500     0.21262     0.19003     0.00000     0.00000     0.00000     0.00000     0.00000     0.00000
     1.45000     0.21176     0.18939     0.00000     0.00000     0.00000     0.00000     0.00000     0.00000
     1.45500     0.21091     0.18876     0.00000     0.00000     0.00000     0.00000     0.00000     0.00000
     1.46000     0.21006     0.18813     0.00000     0.00000     0.00000     0.00000     0.00000     0.00000
     1.46500     0.20922     0.18750     0.00000     0.00000     0.00000     0.00000     0.00000     0.00000
     1.47000     0.20838     0.18688     0.00000     0.00000     0.00000     0.00000     0.00000     0.00000
     1.47500     0.20754     0.18625     0.00000     0.00000     0.00000     0.00000     0.00000     0.00000
     1.48000     0.20671     0.18563     0.00000     0.00000     0.00000     0.00000     0.00000     0.00000
     1.48500     0.20587     0.18501     0.00000     0.00000     0.00000     0.00000     0.00000     0.00000
     1.49000     0.20505     0.18439     0.00000     0.00000     0.00000     0.00000     0.00000     0.00000
     1.49500     0.20422     0.18377     0.00000     0.00000     0.00000     0.00000     0.00000     0.00000
     1.50000     0.20340     0.18315     0.00000     0.00000     0.00000     0.00000     0.00000     0.00000
     1.50500     0.20258     0.18254     0.00000     0.00000     0.00000     0.00000     0.00000     0.00000
     1.51000     0.20177     0.18193     0.00000     0.00000     0.00000     0.00000     0.00000     0.00000
     1.51500     0.20096     0.18132     0.00000     0.00000     0.00000     0.00000     0.00000     0.00000
     1.52000     0.20015     0.18071     0.00000     0.00000     0.00000     0.00000     0.00000     0.00000
     1.52500     0.19935     0.18010     0.00000     0.00000     0.00000     0.00000     0.00000     0.00000
     1.53000     0.19855     0.17949     0.00000     0.00000     0.00000     0.00000     0.00000     0.00000
     1.53500     0.19775     0.17889     0.00000     0.00000     0.00000     0.00000     0.00000     0.00000
     1.54000     0.19696     0.17829     0.00000     0.00000     0.00000     0.00000     0.00000     0.00000
     1.54500     0.19617     0.17769     0.00000     0.00000     0.00000     0.00000     0.00000     0.00000
     1.55000     0.19538     0.17709     0.00000     0.00000     0.00000     0.00000     0.00000     0.00000
     1.55500     0.19459     0.17649     0.00000     0.00000     0.00000     0.00000     0.00000     0.00000
     1.56000     0.19381     0.17590     0.00000     0.00000     0.00000     0.00000     0.00000     0.00000
     1.56500     0.19304     0.17530     0.00000     0.00000     0.00000     0.00000     0.00000     0.00000
     1.57000     0.19226     0.17471     0.00000     0.00000     0.00000     0.00000     0.00000     0.00000
     1.57500     0.19149     0.17412     0.00000     0.00000     0.00000     0.00000     0.00000     0.00000
     1.58000     0.19072     0.17353     0.00000     0.00000     0.00000     0.00000     0.00000     0.00000
     1.58500     0.18996     0.17295     0.00000     0.00000     0.00000     0.00000     0.00000     0.00000
     1.59000     0.18919     0.17236     0.00000     0.00000     0.00000     0.00000     0.00000     0.00000
     1.59500     0.18844     0.17178     0.00000     0.00000     0.00000     0.00000     0.00000     0.00000
     1.60000     0.18768     0.17120     0.00000     0.00000     0.00000     0.00000     0.00000     0.00000
     1.60500     0.18693     0.17062     0.00000     0.00000     0.00000     0.00000     0.00000     0.00000
     1.61000     0.18618     0.17004     0.00000     0.00000     0.00000     0.00000     0.00000     0.00000
     1.61500     0.18543     0.16947     0.00000     0.00000     0.00000     0.00000     0.00000     0.00000
     1.62000     0.18469     0.16889     0.00000     0.00000     0.00000     0.00000     0.00000     0.00000
     1.62500     0.18395     0.16832     0.00000     0.00000     0.00000     0.00000     0.00000     0.00000
     1.63000     0.18321     0.16775     0.00000     0.00000     0.00000     0.00000     0.00000     0.00000
     1.63500     0.18247     0.16718     0.00000     0.00000     0.00000     0.00000     0.00000     0.00000
     1.64000     0.18174     0.16661     0.00000     0.00000     0.00000     0.00000     0.00000     0.00000
     1.64500     0.18102     0.16604     0.00000     0.00000     0.00000     0.00000     0.00000     0.00000
     1.65000     0.18029     0.16548     0.00000     0.00000     0.00000     0.00000     0.00000     0.00000
     1.65500     0.17957     0.16492     0.00000     0.00000     0.00000     0.00000     0.00000     0.00000
     1.66000     0.17885     0.16436     0.00000     0.00000     0.00000     0.00000     0.00000     0.00000
     1.66500     0.17813     0.16380     0.00000     0.00000     0.00000     0.00000     0.00000     0.00000
     1.67000     0.17742     0.16324     0.00000     0.00000     0.00000     0.00000     0.00000     0.00000
     1.67500     0.17671     0.16268     0.00000     0.00000     0.00000     0.00000     0.00000     0.00000
     1.68000     0.17600     0.16213     0.00000     0.00000     0.00000     0.00000     0.00000     0.00000
     1.68500     0.17529     0.16158     0.00000     0.00000     0.00000     0.00000     0.00000     0.00000
     1.69000     0.17459     0.16102     0.00000     0.00000     0.00000     0.00000     0.00000     0.00000
     1.69500     0.17389     0.16048     0.00000     0.00000     0.00000     0.00000     0.00000     0.00000
     1.70000     0.17320     0.15993     0.00000     0.00000     0.00000     0.00000     0.00000     0.00000
     1.70500     0.17250     0.15938     0.00000     0.00000     0.00000     0.00000     0.00000     0.00000
     1.71000     0.17181     0.15884     0.00000     0.00000     0.00000     0.00000     0.00000     0.00000
     1.71500     0.17112     0.15829     0.00000     0.00000     0.00000     0.00000     0.00000     0.00000
     1.72000     0.17044     0.15775     0.00000     0.00000     0.00000     0.00000     0.00000     0.00000
     1.72500     0.16976     0.15721     0.00000     0.00000     0.00000     0.00000     0.00000     0.00000
     1.73000     0.16908     0.15668     0.00000     0.00000     0.00000     0.00000     0.00000     0.00000
     1.73500     0.16840     0.15614     0.00000     0.00000     0.00000     0.00000     0.00000     0.00000
     1.74000     0.16773     0.15560     0.00000     0.00000     0.00000     0.00000     0.00000     0.00000
     1.74500     0.16706     0.15507     0.00000     0.00000     0.00000     0.00000     0.00000     0.00000
     1.75000     0.16639     0.15454     0.00000     0.00000     0.00000     0.00000     0.00000     0.00000
     1.75500     0.16572     0.15401     0.00000     0.00000     0.00000     0.00000     0.00000     0.00000
     1.76000     0.16506     0.15348     0.00000     0.00000     0.00000     0.00000     0.00000     0.00000
     1.76500     0.16440     0.15296     0.00000     0.00000     0.00000     0.00000     0.00000     0.00000
     1.77000     0.16374     0.15243     0.00000     0.00000     0.00000     0.00000     0.00000     0.00000
     1.77500     0.16308     0.15191     0.00000     0.00000     0.00000     0.00000     0.00000     0.00000
     1.78000     0.16243     0.15139     0.00000     0.00000     0.00000     0.00000     0.00000     0.00000
     1.78500     0.16178     0.15087     0.00000     0.00000     0.00000     0.00000     0.00000     0.00000
     1.79000     0.16114     0.15035     0.00000     0.00000     0.00000     0.00000     0.00000     0.00000
     1.79500     0.16049     0.14983     0.00000     0.00000     0.00000     0.00000     0.00000     0.00000
     1.80000     0.15985     0.14931     0.00000     0.00000     0.00000     0.00000     0.00000     0.00000
     1.80500     0.15921     0.14880     0.00000     0.00000     0.00000     0.00000     0.00000     0.00000
     1.81000     0.15857     0.14829     0.00000     0.00000     0.00000     0.00000     0.00000     0.00000
     1.81500     0.15794     0.14778     0.00000     0.00000     0.00000     0.00000     0.00000     0.00000
     1.82000     0.15731     0.14727     0.00000     0.00000     0.00000     0.00000     0.00000     0.00000
     1.82500     0.15668     0.14676     0.00000     0.00000     0.00000     0.00000     0.00000     0.00000
     1.83000     0.15605     0.14626     0.00000     0.00000     0.00000     0.00000     0.00000     0.00000
     1.83500     0.15543     0.14575     0.00000     0.00000     0.00000     0.00000     0.00000     0.00000
     1.84000     0.15481     0.14525     0.00000     0.00000     0.00000     0.00000     0.00000     0.00000
     1.84500     0.15419     0.14475     0.00000     0.00000     0.00000     0.00000     0.00000     0.00000
     1.85000     0.15357     0.14425     0.00000     0.00000     0.00000     0.00000     0.00000     0.00000
     1.85500     0.15296     0.14375     0.00000     0.00000     0.00000     0.00000     0.00000     0.00000
     1.86000     0.15235     0.14325     0.00000     0.00000     0.00000     0.00000     0.00000     0.00000
     1.86500     0.15174     0.14276     0.00000     0.00000     0.00000     0.00000     0.00000     0.00000
     1.87000     0.15113     0.14226     0.00000     0.00000     0.00000     0.00000     0.00000     0.00000
     1.87500     0.15053     0.14177     0.00000     0.00000     0.00000     0.00000     0.00000     0.00000
     1.88000     0.14993     0.14128     0.00000     0.00000     0.00000     0.00000     0.00000     0.00000
     1.88500     0.14933     0.14079     0.00000     0.00000     0.00000     0.00000     0.00000     0.00000
     1.89000     0.14873     0.14030     0.00000     0.00000     0.00000     0.00000     0.00000     0.00000
     1.89500     0.14814     0.13982     0.00000     0.00000     0.00000     0.00000     0.00000     0.00000
     1.90000     0.14754     0.13933     0.00000     0.00000     0.00000     0.00000     0.00000     0.00000
     1.90500     0.14695     0.13885     0.00000     0.00000     0.00000     0.00000     0.00000     0.00000
     1.91000     0.14637     0.13837     0.00000     0.00000     0.00000     0.00000     0.00000     0.00000
     1.91500     0.14578     0.13789     0.00000     0.00000     0.00000     0.00000     0.00000     0.00000
     1.92000     0.14520     0.13741     0.00000     0.00000     0.00000     0.00000     0.00000     0.00000
     1.92500     0.14462     0.13694     0.00000     0.00000     0.00000     0.00000     0.00000     0.00000
     1.93000     0.14404     0.13646     0.00000     0.00000     0.00000     0.00000     0.00000     0.00000
     1.93500     0.14347     0.13599     0.00000     0.00000     0.00000     0.00000     0.00000     0.00000
     1.94000     0.14289     0.13551     0.00000     0.00000     0.00000     0.00000     0.00000     0.00000
     1.94500     0.14232     0.13504     0.00000     0.00000     0.00000     0.00000     0.00000     0.00000
     1.95000     0.14175     0.13457     0.00000     0.00000     0.00000     0.00000     0.00000     0.00000
     1.95500     0.14119     0.13411     0.00000     0.00000     0.00000     0.00000     0.00000     0.00000
     1.96000     0.14062     0.13364     0.00000     0.00000     0.00000     0.00000     0.00000     0.00000
     1.96500     0.14006     0.13317     0.00000     0.00000     0.00000     0.00000     0.00000     0.00000
     1.97000     0.13950     0.13271     0.00000     0.00000     0.00000     0.00000     0.00000     0.00000
     1.97500     0.13895     0.13225     0.00000     0.00000     0.00000     0.00000     0.00000     0.00000
     1.98000     0.13839     0.13179     0.00000     0.00000     0.00000     0.00000     0.00000     0.00000
     1.98500     0.13784     0.13133     0.00000     0.00000     0.00000     0.00000     0.00000     0.00000
     1.99000     0.13729     0.13087     0.00000     0.00000     0.00000     0.00000     0.00000     0.00000
     1.99500     0.13674     0.13042     0.00000     0.00000     0.00000     0.00000     0.00000     0.00000
     2.00000     0.13620     0.12996     0.00000     0.00000     0.00000     0.00000     0.00000     0.00000
     2.00500     0.13565     0.12951     0.00000     0.00000     0.00000     0.00000     0.00000     0.00000
     2.01000     0.13511     0.12906     0.00000     0.00000     0.00000     0.00000     0.00000     0.00000
     2.01500     0.13457     0.12861     0.00000     0.00000     0.00000     0.00000     0.00000     0.00000
     2.02000     0.13403     0.12816     0.00000     0.00000     0.00000     0.00000     0.00000     0.00000
     2.02500     0.13350     0.12771     0.00000     0.00000     0.00000     0.00000     0.00000     0.00000
     2.03000     0.13297     0.12726     0.00000     0.00000     0.00000     0.00000     0.00000     0.00000
     2.03500     0.13243     0.12682     0.00000     0.00000     0.00000     0.00000     0.00000     0.00000
     2.04000     0.13191     0.12637     0.00000     0.00000     0.00000     0.00000     0.00000     0.00000
     2.04500     0.13138     0.12593     0.00000     0.00000     0.00000     0.00000     0.00000     0.00000
     2.05000     0.13086     0.12549     0.00000     0.00000     0.00000     0.00000     0.00000     0.00000
     2.05500     0.13033     0.12505     0.00000     0.00000     0.00000     0.00000     0.00000     0.00000
     2.06000     0.12981     0.12462     0.00000     0.00000     0.00000     0.00000     0.00000     0.00000
     2.06500     0.12930     0.12418     0.00000     0.00000     0.00000     0.00000     0.00000     0.00000
     2.07000     0.12878     0.12374     0.00000     0.00000     0.00000     0.00000     0.00000     0.00000
     2.07500     0.12827     0.12331     0.00000     0.00000     0.00000     0.00000     0.00000     0.00000
     2.08000     0.12775     0.12288     0.00000     0.00000     0.00000     0.00000     0.00000     0.00000
     2.08500     0.12724     0.12245     0.00000     0.00000     0.00000     0.00000     0.00000     0.00000
     2.09000     0.12674     0.12202     0.00000     0.00000     0.00000     0.00000     0.00000     0.00000
     2.09500     0.12623     0.12159     0.00000     0.00000     0.00000     0.00000     0.00000     0.00000
     2.10000     0.12573     0.12117     0.00000     0.00000     0.00000     0.00000     0.00000     0.00000
     2.10500     0.12523     0.12074     0.00000     0.00000     0.00000     0.00000     0.00000     0.00000
     2.11000     0.12473     0.12032     0.00000     0.00000     0.00000     0.00000     0.00000     0.00000
     2.11500     0.12423     0.11989     0.00000     0.00000     0.00000     0.00000     0.00000     0.00000
     2.12000     0.12373     0.11947     0.00000     0.00000     0.00000     0.00000     0.00000     0.00000
     2.12500     0.12324     0.11905     0.00000     0.00000     0.00000     0.00000     0.00000     0.00000
     2.13000     0.12275     0.11863     0.00000     0.00000     0.00000     0.00000     0.00000     0.00000
     2.13500     0.12226     0.11822     0.00000     0.00000     0.00000     0.00000     0.00000     0.00000
     2.14000     0.12177     0.11780     0.00000     0.00000     0.00000     0.00000     0.00000     0.00000
     2.14500     0.12128     0.11739     0.00000     0.00000     0.00000     0.00000     0.00000     0.00000
     2.15000     0.12080     0.11698     0.00000     0.00000     0.00000     0.00000     0.00000     0.00000
     2.15500     0.12032     0.11656     0.00000     0.00000     0.00000     0.00000     0.00000     0.00000
     2.16000     0.11984     0.11615     0.00000     0.00000     0.00000     0.00000     0.00000     0.00000
     2.16500     0.11936     0.11574     0.00000     0.00000     0.00000     0.00000     0.00000     0.00000
     2.17000     0.11889     0.11534     0.00000     0.00000     0.00000     0.00000     0.00000     0.00000
     2.17500     0.11841     0.11493     0.00000     0.00000     0.00000     0.00000     0.00000     0.00000
     2.18000     0.11794     0.11453     0.00000     0.00000     0.00000     0.00000     0.00000     0.00000
     2.18500     0.11747     0.11412     0.00000     0.00000     0.00000     0.00000     0.00000     0.00000
     2.19000     0.11700     0.11372     0.00000     0.00000     0.00000     0.00000     0.00000     0.00000
     2.19500     0.11653     0.11332     0.00000     0.00000     0.00000     0.00000     0.00000     0.00000
     2.20000     0.11607     0.11292     0.00000     0.00000     0.00000     0.00000     0.00000     0.00000
     2.20500     0.11561     0.11252     0.00000     0.00000     0.00000     0.00000     0.00000     0.00000
     2.21000     0.11515     0.11212     0.00000     0.00000     0.00000     0.00000     0.00000     0.00000
     2.21500     0.11469     0.11173     0.00000     0.00000     0.00000     0.00000     0.00000     0.00000
     2.22000     0.11423     0.11133     0.00000     0.00000     0.00000     0.00000     0.00000     0.00000
     2.22500     0.11377     0.11094     0.00000     0.00000     0.00000     0.00000     0.00000     0.00000
     2.23000     0.11332     0.11055     0.00000     0.00000     0.00000     0.00000     0.00000     0.00000
     2.23500     0.11287     0.11016     0.00000     0.00000     0.00000     0.00000     0.00000     0.00000
     2.24000     0.11242     0.10977     0.00000     0.00000     0.00000     0.00000     0.00000     0.00000
     2.24500     0.11197     0.10938     0.00000     0.00000     0.00000     0.00000     0.00000     0.00000
     2.25000     0.11152     0.10900     0.00000     0.00000     0.00000     0.00000     0.00000     0.00000
     2.25500     0.11108     0.10861     0.00000     0.00000     0.00000     0.00000     0.00000     0.00000
     2.26000     0.11064     0.10823     0.00000     0.00000     0.00000     0.00000     0.00000     0.00000
     2.26500     0.11020     0.10784     0.00000     0.00000     0.00000     0.00000     0.00000     0.00000
     2.27000     0.10976     0.10746     0.00000     0.00000     0.00000     0.00000     0.00000     0.00000
     2.27500     0.10932     0.10708     0.00000     0.00000     0.00000     0.00000     0.00000     0.00000
     2.28000     0.10888     0.10670     0.00000     0.00000     0.00000     0.00000     0.00000     0.00000
     2.28500     0.10845     0.10632     0.00000     0.00000     0.00000     0.00000     0.00000     0.00000
     2.29000     0.10802     0.10595     0.00000     0.00000     0.00000     0.00000     0.00000     0.00000
     2.29500     0.10759     0.10557     0.00000     0.00000     0.00000     0.00000     0.00000     0.00000
     2.30000     0.10716     0.10520     0.00000     0.00000     0.00000     0.00000     0.00000     0.00000
     2.30500     0.10673     0.10482     0.00000     0.00000     0.00000     0.00000     0.00000     0.00000
     2.31000     0.10631     0.10445     0.00000     0.00000     0.00000     0.00000     0.00000     0.00000
     2.31500     0.10588     0.10408     0.00000     0.00000     0.00000     0.00000     0.00000     0.00000
     2.32000     0.10546     0.10371     0.00000     0.00000     0.00000     0.00000     0.00000     0.00000
     2.32500     0.10504     0.10335     0.00000     0.00000     0.00000     0.00000     0.00000     0.00000
     2.33000     0.10462     0.10298     0.00000     0.00000     0.00000     0.00000     0.00000     0.00000
     2.33500     0.10420     0.10261     0.00000     0.00000     0.00000     0.00000     0.00000     0.00000
     2.34000     0.10379     0.10225     0.00000     0.00000     0.00000     0.00000     0.00000     0.00000
     2.34500     0.10338     0.10189     0.00000     0.00000     0.00000     0.00000     0.00000     0.00000
     2.35000     0.10296     0.10152     0.00000     0.00000     0.00000     0.00000     0.00000     0.00000
     2.35500     0.10255     0.10116     0.00000     0.00000     0.00000     0.00000     0.00000     0.00000
     2.36000     0.10214     0.10080     0.00000     0.00000     0.00000     0.00000     0.00000     0.00000
     2.36500     0.10174     0.10045     0.00000     0.00000     0.00000     0.00000     0.00000     0.00000
     2.37000     0.10133     0.10009     0.00000     0.00000     0.00000     0.00000     0.00000     0.00000
     2.37500     0.10093     0.09973     0.00000     0.00000     0.00000     0.00000     0.00000     0.00000
     2.38000     0.10053     0.09938     0.00000     0.00000     0.00000     0.00000     0.00000     0.00000
     2.38500     0.10013     0.09902     0.00000     0.00000     0.00000     0.00000     0.00000     0.00000
     2.39000     0.09973     0.09867     0.00000     0.00000     0.00000     0.00000     0.00000     0.00000
     2.39500     0.09933     0.09832     0.00000     0.00000     0.00000     0.00000     0.00000     0.00000
     2.40000     0.09893     0.09797     0.00000     0.00000     0.00000     0.00000     0.00000     0.00000
     2.40500     0.09854     0.09762     0.00000     0.00000     0.00000     0.00000     0.00000     0.00000
     2.41000     0.09815     0.09727     0.00000     0.00000     0.00000     0.00000     0.00000     0.00000
     2.41500     0.09776     0.09693     0.00000     0.00000     0.00000     0.00000     0.00000     0.00000
     2.42000     0.09737     0.09658     0.00000     0.00000     0.00000     0.00000     0.00000     0.00000
     2.42500     0.09698     0.09624     0.00000     0.00000     0.00000     0.00000     0.00000     0.00000
     2.43000     0.09659     0.09589     0.00000     0.00000     0.00000     0.00000     0.00000     0.00000
     2.43500     0.09621     0.09555     0.00000     0.00000     0.00000     0.00000     0.00000     0.00000
     2.44000     0.09582     0.09521     0.00000     0.00000     0.00000     0.00000     0.00000     0.00000
     2.44500     0.09544     0.09487     0.00000     0.00000     0.00000     0.00000     0.00000     0.00000
     2.45000     0.09506     0.09453     0.00000     0.00000     0.00000     0.00000     0.00000     0.00000
     2.45500     0.09468     0.09420     0.00000     0.00000     0.00000     0.00000     0.00000     0.00000
     2.46000     0.09431     0.09386     0.00000     0.00000     0.00000     0.00000     0.00000     0.00000
     2.46500     0.09393     0.09353     0.00000     0.00000     0.00000     0.00000     0.00000     0.00000
     2.47000     0.09356     0.09319     0.00000     0.00000     0.00000     0.00000     0.00000     0.00000
     2.47500     0.09318     0.09286     0.00000     0.00000     0.00000     0.00000     0.00000     0.00000
     2.48000     0.09281     0.09253     0.00000     0.00000     0.00000     0.00000     0.00000     0.00000
     2.48500     0.09244     0.09220     0.00000     0.00000     0.00000     0.00000     0.00000     0.00000
     2.49000     0.09208     0.09187     0.00000     0.00000     0.00000     0.00000     0.00000     0.00000
     2.49500     0.09171     0.09154     0.00000     0.00000     0.00000     0.00000     0.00000     0.00000
     2.50000     0.09134     0.09121     0.00000     0.00000     0.00000     0.00000     0.00000     0.00000
     2.50500     0.09098     0.09089     0.00000     0.00000     0.00000     0.00000     0.00000     0.00000
     2.51000     0.09062     0.09056     0.00000     0.00000     0.00000     0.00000     0.00000     0.00000
     2.51500     0.09026     0.09024     0.00000     0.00000     0.00000     0.00000     0.00000     0.00000
     2.52000     0.08990     0.08991     0.00000     0.00000     0.00000     0.00000     0.00000     0.00000
     2.52500     0.08954     0.08959     0.00000     0.00000     0.00000     0.00000     0.00000     0.00000
     2.53000     0.08918     0.08927     0.00000     0.00000     0.00000     0.00000     0.00000     0.00000
     2.53500     0.08883     0.08895     0.00000     0.00000     0.00000     0.00000     0.00000     0.00000
     2.54000     0.08847     0.08863     0.00000     0.00000     0.00000     0.00000     0.00000     0.00000
     2.54500     0.08812     0.08832     0.00000     0.00000     0.00000     0.00000     0.00000     0.00000
     2.55000     0.08777     0.08800     0.00000     0.00000     0.00000     0.00000     0.00000     0.00000
     2.55500     0.08742     0.08768     0.00000     0.00000     0.00000     0.00000     0.00000     0.00000
     2.56000     0.08707     0.08737     0.00000     0.00000     0.00000     0.00000     0.00000     0.00000
     2.56500     0.08673     0.08706     0.00000     0.00000     0.00000     0.00000     0.00000     0.00000
     2.57000     0.08638     0.08674     0.00000     0.00000     0.00000     0.00000     0.00000     0.00000
     2.57500     0.08604     0.08643     0.00000     0.00000     0.00000     0.00000     0.00000     0.00000
     2.58000     0.08569     0.08612     0.00000     0.00000     0.00000     0.00000     0.00000     0.00000
     2.58500     0.08535     0.08581     0.00000     0.00000     0.00000     0.00000     0.00000     0.00000
     2.59000     0.08501     0.08551     0.00000     0.00000     0.00000     0.00000     0.00000     0.00000
     2.59500     0.08468     0.08520     0.00000     0.00000     0.00000     0.00000     0.00000     0.00000
     2.60000     0.08434     0.08489     0.00000     0.00000     0.00000     0.00000     0.00000     0.00000
     2.60500     0.08400     0.08459     0.00000     0.00000     0.00000     0.00000     0.00000     0.00000
     2.61000     0.08367     0.08429     0.00000     0.00000     0.00000     0.00000     0.00000     0.00000
     2.61500     0.08334     0.08398     0.00000     0.00000     0.00000     0.00000     0.00000     0.00000
     2.62000     0.08300     0.08368     0.00000     0.00000     0.00000     0.00000     0.00000     0.00000
     2.62500     0.08267     0.08338     0.00000     0.00000     0.00000     0.00000     0.00000     0.00000
     2.63000     0.08234     0.08308     0.00000     0.00000     0.00000     0.00000     0.00000     0.00000
     2.63500     0.08202     0.08278     0.00000     0.00000     0.00000     0.00000     0.00000     0.00000
     2.64000     0.08169     0.08249     0.00000     0.00000     0.00000     0.00000     0.00000     0.00000
     2.64500     0.08136     0.08219     0.00000     0.00000     0.00000     0.00000     0.00000     0.00000
     2.65000     0.08104     0.08189     0.00000     0.00000     0.00000     0.00000     0.00000     0.00000
     2.65500     0.08072     0.08160     0.00000     0.00000     0.00000     0.00000     0.00000     0.00000
     2.66000     0.08040     0.08131     0.00000     0.00000     0.00000     0.00000     0.00000     0.00000
     2.66500     0.08008     0.08101     0.00000     0.00000     0.00000     0.00000     0.00000     0.00000
     2.67000     0.07976     0.08072     0.00000     0.00000     0.00000     0.00000     0.00000     0.00000
     2.67500     0.07944     0.08043     0.00000     0.00000     0.00000     0.00000     0.00000     0.00000
     2.68000     0.07912     0.08014     0.00000     0.00000     0.00000     0.00000     0.00000     0.00000
     2.68500     0.07881     0.07985     0.00000     0.00000     0.00000     0.00000     0.00000     0.00000
     2.69000     0.07850     0.07957     0.00000     0.00000     0.00000     0.00000     0.00000     0.00000
     2.69500     0.07818     0.07928     0.00000     0.00000     0.00000     0.00000     0.00000     0.00000
     2.70000     0.07787     0.07899     0.00000     0.00000     0.00000     0.00000     0.00000     0.00000
     2.70500     0.07756     0.07871     0.00000     0.00000     0.00000     0.00000     0.00000     0.00000
     2.71000     0.07725     0.07843     0.00000     0.00000     0.00000     0.00000     0.00000     0.00000
     2.71500     0.07695     0.07814     0.00000     0.00000     0.00000     0.00000     0.00000     0.00000
     2.72000     0.07664     0.07786     0.00000     0.00000     0.00000     0.00000     0.00000     0.00000
     2.72500     0.07633     0.07758     0.00000     0.00000     0.00000     0.00000     0.00000     0.00000
     2.73000     0.07603     0.07730     0.00000     0.00000     0.00000     0.00000     0.00000     0.00000
     2.73500     0.07573     0.07702     0.00000     0.00000     0.00000     0.00000     0.00000     0.00000
     2.74000     0.07543     0.07674     0.00000     0.00000     0.00000     0.00000     0.00000     0.00000
     2.74500     0.07513     0.07647     0.00000     0.00000     0.00000     0.00000     0.00000     0.00000
     2.75000     0.07483     0.07619     0.00000     0.00000     0.00000     0.00000     0.00000     0.00000
     2.75500     0.07453     0.07592     0.00000     0.00000     0.00000     0.00000     0.00000     0.00000
     2.76000     0.07423     0.07564     0.00000     0.00000     0.00000     0.00000     0.00000     0.00000
     2.76500     0.07394     0.07537     0.00000     0.00000     0.00000     0.00000     0.00000     0.00000
     2.77000     0.07364     0.07510     0.00000     0.00000     0.00000     0.00000     0.00000     0.00000
     2.77500     0.07335     0.07483     0.00000     0.00000     0.00000     0.00000     0.00000     0.00000
     2.78000     0.07306     0.07456     0.00000     0.00000     0.00000     0.00000     0.00000     0.00000
     2.78500     0.07277     0.07429     0.00000     0.00000     0.00000     0.00000     0.00000     0.00000
     2.79000     0.07248     0.07402     0.00000     0.00000     0.00000     0.00000     0.00000     0.00000
     2.79500     0.07219     0.07375     0.00000     0.00000     0.00000     0.00000     0.00000     0.00000
     2.80000     0.07190     0.07348     0.00000     0.00000     0.00000     0.00000     0.00000     0.00000
     2.80500     0.07162     0.07322     0.00000     0.00000     0.00000     0.00000     0.00000     0.00000
     2.81000     0.07133     0.07295     0.00000     0.00000     0.00000     0.00000     0.00000     0.00000
     2.81500     0.07105     0.07269     0.00000     0.00000     0.00000     0.00000     0.00000     0.00000
     2.82000     0.07077     0.07243     0.00000     0.00000     0.00000     0.00000     0.00000     0.00000
     2.82500     0.07048     0.07217     0.00000     0.00000     0.00000     0.00000     0.00000     0.00000
     2.83000     0.07020     0.07191     0.00000     0.00000     0.00000     0.00000     0.00000     0.00000
     2.83500     0.06992     0.07165     0.00000     0.00000     0.00000     0.00000     0.00000     0.00000
     2.84000     0.06965     0.07139     0.00000     0.00000     0.00000     0.00000     0.00000     0.00000
     2.84500     0.06937     0.07113     0.00000     0.00000     0.00000     0.00000     0.00000     0.00000
     2.85000     0.06909     0.07087     0.00000     0.00000     0.00000     0.00000     0.00000     0.00000
     2.85500     0.06882     0.07061     0.00000     0.00000     0.00000     0.00000     0.00000     0.00000
     2.86000     0.06854     0.07036     0.00000     0.00000     0.00000     0.00000     0.00000     0.00000
     2.86500     0.06827     0.07010     0.00000     0.00000     0.00000     0.00000     0.00000     0.00000
     2.87000     0.06800     0.06985     0.00000     0.00000     0.00000     0.00000     0.00000     0.00000
     2.87500     0.06773     0.06960     0.00000     0.00000     0.00000     0.00000     0.00000     0.00000
     2.88000     0.06746     0.06934     0.00000     0.00000     0.00000     0.00000     0.00000     0.00000
     2.88500     0.06719     0.06909     0.00000     0.00000     0.00000     0.00000     0.00000     0.00000
     2.89000     0.06692     0.06884     0.00000     0.00000     0.00000     0.00000     0.00000     0.00000
     2.89500     0.06666     0.06859     0.00000     0.00000     0.00000     0.00000     0.00000     0.00000
     2.90000     0.06639     0.06834     0.00000     0.00000     0.00000     0.00000     0.00000     0.00000
     2.90500     0.06613     0.06810     0.00000     0.00000     0.00000     0.00000     0.00000     0.00000
     2.91000     0.06587     0.06785     0.00000     0.00000     0.00000     0.00000     0.00000     0.00000
     2.91500     0.06560     0.06760     0.00000     0.00000     0.00000     0.00000     0.00000     0.00000
     2.92000     0.06534     0.06736     0.00000     0.00000     0.00000     0.00000     0.00000     0.00000
     2.92500     0.06508     0.06711     0.00000     0.00000     0.00000     0.00000     0.00000     0.00000
     2.93000     0.06482     0.06687     0.00000     0.00000     0.00000     0.00000     0.00000     0.00000
     2.93500     0.06457     0.06663     0.00000     0.00000     0.00000     0.00000     0.00000     0.00000
     2.94000     0.06431     0.06639     0.00000     0.00000     0.00000     0.00000     0.00000     0.00000
     2.94500     0.06405     0.06615     0.00000     0.00000     0.00000     0.00000     0.00000     0.00000
     2.95000     0.06380     0.06591     0.00000     0.00000     0.00000     0.00000     0.00000     0.00000
     2.95500     0.06355     0.06567     0.00000     0.00000     0.00000     0.00000     0.00000     0.00000
     2.96000     0.06329     0.06543     0.00000     0.00000     0.00000     0.00000     0.00000     0.00000
     2.96500     0.06304     0.06519     0.00000     0.00000     0.00000     0.00000     0.00000     0.00000
     2.97000     0.06279     0.06495     0.00000     0.00000     0.00000     0.00000     0.00000     0.00000
     2.97500     0.06254     0.06472     0.00000     0.00000     0.00000     0.00000     0.00000     0.00000
     2.98000     0.06229     0.06448     0.00000     0.00000     0.00000     0.00000     0.00000     0.00000
     2.98500     0.06204     0.06425     0.00000     0.00000     0.00000     0.00000     0.00000     0.00000
     2.99000     0.06180     0.06401     0.00000     0.00000     0.00000     0.00000     0.00000     0.00000
     2.99500     0.06155     0.06378     0.00000     0.00000     0.00000     0.00000     0.00000     0.00000
     3.00000     0.06131     0.06355     0.00000     0.00000     0.00000     0.00000     0.00000     0.00000
     3.00500     0.06106     0.06332     0.00000     0.00000     0.00000     0.00000     0.00000     0.00000
     3.01000     0.06082     0.06309     0.00000     0.00000     0.00000     0.00000     0.00000     0.00000
     3.01500     0.06058     0.06286     0.00000     0.00000     0.00000     0.00000     0.00000     0.00000
     3.02000     0.06034     0.06263     0.00000     0.00000     0.00000     0.00000     0.00000     0.00000
     3.02500     0.06010     0.06240     0.00000     0.00000     0.00000     0.00000     0.00000     0.00000
     3.03000     0.05986     0.06218     0.00000     0.00000     0.00000     0.00000     0.00000     0.00000
     3.03500     0.05962     0.06195     0.00000     0.00000     0.00000     0.00000     0.00000     0.00000
     3.04000     0.05938     0.06172     0.00000     0.00000     0.00000     0.00000     0.00000     0.00000
     3.04500     0.05915     0.06150     0.00000     0.00000     0.00000     0.00000     0.00000     0.00000
     3.05000     0.05891     0.06128     0.00000     0.00000     0.00000     0.00000     0.00000     0.00000
     3.05500     0.05868     0.06105     0.00000     0.00000     0.00000     0.00000     0.00000     0.00000
     3.06000     0.05844     0.06083     0.00000     0.00000     0.00000     0.00000     0.00000     0.00000
     3.06500     0.05821     0.06061     0.00000     0.00000     0.00000     0.00000     0.00000     0.00000
     3.07000     0.05798     0.06039     0.00000     0.00000     0.00000     0.00000     0.00000     0.00000
     3.07500     0.05775     0.06017     0.00000     0.00000     0.00000     0.00000     0.00000     0.00000
     3.08000     0.05752     0.05995     0.00000     0.00000     0.00000     0.00000     0.00000     0.00000
     3.08500     0.05729     0.05973     0.00000     0.00000     0.00000     0.00000     0.00000     0.00000
     3.09000     0.05706     0.05951     0.00000     0.00000     0.00000     0.00000     0.00000     0.00000
     3.09500     0.05684     0.05930     0.00000     0.00000     0.00000     0.00000     0.00000     0.00000
     3.10000     0.05661     0.05908     0.00000     0.00000     0.00000     0.00000     0.00000     0.00000
     3.10500     0.05639     0.05887     0.00000     0.00000     0.00000     0.00000     0.00000     0.00000
     3.11000     0.05616     0.05865     0.00000     0.00000     0.00000     0.00000     0.00000     0.00000
     3.11500     0.05594     0.05844     0.00000     0.00000     0.00000     0.00000     0.00000     0.00000
     3.12000     0.05572     0.05822     0.00000     0.00000     0.00000     0.00000     0.00000     0.00000
     3.12500     0.05549     0.05801     0.00000     0.00000     0.00000     0.00000     0.00000     0.00000
     3.13000     0.05527     0.05780     0.00000     0.00000     0.00000     0.00000     0.00000     0.00000
     3.13500     0.05505     0.05759     0.00000     0.00000     0.00000     0.00000     0.00000     0.00000
     3.14000     0.05483     0.05738     0.00000     0.00000     0.00000     0.00000     0.00000     0.00000
     3.14500     0.05462     0.05717     0.00000     0.00000     0.00000     0.00000     0.00000     0.00000
     3.15000     0.05440     0.05696     0.00000     0.00000     0.00000     0.00000     0.00000     0.00000
     3.15500     0.05418     0.05675     0.00000     0.00000     0.00000     0.00000     0.00000     0.00000
     3.16000     0.05397     0.05655     0.00000     0.00000     0.00000     0.00000     0.00000     0.00000
     3.16500     0.05375     0.05634     0.00000     0.00000     0.00000     0.00000     0.00000     0.00000
     3.17000     0.05354     0.05613     0.00000     0.00000     0.00000     0.00000     0.00000     0.00000
     3.17500     0.05333     0.05593     0.00000     0.00000     0.00000     0.00000     0.00000     0.00000
     3.18000     0.05312     0.05573     0.00000     0.00000     0.00000     0.00000     0.00000     0.00000
     3.18500     0.05290     0.05552     0.00000     0.00000     0.00000     0.00000     0.00000     0.00000
     3.19000     0.05269     0.05532     0.00000     0.00000     0.00000     0.00000     0.00000     0.00000
     3.19500     0.05248     0.05512     0.00000     0.00000     0.00000     0.00000     0.00000     0.00000
     3.20000     0.05228     0.05492     0.00000     0.00000     0.00000     0.00000     0.00000     0.00000
     3.20500     0.05207     0.05471     0.00000     0.00000     0.00000     0.00000     0.00000     0.00000
     3.21000     0.05186     0.05451     0.00000     0.00000     0.00000     0.00000     0.00000     0.00000
     3.21500     0.05165     0.05432     0.00000     0.00000     0.00000     0.00000     0.00000     0.00000
     3.22000     0.05145     0.05412     0.00000     0.00000     0.00000     0.00000     0.00000     0.00000
     3.22500     0.05124     0.05392     0.00000     0.00000     0.00000     0.00000     0.00000     0.00000
     3.23000     0.05104     0.05372     0.00000     0.00000     0.00000     0.00000     0.00000     0.00000
     3.23500     0.05084     0.05353     0.00000     0.00000     0.00000     0.00000     0.00000     0.00000
     3.24000     0.05064     0.05333     0.00000     0.00000     0.00000     0.00000     0.00000     0.00000
     3.24500     0.05043     0.05313     0.00000     0.00000     0.00000     0.00000     0.00000     0.00000
     3.25000     0.05023     0.05294     0.00000     0.00000     0.00000     0.00000     0.00000     0.00000
     3.25500     0.05003     0.05275     0.00000     0.00000     0.00000     0.00000     0.00000     0.00000
     3.26000     0.04984     0.05255     0.00000     0.00000     0.00000     0.00000     0.00000     0.00000
     3.26500     0.04964     0.05236     0.00000     0.00000     0.00000     0.00000     0.00000     0.00000
     3.27000     0.04944     0.05217     0.00000     0.00000     0.00000     0.00000     0.00000     0.00000
     3.27500     0.04924     0.05198     0.00000     0.00000     0.00000     0.00000     0.00000     0.00000
     3.28000     0.04905     0.05179     0.00000     0.00000     0.00000     0.00000     0.00000     0.00000
     3.28500     0.04885     0.05160     0.00000     0.00000     0.00000     0.00000     0.00000     0.00000
     3.29000     0.04866     0.05141     0.00000     0.00000     0.00000     0.00000     0.00000     0.00000
     3.29500     0.04847     0.05122     0.00000     0.00000     0.00000     0.00000     0.00000     0.00000
     3.30000     0.04827     0.05103     0.00000     0.00000     0.00000     0.00000     0.00000     0.00000
     3.30500     0.04808     0.05085     0.00000     0.00000     0.00000     0.00000     0.00000     0.00000
     3.31000     0.04789     0.05066     0.00000     0.00000     0.00000     0.00000     0.00000     0.00000
     3.31500     0.04770     0.05048     0.00000     0.00000     0.00000     0.00000     0.00000     0.00000
     3.32000     0.04751     0.05029     0.00000     0.00000     0.00000     0.00000     0.00000     0.00000
     3.32500     0.04732     0.05011     0.00000     0.00000     0.00000     0.00000     0.00000     0.00000
     3.33000     0.04713     0.04992     0.00000     0.00000     0.00000     0.00000     0.00000     0.00000
     3.33500     0.04695     0.04974     0.00000     0.00000     0.00000     0.00000     0.00000     0.00000
     3.34000     0.04676     0.04956     0.00000     0.00000     0.00000     0.00000     0.00000     0.00000
     3.34500     0.04657     0.04938     0.00000     0.00000     0.00000     0.00000     0.00000     0.00000
     3.35000     0.04639     0.04920     0.00000     0.00000     0.00000     0.00000     0.00000     0.00000
     3.35500     0.04620     0.04902     0.00000     0.00000     0.00000     0.00000     0.00000     0.00000
     3.36000     0.04602     0.04884     0.00000     0.00000     0.00000     0.00000     0.00000     0.00000
     3.36500     0.04584     0.04866     0.00000     0.00000     0.00000     0.00000     0.00000     0.00000
     3.37000     0.04566     0.04848     0.00000     0.00000     0.00000     0.00000     0.00000     0.00000
     3.37500     0.04547     0.04830     0.00000     0.00000     0.00000     0.00000     0.00000     0.00000
     3.38000     0.04529     0.04812     0.00000     0.00000     0.00000     0.00000     0.00000     0.00000
     3.38500     0.04511     0.04795     0.00000     0.00000     0.00000     0.00000     0.00000     0.00000
     3.39000     0.04493     0.04777     0.00000     0.00000     0.00000     0.00000     0.00000     0.00000
     3.39500     0.04476     0.04760     0.00000     0.00000     0.00000     0.00000     0.00000     0.00000
     3.40000     0.04458     0.04742     0.00000     0.00000     0.00000     0.00000     0.00000     0.00000
     3.40500     0.04440     0.04725     0.00000     0.00000     0.00000     0.00000     0.00000     0.00000
     3.41000     0.04422     0.04707     0.00000     0.00000     0.00000     0.00000     0.00000     0.00000
     3.41500     0.04405     0.04690     0.00000     0.00000     0.00000     0.00000     0.00000     0.00000
     3.42000     0.04387     0.04673     0.00000     0.00000     0.00000     0.00000     0.00000     0.00000
     3.42500     0.04370     0.04656     0.00000     0.00000     0.00000     0.00000     0.00000     0.00000
     3.43000     0.04353     0.04639     0.00000     0.00000     0.00000     0.00000     0.00000     0.00000
     3.43500     0.04335     0.04622     0.00000     0.00000     0.00000     0.00000     0.00000     0.00000
     3.44000     0.04318     0.04605     0.00000     0.00000     0.00000     0.00000     0.00000     0.00000
     3.44500     0.04301     0.04588     0.00000     0.00000     0.00000     0.00000     0.00000     0.00000
     3.45000     0.04284     0.04571     0.00000     0.00000     0.00000     0.00000     0.00000     0.00000
     3.45500     0.04267     0.04554     0.00000     0.00000     0.00000     0.00000     0.00000     0.00000
     3.46000     0.04250     0.04537     0.00000     0.00000     0.00000     0.00000     0.00000     0.00000
     3.46500     0.04233     0.04521     0.00000     0.00000     0.00000     0.00000     0.00000     0.00000
     3.47000     0.04216     0.04504     0.00000     0.00000     0.00000     0.00000     0.00000     0.00000
     3.47500     0.04199     0.04487     0.00000     0.00000     0.00000     0.00000     0.00000     0.00000
     3.48000     0.04183     0.04471     0.00000     0.00000     0.00000     0.00000     0.00000     0.00000
     3.48500     0.04166     0.04455     0.00000     0.00000     0.00000     0.00000     0.00000     0.00000
     3.49000     0.04149     0.04438     0.00000     0.00000     0.00000     0.00000     0.00000     0.00000
     3.49500     0.04133     0.04422     0.00000     0.00000     0.00000     0.00000     0.00000     0.00000
     3.50000     0.04117     0.04406     0.00000     0.00000     0.00000     0.00000     0.00000     0.00000
     3.50500     0.04100     0.04389     0.00000     0.00000     0.00000     0.00000     0.00000     0.00000
     3.51000     0.04084     0.04373     0.00000     0.00000     0.00000     0.00000     0.00000     0.00000
     3.51500     0.04068     0.04357     0.00000     0.00000     0.00000     0.00000     0.00000     0.00000
     3.52000     0.04052     0.04341     0.00000     0.00000     0.00000     0.00000     0.00000     0.00000
     3.52500     0.04035     0.04325     0.00000     0.00000     0.00000     0.00000     0.00000     0.00000
     3.53000     0.04019     0.04309     0.00000     0.00000     0.00000     0.00000     0.00000     0.00000
     3.53500     0.04003     0.04293     0.00000     0.00000     0.00000     0.00000     0.00000     0.00000
     3.54000     0.03988     0.04278     0.00000     0.00000     0.00000     0.00000     0.00000     0.00000
     3.54500     0.03972     0.04262     0.00000     0.00000     0.00000     0.00000     0.00000     0.00000
     3.55000     0.03956     0.04246     0.00000     0.00000     0.00000     0.00000     0.00000     0.00000
     3.55500     0.03940     0.04231     0.00000     0.00000     0.00000     0.00000     0.00000     0.00000
     3.56000     0.03925     0.04215     0.00000     0.00000     0.00000     0.00000     0.00000     0.00000
     3.56500     0.03909     0.04199     0.00000     0.00000     0.00000     0.00000     0.00000     0.00000
     3.57000     0.03893     0.04184     0.00000     0.00000     0.00000     0.00000     0.00000     0.00000
     3.57500     0.03878     0.04169     0.00000     0.00000     0.00000     0.00000     0.00000     0.00000
     3.58000     0.03863     0.04153     0.00000     0.00000     0.00000     0.00000     0.00000     0.00000
     3.58500     0.03847     0.04138     0.00000     0.00000     0.00000     0.00000     0.00000     0.00000
     3.59000     0.03832     0.04123     0.00000     0.00000     0.00000     0.00000     0.00000     0.00000
     3.59500     0.03817     0.04108     0.00000     0.00000     0.00000     0.00000     0.00000     0.00000
     3.60000     0.03802     0.04092     0.00000     0.00000     0.00000     0.00000     0.00000     0.00000
     3.60500     0.03786     0.04077     0.00000     0.00000     0.00000     0.00000     0.00000     0.00000
     3.61000     0.03771     0.04062     0.00000     0.00000     0.00000     0.00000     0.00000     0.00000
     3.61500     0.03756     0.04047     0.00000     0.00000     0.00000     0.00000     0.00000     0.00000
     3.62000     0.03742     0.04032     0.00000     0.00000     0.00000     0.00000     0.00000     0.00000
     3.62500     0.03727     0.04018     0.00000     0.00000     0.00000     0.00000     0.00000     0.00000
     3.63000     0.03712     0.04003     0.00000     0.00000     0.00000     0.00000     0.00000     0.00000
     3.63500     0.03697     0.03988     0.00000     0.00000     0.00000     0.00000     0.00000     0.00000
     3.64000     0.03682     0.03973     0.00000     0.00000     0.00000     0.00000     0.00000     0.00000
     3.64500     0.03668     0.03959     0.00000     0.00000     0.00000     0.00000     0.00000     0.00000
     3.65000     0.03653     0.03944     0.00000     0.00000     0.00000     0.00000     0.00000     0.00000
     3.65500     0.03639     0.03930     0.00000     0.00000     0.00000     0.00000     0.00000     0.00000
     3.66000     0.03624     0.03915     0.00000     0.00000     0.00000     0.00000     0.00000     0.00000
     3.66500     0.03610     0.03901     0.00000     0.00000     0.00000     0.00000     0.00000     0.00000
     3.67000     0.03596     0.03886     0.00000     0.00000     0.00000     0.00000     0.00000     0.00000
     3.67500     0.03581     0.03872     0.00000     0.00000     0.00000     0.00000     0.00000     0.00000
     3.68000     0.03567     0.03858     0.00000     0.00000     0.00000     0.00000     0.00000     0.00000
     3.68500     0.03553     0.03843     0.00000     0.00000     0.00000     0.00000     0.00000     0.00000
     3.69000     0.03539     0.03829     0.00000     0.00000     0.00000     0.00000     0.00000     0.00000
     3.69500     0.03525     0.03815     0.00000     0.00000     0.00000     0.00000     0.00000     0.00000
     3.70000     0.03511     0.03801     0.00000     0.00000     0.00000     0.00000     0.00000     0.00000
     3.70500     0.03497     0.03787     0.00000     0.00000     0.00000     0.00000     0.00000     0.00000
     3.71000     0.03483     0.03773     0.00000     0.00000     0.00000     0.00000     0.00000     0.00000
     3.71500     0.03469     0.03759     0.00000     0.00000     0.00000     0.00000     0.00000     0.00000
     3.72000     0.03455     0.03745     0.00000     0.00000     0.00000     0.00000     0.00000     0.00000
     3.72500     0.03442     0.03731     0.00000     0.00000     0.00000     0.00000     0.00000     0.00000
     3.73000     0.03428     0.03718     0.00000     0.00000     0.00000     0.00000     0.00000     0.00000
     3.73500     0.03414     0.03704     0.00000     0.00000     0.00000     0.00000     0.00000     0.00000
     3.74000     0.03401     0.03690     0.00000     0.00000     0.00000     0.00000     0.00000     0.00000
     3.74500     0.03387     0.03677     0.00000     0.00000     0.00000     0.00000     0.00000     0.00000
     3.75000     0.03374     0.03663     0.00000     0.00000     0.00000     0.00000     0.00000     0.00000
     3.75500     0.03360     0.03649     0.00000     0.00000     0.00000     0.00000     0.00000     0.00000
     3.76000     0.03347     0.03636     0.00000     0.00000     0.00000     0.00000     0.00000     0.00000
     3.76500     0.03334     0.03623     0.00000     0.00000     0.00000     0.00000     0.00000     0.00000
     3.77000     0.03321     0.03609     0.00000     0.00000     0.00000     0.00000     0.00000     0.00000
     3.77500     0.03307     0.03596     0.00000     0.00000     0.00000     0.00000     0.00000     0.00000
     3.78000     0.03294     0.03583     0.00000     0.00000     0.00000     0.00000     0.00000     0.00000
     3.78500     0.03281     0.03569     0.00000     0.00000     0.00000     0.00000     0.00000     0.00000
     3.79000     0.03268     0.03556     0.00000     0.00000     0.00000     0.00000     0.00000     0.00000
     3.79500     0.03255     0.03543     0.00000     0.00000     0.00000     0.00000     0.00000     0.00000
     3.80000     0.03242     0.03530     0.00000     0.00000     0.00000     0.00000     0.00000     0.00000
     3.80500     0.03229     0.03517     0.00000     0.00000     0.00000     0.00000     0.00000     0.00000
     3.81000     0.03217     0.03504     0.00000     0.00000     0.00000     0.00000     0.00000     0.00000
     3.81500     0.03204     0.03491     0.00000     0.00000     0.00000     0.00000     0.00000     0.00000
     3.82000     0.03191     0.03478     0.00000     0.00000     0.00000     0.00000     0.00000     0.00000
     3.82500     0.03178     0.03465     0.00000     0.00000     0.00000     0.00000     0.00000     0.00000
     3.83000     0.03166     0.03452     0.00000     0.00000     0.00000     0.00000     0.00000     0.00000
     3.83500     0.03153     0.03440     0.00000     0.00000     0.00000     0.00000     0.00000     0.00000
     3.84000     0.03141     0.03427     0.00000     0.00000     0.00000     0.00000     0.00000     0.00000
     3.84500     0.03128     0.03414     0.00000     0.00000     0.00000     0.00000     0.00000     0.00000
     3.85000     0.03116     0.03402     0.00000     0.00000     0.00000     0.00000     0.00000     0.00000
     3.85500     0.03103     0.03389     0.00000     0.00000     0.00000     0.00000     0.00000     0.00000
     3.86000     0.03091     0.03376     0.00000     0.00000     0.00000     0.00000     0.00000     0.00000
     3.86500     0.03079     0.03364     0.00000     0.00000     0.00000     0.00000     0.00000     0.00000
     3.87000     0.03067     0.03351     0.00000     0.00000     0.00000     0.00000     0.00000     0.00000
     3.87500     0.03054     0.03339     0.00000     0.00000     0.00000     0.00000     0.00000     0.00000
     3.88000     0.03042     0.03327     0.00000     0.00000     0.00000     0.00000     0.00000     0.00000
     3.88500     0.03030     0.03314     0.00000     0.00000     0.00000     0.00000     0.00000     0.00000
     3.89000     0.03018     0.03302     0.00000     0.00000     0.00000     0.00000     0.00000     0.00000
     3.89500     0.03006     0.03290     0.00000     0.00000     0.00000     0.00000     0.00000     0.00000
     3.90000     0.02994     0.03278     0.00000     0.00000     0.00000     0.00000     0.00000     0.00000
     3.90500     0.02982     0.03266     0.00000     0.00000     0.00000     0.00000     0.00000     0.00000
     3.91000     0.02971     0.03254     0.00000     0.00000     0.00000     0.00000     0.00000     0.00000
     3.91500     0.02959     0.03241     0.00000     0.00000     0.00000     0.00000     0.00000     0.00000
     3.92000     0.02947     0.03229     0.00000     0.00000     0.00000     0.00000     0.00000     0.00000
     3.92500     0.02935     0.03218     0.00000     0.00000     0.00000     0.00000     0.00000     0.00000
     3.93000     0.02924     0.03206     0.00000     0.00000     0.00000     0.00000     0.00000     0.00000
     3.93500     0.02912     0.03194     0.00000     0.00000     0.00000     0.00000     0.00000     0.00000
     3.94000     0.02900     0.03182     0.00000     0.00000     0.00000     0.00000     0.00000     0.00000
     3.94500     0.02889     0.03170     0.00000     0.00000     0.00000     0.00000     0.00000     0.00000
     3.95000     0.02878     0.03158     0.00000     0.00000     0.00000     0.00000     0.00000     0.00000
     3.95500     0.02866     0.03147     0.00000     0.00000     0.00000     0.00000     0.00000     0.00000
     3.96000     0.02855     0.03135     0.00000     0.00000     0.00000     0.00000     0.00000     0.00000
     3.96500     0.02843     0.03123     0.00000     0.00000     0.00000     0.00000     0.00000     0.00000
     3.97000     0.02832     0.03112     0.00000     0.00000     0.00000     0.00000     0.00000     0.00000
     3.97500     0.02821     0.03100     0.00000     0.00000     0.00000     0.00000     0.00000     0.00000
     3.98000     0.02810     0.03089     0.00000     0.00000     0.00000     0.00000     0.00000     0.00000
     3.98500     0.02799     0.03077     0.00000     0.00000     0.00000     0.00000     0.00000     0.00000
     3.99000     0.02787     0.03066     0.00000     0.00000     0.00000     0.00000     0.00000     0.00000
     3.99500     0.02776     0.03055     0.00000     0.00000     0.00000     0.00000     0.00000     0.00000
     4.00000     0.02765     0.03043     0.00000     0.00000     0.00000     0.00000     0.00000     0.00000
