 # S11_1535 FF
     0.00000    -0.42539    -0.25146     0.00000     0.00000     0.11332     3.32665     0.00000     0.00000
     0.00500    -0.42261    -0.25057     0.00000     0.00000     0.11220     2.60871     0.00000     0.00000
     0.01000    -0.41988    -0.24968     0.00000     0.00000     0.11109     2.13829     0.00000     0.00000
     0.01500    -0.41719    -0.24881     0.00000     0.00000     0.11000     1.80631     0.00000     0.00000
     0.02000    -0.41453    -0.24794     0.00000     0.00000     0.10892     1.55959     0.00000     0.00000
     0.02500    -0.41191    -0.24708     0.00000     0.00000     0.10786     1.36909     0.00000     0.00000
     0.03000    -0.40933    -0.24623     0.00000     0.00000     0.10682     1.21760     0.00000     0.00000
     0.03500    -0.40679    -0.24539     0.00000     0.00000     0.10579     1.09430     0.00000     0.00000
     0.04000    -0.40428    -0.24456     0.00000     0.00000     0.10477     0.99203     0.00000     0.00000
     0.04500    -0.40180    -0.24373     0.00000     0.00000     0.10377     0.90585     0.00000     0.00000
     0.05000    -0.39935    -0.24291     0.00000     0.00000     0.10279     0.83226     0.00000     0.00000
     0.05500    -0.39694    -0.24209     0.00000     0.00000     0.10181     0.76872     0.00000     0.00000
     0.06000    -0.39456    -0.24129     0.00000     0.00000     0.10086     0.71332     0.00000     0.00000
     0.06500    -0.39220    -0.24049     0.00000     0.00000     0.09991     0.66460     0.00000     0.00000
     0.07000    -0.38988    -0.23969     0.00000     0.00000     0.09898     0.62143     0.00000     0.00000
     0.07500    -0.38758    -0.23890     0.00000     0.00000     0.09806     0.58293     0.00000     0.00000
     0.08000    -0.38531    -0.23812     0.00000     0.00000     0.09716     0.54839     0.00000     0.00000
     0.08500    -0.38307    -0.23734     0.00000     0.00000     0.09626     0.51724     0.00000     0.00000
     0.09000    -0.38085    -0.23656     0.00000     0.00000     0.09538     0.48900     0.00000     0.00000
     0.09500    -0.37866    -0.23580     0.00000     0.00000     0.09451     0.46330     0.00000     0.00000
     0.10000    -0.37649    -0.23503     0.00000     0.00000     0.09365     0.43982     0.00000     0.00000
     0.10500    -0.37434    -0.23427     0.00000     0.00000     0.09281     0.41828     0.00000     0.00000
     0.11000    -0.37222    -0.23352     0.00000     0.00000     0.09198     0.39846     0.00000     0.00000
     0.11500    -0.37013    -0.23277     0.00000     0.00000     0.09115     0.38016     0.00000     0.00000
     0.12000    -0.36805    -0.23202     0.00000     0.00000     0.09034     0.36323     0.00000     0.00000
     0.12500    -0.36600    -0.23128     0.00000     0.00000     0.08954     0.34751     0.00000     0.00000
     0.13000    -0.36396    -0.23054     0.00000     0.00000     0.08875     0.33288     0.00000     0.00000
     0.13500    -0.36195    -0.22981     0.00000     0.00000     0.08797     0.31925     0.00000     0.00000
     0.14000    -0.35996    -0.22908     0.00000     0.00000     0.08720     0.30651     0.00000     0.00000
     0.14500    -0.35799    -0.22835     0.00000     0.00000     0.08644     0.29457     0.00000     0.00000
     0.15000    -0.35603    -0.22763     0.00000     0.00000     0.08569     0.28338     0.00000     0.00000
     0.15500    -0.35410    -0.22691     0.00000     0.00000     0.08495     0.27286     0.00000     0.00000
     0.16000    -0.35218    -0.22620     0.00000     0.00000     0.08422     0.26296     0.00000     0.00000
     0.16500    -0.35028    -0.22548     0.00000     0.00000     0.08350     0.25362     0.00000     0.00000
     0.17000    -0.34840    -0.22477     0.00000     0.00000     0.08278     0.24481     0.00000     0.00000
     0.17500    -0.34654    -0.22407     0.00000     0.00000     0.08208     0.23648     0.00000     0.00000
     0.18000    -0.34470    -0.22336     0.00000     0.00000     0.08139     0.22859     0.00000     0.00000
     0.18500    -0.34287    -0.22266     0.00000     0.00000     0.08070     0.22111     0.00000     0.00000
     0.19000    -0.34105    -0.22197     0.00000     0.00000     0.08002     0.21401     0.00000     0.00000
     0.19500    -0.33926    -0.22127     0.00000     0.00000     0.07936     0.20727     0.00000     0.00000
     0.20000    -0.33748    -0.22058     0.00000     0.00000     0.07870     0.20085     0.00000     0.00000
     0.20500    -0.33571    -0.21989     0.00000     0.00000     0.07804     0.19474     0.00000     0.00000
     0.21000    -0.33396    -0.21921     0.00000     0.00000     0.07740     0.18892     0.00000     0.00000
     0.21500    -0.33222    -0.21852     0.00000     0.00000     0.07677     0.18336     0.00000     0.00000
     0.22000    -0.33050    -0.21784     0.00000     0.00000     0.07614     0.17806     0.00000     0.00000
     0.22500    -0.32879    -0.21716     0.00000     0.00000     0.07552     0.17299     0.00000     0.00000
     0.23000    -0.32710    -0.21649     0.00000     0.00000     0.07490     0.16814     0.00000     0.00000
     0.23500    -0.32542    -0.21581     0.00000     0.00000     0.07430     0.16350     0.00000     0.00000
     0.24000    -0.32376    -0.21514     0.00000     0.00000     0.07370     0.15906     0.00000     0.00000
     0.24500    -0.32210    -0.21447     0.00000     0.00000     0.07311     0.15479     0.00000     0.00000
     0.25000    -0.32046    -0.21381     0.00000     0.00000     0.07253     0.15070     0.00000     0.00000
     0.25500    -0.31884    -0.21314     0.00000     0.00000     0.07195     0.14678     0.00000     0.00000
     0.26000    -0.31722    -0.21248     0.00000     0.00000     0.07138     0.14301     0.00000     0.00000
     0.26500    -0.31562    -0.21182     0.00000     0.00000     0.07082     0.13938     0.00000     0.00000
     0.27000    -0.31403    -0.21116     0.00000     0.00000     0.07026     0.13589     0.00000     0.00000
     0.27500    -0.31246    -0.21050     0.00000     0.00000     0.06971     0.13254     0.00000     0.00000
     0.28000    -0.31089    -0.20985     0.00000     0.00000     0.06917     0.12930     0.00000     0.00000
     0.28500    -0.30934    -0.20920     0.00000     0.00000     0.06863     0.12619     0.00000     0.00000
     0.29000    -0.30780    -0.20855     0.00000     0.00000     0.06810     0.12319     0.00000     0.00000
     0.29500    -0.30627    -0.20790     0.00000     0.00000     0.06757     0.12029     0.00000     0.00000
     0.30000    -0.30475    -0.20726     0.00000     0.00000     0.06705     0.11750     0.00000     0.00000
     0.30500    -0.30324    -0.20661     0.00000     0.00000     0.06654     0.11480     0.00000     0.00000
     0.31000    -0.30174    -0.20597     0.00000     0.00000     0.06603     0.11219     0.00000     0.00000
     0.31500    -0.30025    -0.20533     0.00000     0.00000     0.06553     0.10968     0.00000     0.00000
     0.32000    -0.29878    -0.20469     0.00000     0.00000     0.06504     0.10724     0.00000     0.00000
     0.32500    -0.29731    -0.20406     0.00000     0.00000     0.06455     0.10489     0.00000     0.00000
     0.33000    -0.29586    -0.20342     0.00000     0.00000     0.06406     0.10261     0.00000     0.00000
     0.33500    -0.29441    -0.20279     0.00000     0.00000     0.06358     0.10040     0.00000     0.00000
     0.34000    -0.29298    -0.20216     0.00000     0.00000     0.06311     0.09827     0.00000     0.00000
     0.34500    -0.29155    -0.20153     0.00000     0.00000     0.06264     0.09620     0.00000     0.00000
     0.35000    -0.29013    -0.20090     0.00000     0.00000     0.06218     0.09419     0.00000     0.00000
     0.35500    -0.28873    -0.20028     0.00000     0.00000     0.06172     0.09225     0.00000     0.00000
     0.36000    -0.28733    -0.19965     0.00000     0.00000     0.06127     0.09036     0.00000     0.00000
     0.36500    -0.28594    -0.19903     0.00000     0.00000     0.06082     0.08854     0.00000     0.00000
     0.37000    -0.28456    -0.19841     0.00000     0.00000     0.06038     0.08676     0.00000     0.00000
     0.37500    -0.28320    -0.19779     0.00000     0.00000     0.05994     0.08504     0.00000     0.00000
     0.38000    -0.28184    -0.19718     0.00000     0.00000     0.05951     0.08337     0.00000     0.00000
     0.38500    -0.28048    -0.19656     0.00000     0.00000     0.05908     0.08174     0.00000     0.00000
     0.39000    -0.27914    -0.19595     0.00000     0.00000     0.05865     0.08016     0.00000     0.00000
     0.39500    -0.27781    -0.19534     0.00000     0.00000     0.05823     0.07863     0.00000     0.00000
     0.40000    -0.27648    -0.19473     0.00000     0.00000     0.05782     0.07713     0.00000     0.00000
     0.40500    -0.27517    -0.19412     0.00000     0.00000     0.05741     0.07568     0.00000     0.00000
     0.41000    -0.27386    -0.19351     0.00000     0.00000     0.05700     0.07427     0.00000     0.00000
     0.41500    -0.27256    -0.19290     0.00000     0.00000     0.05660     0.07290     0.00000     0.00000
     0.42000    -0.27127    -0.19230     0.00000     0.00000     0.05620     0.07156     0.00000     0.00000
     0.42500    -0.26998    -0.19170     0.00000     0.00000     0.05581     0.07026     0.00000     0.00000
     0.43000    -0.26871    -0.19110     0.00000     0.00000     0.05542     0.06899     0.00000     0.00000
     0.43500    -0.26744    -0.19050     0.00000     0.00000     0.05503     0.06776     0.00000     0.00000
     0.44000    -0.26618    -0.18990     0.00000     0.00000     0.05465     0.06656     0.00000     0.00000
     0.44500    -0.26493    -0.18931     0.00000     0.00000     0.05427     0.06538     0.00000     0.00000
     0.45000    -0.26368    -0.18871     0.00000     0.00000     0.05390     0.06424     0.00000     0.00000
     0.45500    -0.26244    -0.18812     0.00000     0.00000     0.05353     0.06313     0.00000     0.00000
     0.46000    -0.26121    -0.18753     0.00000     0.00000     0.05316     0.06204     0.00000     0.00000
     0.46500    -0.25999    -0.18694     0.00000     0.00000     0.05280     0.06098     0.00000     0.00000
     0.47000    -0.25878    -0.18635     0.00000     0.00000     0.05244     0.05995     0.00000     0.00000
     0.47500    -0.25757    -0.18576     0.00000     0.00000     0.05209     0.05894     0.00000     0.00000
     0.48000    -0.25637    -0.18518     0.00000     0.00000     0.05174     0.05796     0.00000     0.00000
     0.48500    -0.25518    -0.18459     0.00000     0.00000     0.05139     0.05700     0.00000     0.00000
     0.49000    -0.25399    -0.18401     0.00000     0.00000     0.05104     0.05606     0.00000     0.00000
     0.49500    -0.25281    -0.18343     0.00000     0.00000     0.05070     0.05514     0.00000     0.00000
     0.50000    -0.25164    -0.18285     0.00000     0.00000     0.05037     0.05425     0.00000     0.00000
     0.50500    -0.25047    -0.18227     0.00000     0.00000     0.05003     0.05337     0.00000     0.00000
     0.51000    -0.24932    -0.18170     0.00000     0.00000     0.04970     0.05252     0.00000     0.00000
     0.51500    -0.24816    -0.18112     0.00000     0.00000     0.04937     0.05168     0.00000     0.00000
     0.52000    -0.24702    -0.18055     0.00000     0.00000     0.04905     0.05087     0.00000     0.00000
     0.52500    -0.24588    -0.17998     0.00000     0.00000     0.04873     0.05007     0.00000     0.00000
     0.53000    -0.24475    -0.17941     0.00000     0.00000     0.04841     0.04929     0.00000     0.00000
     0.53500    -0.24362    -0.17884     0.00000     0.00000     0.04809     0.04853     0.00000     0.00000
     0.54000    -0.24250    -0.17827     0.00000     0.00000     0.04778     0.04778     0.00000     0.00000
     0.54500    -0.24139    -0.17771     0.00000     0.00000     0.04747     0.04705     0.00000     0.00000
     0.55000    -0.24028    -0.17714     0.00000     0.00000     0.04717     0.04634     0.00000     0.00000
     0.55500    -0.23918    -0.17658     0.00000     0.00000     0.04687     0.04564     0.00000     0.00000
     0.56000    -0.23809    -0.17602     0.00000     0.00000     0.04657     0.04496     0.00000     0.00000
     0.56500    -0.23700    -0.17546     0.00000     0.00000     0.04627     0.04429     0.00000     0.00000
     0.57000    -0.23592    -0.17490     0.00000     0.00000     0.04597     0.04363     0.00000     0.00000
     0.57500    -0.23484    -0.17434     0.00000     0.00000     0.04568     0.04299     0.00000     0.00000
     0.58000    -0.23377    -0.17379     0.00000     0.00000     0.04539     0.04236     0.00000     0.00000
     0.58500    -0.23271    -0.17323     0.00000     0.00000     0.04511     0.04175     0.00000     0.00000
     0.59000    -0.23165    -0.17268     0.00000     0.00000     0.04483     0.04115     0.00000     0.00000
     0.59500    -0.23060    -0.17213     0.00000     0.00000     0.04454     0.04055     0.00000     0.00000
     0.60000    -0.22955    -0.17158     0.00000     0.00000     0.04427     0.03998     0.00000     0.00000
     0.60500    -0.22851    -0.17103     0.00000     0.00000     0.04399     0.03941     0.00000     0.00000
     0.61000    -0.22748    -0.17048     0.00000     0.00000     0.04372     0.03885     0.00000     0.00000
     0.61500    -0.22645    -0.16993     0.00000     0.00000     0.04345     0.03831     0.00000     0.00000
     0.62000    -0.22542    -0.16939     0.00000     0.00000     0.04318     0.03777     0.00000     0.00000
     0.62500    -0.22441    -0.16885     0.00000     0.00000     0.04292     0.03725     0.00000     0.00000
     0.63000    -0.22339    -0.16831     0.00000     0.00000     0.04265     0.03674     0.00000     0.00000
     0.63500    -0.22239    -0.16776     0.00000     0.00000     0.04239     0.03623     0.00000     0.00000
     0.64000    -0.22138    -0.16723     0.00000     0.00000     0.04213     0.03574     0.00000     0.00000
     0.64500    -0.22039    -0.16669     0.00000     0.00000     0.04188     0.03526     0.00000     0.00000
     0.65000    -0.21940    -0.16615     0.00000     0.00000     0.04162     0.03478     0.00000     0.00000
     0.65500    -0.21841    -0.16562     0.00000     0.00000     0.04137     0.03431     0.00000     0.00000
     0.66000    -0.21743    -0.16508     0.00000     0.00000     0.04112     0.03386     0.00000     0.00000
     0.66500    -0.21645    -0.16455     0.00000     0.00000     0.04088     0.03341     0.00000     0.00000
     0.67000    -0.21548    -0.16402     0.00000     0.00000     0.04063     0.03297     0.00000     0.00000
     0.67500    -0.21452    -0.16349     0.00000     0.00000     0.04039     0.03253     0.00000     0.00000
     0.68000    -0.21356    -0.16297     0.00000     0.00000     0.04015     0.03211     0.00000     0.00000
     0.68500    -0.21260    -0.16244     0.00000     0.00000     0.03991     0.03169     0.00000     0.00000
     0.69000    -0.21165    -0.16191     0.00000     0.00000     0.03968     0.03128     0.00000     0.00000
     0.69500    -0.21071    -0.16139     0.00000     0.00000     0.03944     0.03088     0.00000     0.00000
     0.70000    -0.20977    -0.16087     0.00000     0.00000     0.03921     0.03049     0.00000     0.00000
     0.70500    -0.20883    -0.16035     0.00000     0.00000     0.03898     0.03010     0.00000     0.00000
     0.71000    -0.20790    -0.15983     0.00000     0.00000     0.03875     0.02972     0.00000     0.00000
     0.71500    -0.20698    -0.15931     0.00000     0.00000     0.03853     0.02934     0.00000     0.00000
     0.72000    -0.20606    -0.15879     0.00000     0.00000     0.03831     0.02898     0.00000     0.00000
     0.72500    -0.20514    -0.15828     0.00000     0.00000     0.03808     0.02861     0.00000     0.00000
     0.73000    -0.20423    -0.15776     0.00000     0.00000     0.03786     0.02826     0.00000     0.00000
     0.73500    -0.20332    -0.15725     0.00000     0.00000     0.03765     0.02791     0.00000     0.00000
     0.74000    -0.20242    -0.15674     0.00000     0.00000     0.03743     0.02757     0.00000     0.00000
     0.74500    -0.20152    -0.15623     0.00000     0.00000     0.03722     0.02723     0.00000     0.00000
     0.75000    -0.20063    -0.15572     0.00000     0.00000     0.03700     0.02690     0.00000     0.00000
     0.75500    -0.19974    -0.15522     0.00000     0.00000     0.03679     0.02657     0.00000     0.00000
     0.76000    -0.19886    -0.15471     0.00000     0.00000     0.03658     0.02625     0.00000     0.00000
     0.76500    -0.19798    -0.15420     0.00000     0.00000     0.03638     0.02594     0.00000     0.00000
     0.77000    -0.19710    -0.15370     0.00000     0.00000     0.03617     0.02563     0.00000     0.00000
     0.77500    -0.19623    -0.15320     0.00000     0.00000     0.03597     0.02532     0.00000     0.00000
     0.78000    -0.19537    -0.15270     0.00000     0.00000     0.03577     0.02502     0.00000     0.00000
     0.78500    -0.19451    -0.15220     0.00000     0.00000     0.03557     0.02473     0.00000     0.00000
     0.79000    -0.19365    -0.15170     0.00000     0.00000     0.03537     0.02444     0.00000     0.00000
     0.79500    -0.19280    -0.15121     0.00000     0.00000     0.03517     0.02415     0.00000     0.00000
     0.80000    -0.19195    -0.15071     0.00000     0.00000     0.03498     0.02387     0.00000     0.00000
     0.80500    -0.19110    -0.15022     0.00000     0.00000     0.03478     0.02360     0.00000     0.00000
     0.81000    -0.19026    -0.14973     0.00000     0.00000     0.03459     0.02333     0.00000     0.00000
     0.81500    -0.18943    -0.14923     0.00000     0.00000     0.03440     0.02306     0.00000     0.00000
     0.82000    -0.18860    -0.14875     0.00000     0.00000     0.03421     0.02279     0.00000     0.00000
     0.82500    -0.18777    -0.14826     0.00000     0.00000     0.03402     0.02254     0.00000     0.00000
     0.83000    -0.18695    -0.14777     0.00000     0.00000     0.03384     0.02228     0.00000     0.00000
     0.83500    -0.18613    -0.14728     0.00000     0.00000     0.03365     0.02203     0.00000     0.00000
     0.84000    -0.18531    -0.14680     0.00000     0.00000     0.03347     0.02178     0.00000     0.00000
     0.84500    -0.18450    -0.14632     0.00000     0.00000     0.03329     0.02154     0.00000     0.00000
     0.85000    -0.18369    -0.14584     0.00000     0.00000     0.03311     0.02130     0.00000     0.00000
     0.85500    -0.18289    -0.14536     0.00000     0.00000     0.03293     0.02106     0.00000     0.00000
     0.86000    -0.18209    -0.14488     0.00000     0.00000     0.03276     0.02083     0.00000     0.00000
     0.86500    -0.18129    -0.14440     0.00000     0.00000     0.03258     0.02060     0.00000     0.00000
     0.87000    -0.18050    -0.14392     0.00000     0.00000     0.03241     0.02038     0.00000     0.00000
     0.87500    -0.17972    -0.14345     0.00000     0.00000     0.03223     0.02016     0.00000     0.00000
     0.88000    -0.17893    -0.14297     0.00000     0.00000     0.03206     0.01994     0.00000     0.00000
     0.88500    -0.17815    -0.14250     0.00000     0.00000     0.03189     0.01972     0.00000     0.00000
     0.89000    -0.17738    -0.14203     0.00000     0.00000     0.03172     0.01951     0.00000     0.00000
     0.89500    -0.17660    -0.14156     0.00000     0.00000     0.03156     0.01930     0.00000     0.00000
     0.90000    -0.17584    -0.14109     0.00000     0.00000     0.03139     0.01910     0.00000     0.00000
     0.90500    -0.17507    -0.14063     0.00000     0.00000     0.03123     0.01889     0.00000     0.00000
     0.91000    -0.17431    -0.14016     0.00000     0.00000     0.03106     0.01869     0.00000     0.00000
     0.91500    -0.17355    -0.13969     0.00000     0.00000     0.03090     0.01850     0.00000     0.00000
     0.92000    -0.17280    -0.13923     0.00000     0.00000     0.03074     0.01830     0.00000     0.00000
     0.92500    -0.17205    -0.13877     0.00000     0.00000     0.03058     0.01811     0.00000     0.00000
     0.93000    -0.17130    -0.13831     0.00000     0.00000     0.03042     0.01792     0.00000     0.00000
     0.93500    -0.17056    -0.13785     0.00000     0.00000     0.03027     0.01774     0.00000     0.00000
     0.94000    -0.16982    -0.13739     0.00000     0.00000     0.03011     0.01755     0.00000     0.00000
     0.94500    -0.16908    -0.13693     0.00000     0.00000     0.02996     0.01737     0.00000     0.00000
     0.95000    -0.16835    -0.13648     0.00000     0.00000     0.02980     0.01719     0.00000     0.00000
     0.95500    -0.16762    -0.13603     0.00000     0.00000     0.02965     0.01702     0.00000     0.00000
     0.96000    -0.16690    -0.13557     0.00000     0.00000     0.02950     0.01684     0.00000     0.00000
     0.96500    -0.16618    -0.13512     0.00000     0.00000     0.02935     0.01667     0.00000     0.00000
     0.97000    -0.16546    -0.13467     0.00000     0.00000     0.02920     0.01651     0.00000     0.00000
     0.97500    -0.16474    -0.13422     0.00000     0.00000     0.02905     0.01634     0.00000     0.00000
     0.98000    -0.16403    -0.13377     0.00000     0.00000     0.02891     0.01618     0.00000     0.00000
     0.98500    -0.16332    -0.13333     0.00000     0.00000     0.02876     0.01601     0.00000     0.00000
     0.99000    -0.16262    -0.13288     0.00000     0.00000     0.02862     0.01585     0.00000     0.00000
     0.99500    -0.16192    -0.13244     0.00000     0.00000     0.02847     0.01570     0.00000     0.00000
     1.00000    -0.16122    -0.13200     0.00000     0.00000     0.02833     0.01554     0.00000     0.00000
     1.00500    -0.16053    -0.13155     0.00000     0.00000     0.02819     0.01539     0.00000     0.00000
     1.01000    -0.15983    -0.13111     0.00000     0.00000     0.02805     0.01524     0.00000     0.00000
     1.01500    -0.15915    -0.13068     0.00000     0.00000     0.02791     0.01509     0.00000     0.00000
     1.02000    -0.15846    -0.13024     0.00000     0.00000     0.02777     0.01494     0.00000     0.00000
     1.02500    -0.15778    -0.12980     0.00000     0.00000     0.02764     0.01480     0.00000     0.00000
     1.03000    -0.15710    -0.12937     0.00000     0.00000     0.02750     0.01465     0.00000     0.00000
     1.03500    -0.15643    -0.12893     0.00000     0.00000     0.02736     0.01451     0.00000     0.00000
     1.04000    -0.15576    -0.12850     0.00000     0.00000     0.02723     0.01437     0.00000     0.00000
     1.04500    -0.15509    -0.12807     0.00000     0.00000     0.02710     0.01424     0.00000     0.00000
     1.05000    -0.15442    -0.12764     0.00000     0.00000     0.02697     0.01410     0.00000     0.00000
     1.05500    -0.15376    -0.12721     0.00000     0.00000     0.02683     0.01397     0.00000     0.00000
     1.06000    -0.15310    -0.12678     0.00000     0.00000     0.02670     0.01384     0.00000     0.00000
     1.06500    -0.15244    -0.12636     0.00000     0.00000     0.02658     0.01370     0.00000     0.00000
     1.07000    -0.15179    -0.12593     0.00000     0.00000     0.02645     0.01358     0.00000     0.00000
     1.07500    -0.15114    -0.12551     0.00000     0.00000     0.02632     0.01345     0.00000     0.00000
     1.08000    -0.15049    -0.12508     0.00000     0.00000     0.02619     0.01332     0.00000     0.00000
     1.08500    -0.14985    -0.12466     0.00000     0.00000     0.02607     0.01320     0.00000     0.00000
     1.09000    -0.14921    -0.12424     0.00000     0.00000     0.02594     0.01308     0.00000     0.00000
     1.09500    -0.14857    -0.12382     0.00000     0.00000     0.02582     0.01296     0.00000     0.00000
     1.10000    -0.14793    -0.12341     0.00000     0.00000     0.02570     0.01284     0.00000     0.00000
     1.10500    -0.14730    -0.12299     0.00000     0.00000     0.02557     0.01272     0.00000     0.00000
     1.11000    -0.14667    -0.12258     0.00000     0.00000     0.02545     0.01260     0.00000     0.00000
     1.11500    -0.14605    -0.12216     0.00000     0.00000     0.02533     0.01249     0.00000     0.00000
     1.12000    -0.14542    -0.12175     0.00000     0.00000     0.02521     0.01238     0.00000     0.00000
     1.12500    -0.14480    -0.12134     0.00000     0.00000     0.02510     0.01226     0.00000     0.00000
     1.13000    -0.14418    -0.12093     0.00000     0.00000     0.02498     0.01215     0.00000     0.00000
     1.13500    -0.14357    -0.12052     0.00000     0.00000     0.02486     0.01204     0.00000     0.00000
     1.14000    -0.14296    -0.12011     0.00000     0.00000     0.02475     0.01194     0.00000     0.00000
     1.14500    -0.14235    -0.11970     0.00000     0.00000     0.02463     0.01183     0.00000     0.00000
     1.15000    -0.14174    -0.11930     0.00000     0.00000     0.02452     0.01172     0.00000     0.00000
     1.15500    -0.14114    -0.11889     0.00000     0.00000     0.02440     0.01162     0.00000     0.00000
     1.16000    -0.14054    -0.11849     0.00000     0.00000     0.02429     0.01152     0.00000     0.00000
     1.16500    -0.13994    -0.11809     0.00000     0.00000     0.02418     0.01142     0.00000     0.00000
     1.17000    -0.13935    -0.11769     0.00000     0.00000     0.02407     0.01131     0.00000     0.00000
     1.17500    -0.13875    -0.11729     0.00000     0.00000     0.02396     0.01122     0.00000     0.00000
     1.18000    -0.13816    -0.11689     0.00000     0.00000     0.02385     0.01112     0.00000     0.00000
     1.18500    -0.13758    -0.11649     0.00000     0.00000     0.02374     0.01102     0.00000     0.00000
     1.19000    -0.13699    -0.11610     0.00000     0.00000     0.02363     0.01093     0.00000     0.00000
     1.19500    -0.13641    -0.11570     0.00000     0.00000     0.02352     0.01083     0.00000     0.00000
     1.20000    -0.13583    -0.11531     0.00000     0.00000     0.02341     0.01074     0.00000     0.00000
     1.20500    -0.13526    -0.11492     0.00000     0.00000     0.02331     0.01065     0.00000     0.00000
     1.21000    -0.13468    -0.11453     0.00000     0.00000     0.02320     0.01055     0.00000     0.00000
     1.21500    -0.13411    -0.11414     0.00000     0.00000     0.02310     0.01046     0.00000     0.00000
     1.22000    -0.13354    -0.11375     0.00000     0.00000     0.02299     0.01037     0.00000     0.00000
     1.22500    -0.13298    -0.11336     0.00000     0.00000     0.02289     0.01029     0.00000     0.00000
     1.23000    -0.13241    -0.11297     0.00000     0.00000     0.02279     0.01020     0.00000     0.00000
     1.23500    -0.13185    -0.11259     0.00000     0.00000     0.02269     0.01011     0.00000     0.00000
     1.24000    -0.13129    -0.11220     0.00000     0.00000     0.02259     0.01003     0.00000     0.00000
     1.24500    -0.13074    -0.11182     0.00000     0.00000     0.02248     0.00994     0.00000     0.00000
     1.25000    -0.13019    -0.11144     0.00000     0.00000     0.02238     0.00986     0.00000     0.00000
     1.25500    -0.12963    -0.11106     0.00000     0.00000     0.02229     0.00978     0.00000     0.00000
     1.26000    -0.12909    -0.11068     0.00000     0.00000     0.02219     0.00970     0.00000     0.00000
     1.26500    -0.12854    -0.11030     0.00000     0.00000     0.02209     0.00962     0.00000     0.00000
     1.27000    -0.12800    -0.10992     0.00000     0.00000     0.02199     0.00954     0.00000     0.00000
     1.27500    -0.12746    -0.10955     0.00000     0.00000     0.02190     0.00946     0.00000     0.00000
     1.28000    -0.12692    -0.10917     0.00000     0.00000     0.02180     0.00938     0.00000     0.00000
     1.28500    -0.12638    -0.10880     0.00000     0.00000     0.02170     0.00930     0.00000     0.00000
     1.29000    -0.12585    -0.10843     0.00000     0.00000     0.02161     0.00923     0.00000     0.00000
     1.29500    -0.12532    -0.10806     0.00000     0.00000     0.02152     0.00915     0.00000     0.00000
     1.30000    -0.12479    -0.10769     0.00000     0.00000     0.02142     0.00908     0.00000     0.00000
     1.30500    -0.12426    -0.10732     0.00000     0.00000     0.02133     0.00901     0.00000     0.00000
     1.31000    -0.12374    -0.10695     0.00000     0.00000     0.02124     0.00893     0.00000     0.00000
     1.31500    -0.12322    -0.10658     0.00000     0.00000     0.02115     0.00886     0.00000     0.00000
     1.32000    -0.12270    -0.10622     0.00000     0.00000     0.02105     0.00879     0.00000     0.00000
     1.32500    -0.12218    -0.10585     0.00000     0.00000     0.02096     0.00872     0.00000     0.00000
     1.33000    -0.12167    -0.10549     0.00000     0.00000     0.02087     0.00865     0.00000     0.00000
     1.33500    -0.12116    -0.10513     0.00000     0.00000     0.02078     0.00858     0.00000     0.00000
     1.34000    -0.12065    -0.10476     0.00000     0.00000     0.02070     0.00851     0.00000     0.00000
     1.34500    -0.12014    -0.10440     0.00000     0.00000     0.02061     0.00845     0.00000     0.00000
     1.35000    -0.11963    -0.10405     0.00000     0.00000     0.02052     0.00838     0.00000     0.00000
     1.35500    -0.11913    -0.10369     0.00000     0.00000     0.02043     0.00831     0.00000     0.00000
     1.36000    -0.11863    -0.10333     0.00000     0.00000     0.02035     0.00825     0.00000     0.00000
     1.36500    -0.11813    -0.10298     0.00000     0.00000     0.02026     0.00818     0.00000     0.00000
     1.37000    -0.11764    -0.10262     0.00000     0.00000     0.02018     0.00812     0.00000     0.00000
     1.37500    -0.11714    -0.10227     0.00000     0.00000     0.02009     0.00806     0.00000     0.00000
     1.38000    -0.11665    -0.10191     0.00000     0.00000     0.02001     0.00799     0.00000     0.00000
     1.38500    -0.11616    -0.10156     0.00000     0.00000     0.01992     0.00793     0.00000     0.00000
     1.39000    -0.11567    -0.10121     0.00000     0.00000     0.01984     0.00787     0.00000     0.00000
     1.39500    -0.11519    -0.10086     0.00000     0.00000     0.01976     0.00781     0.00000     0.00000
     1.40000    -0.11470    -0.10052     0.00000     0.00000     0.01967     0.00775     0.00000     0.00000
     1.40500    -0.11422    -0.10017     0.00000     0.00000     0.01959     0.00769     0.00000     0.00000
     1.41000    -0.11374    -0.09982     0.00000     0.00000     0.01951     0.00763     0.00000     0.00000
     1.41500    -0.11327    -0.09948     0.00000     0.00000     0.01943     0.00757     0.00000     0.00000
     1.42000    -0.11279    -0.09914     0.00000     0.00000     0.01935     0.00752     0.00000     0.00000
     1.42500    -0.11232    -0.09879     0.00000     0.00000     0.01927     0.00746     0.00000     0.00000
     1.43000    -0.11185    -0.09845     0.00000     0.00000     0.01919     0.00740     0.00000     0.00000
     1.43500    -0.11138    -0.09811     0.00000     0.00000     0.01911     0.00735     0.00000     0.00000
     1.44000    -0.11092    -0.09777     0.00000     0.00000     0.01903     0.00729     0.00000     0.00000
     1.44500    -0.11045    -0.09743     0.00000     0.00000     0.01896     0.00724     0.00000     0.00000
     1.45000    -0.10999    -0.09710     0.00000     0.00000     0.01888     0.00718     0.00000     0.00000
     1.45500    -0.10953    -0.09676     0.00000     0.00000     0.01880     0.00713     0.00000     0.00000
     1.46000    -0.10907    -0.09642     0.00000     0.00000     0.01873     0.00708     0.00000     0.00000
     1.46500    -0.10862    -0.09609     0.00000     0.00000     0.01865     0.00703     0.00000     0.00000
     1.47000    -0.10816    -0.09576     0.00000     0.00000     0.01857     0.00697     0.00000     0.00000
     1.47500    -0.10771    -0.09543     0.00000     0.00000     0.01850     0.00692     0.00000     0.00000
     1.48000    -0.10726    -0.09509     0.00000     0.00000     0.01843     0.00687     0.00000     0.00000
     1.48500    -0.10681    -0.09476     0.00000     0.00000     0.01835     0.00682     0.00000     0.00000
     1.49000    -0.10637    -0.09444     0.00000     0.00000     0.01828     0.00677     0.00000     0.00000
     1.49500    -0.10592    -0.09411     0.00000     0.00000     0.01820     0.00672     0.00000     0.00000
     1.50000    -0.10548    -0.09378     0.00000     0.00000     0.01813     0.00667     0.00000     0.00000
     1.50500    -0.10504    -0.09346     0.00000     0.00000     0.01806     0.00662     0.00000     0.00000
     1.51000    -0.10460    -0.09313     0.00000     0.00000     0.01799     0.00658     0.00000     0.00000
     1.51500    -0.10417    -0.09281     0.00000     0.00000     0.01792     0.00653     0.00000     0.00000
     1.52000    -0.10373    -0.09248     0.00000     0.00000     0.01784     0.00648     0.00000     0.00000
     1.52500    -0.10330    -0.09216     0.00000     0.00000     0.01777     0.00644     0.00000     0.00000
     1.53000    -0.10287    -0.09184     0.00000     0.00000     0.01770     0.00639     0.00000     0.00000
     1.53500    -0.10244    -0.09152     0.00000     0.00000     0.01763     0.00634     0.00000     0.00000
     1.54000    -0.10201    -0.09120     0.00000     0.00000     0.01757     0.00630     0.00000     0.00000
     1.54500    -0.10159    -0.09089     0.00000     0.00000     0.01750     0.00625     0.00000     0.00000
     1.55000    -0.10117    -0.09057     0.00000     0.00000     0.01743     0.00621     0.00000     0.00000
     1.55500    -0.10074    -0.09026     0.00000     0.00000     0.01736     0.00617     0.00000     0.00000
     1.56000    -0.10033    -0.08994     0.00000     0.00000     0.01729     0.00612     0.00000     0.00000
     1.56500    -0.09991    -0.08963     0.00000     0.00000     0.01722     0.00608     0.00000     0.00000
     1.57000    -0.09949    -0.08931     0.00000     0.00000     0.01716     0.00604     0.00000     0.00000
     1.57500    -0.09908    -0.08900     0.00000     0.00000     0.01709     0.00599     0.00000     0.00000
     1.58000    -0.09867    -0.08869     0.00000     0.00000     0.01702     0.00595     0.00000     0.00000
     1.58500    -0.09826    -0.08838     0.00000     0.00000     0.01696     0.00591     0.00000     0.00000
     1.59000    -0.09785    -0.08808     0.00000     0.00000     0.01689     0.00587     0.00000     0.00000
     1.59500    -0.09744    -0.08777     0.00000     0.00000     0.01683     0.00583     0.00000     0.00000
     1.60000    -0.09704    -0.08746     0.00000     0.00000     0.01676     0.00579     0.00000     0.00000
     1.60500    -0.09663    -0.08716     0.00000     0.00000     0.01670     0.00575     0.00000     0.00000
     1.61000    -0.09623    -0.08685     0.00000     0.00000     0.01664     0.00571     0.00000     0.00000
     1.61500    -0.09583    -0.08655     0.00000     0.00000     0.01657     0.00567     0.00000     0.00000
     1.62000    -0.09543    -0.08625     0.00000     0.00000     0.01651     0.00563     0.00000     0.00000
     1.62500    -0.09504    -0.08594     0.00000     0.00000     0.01645     0.00559     0.00000     0.00000
     1.63000    -0.09464    -0.08564     0.00000     0.00000     0.01638     0.00555     0.00000     0.00000
     1.63500    -0.09425    -0.08534     0.00000     0.00000     0.01632     0.00552     0.00000     0.00000
     1.64000    -0.09386    -0.08504     0.00000     0.00000     0.01626     0.00548     0.00000     0.00000
     1.64500    -0.09347    -0.08475     0.00000     0.00000     0.01620     0.00544     0.00000     0.00000
     1.65000    -0.09308    -0.08445     0.00000     0.00000     0.01614     0.00541     0.00000     0.00000
     1.65500    -0.09270    -0.08415     0.00000     0.00000     0.01608     0.00537     0.00000     0.00000
     1.66000    -0.09231    -0.08386     0.00000     0.00000     0.01602     0.00533     0.00000     0.00000
     1.66500    -0.09193    -0.08357     0.00000     0.00000     0.01596     0.00530     0.00000     0.00000
     1.67000    -0.09155    -0.08327     0.00000     0.00000     0.01590     0.00526     0.00000     0.00000
     1.67500    -0.09117    -0.08298     0.00000     0.00000     0.01584     0.00523     0.00000     0.00000
     1.68000    -0.09079    -0.08269     0.00000     0.00000     0.01578     0.00519     0.00000     0.00000
     1.68500    -0.09042    -0.08240     0.00000     0.00000     0.01572     0.00516     0.00000     0.00000
     1.69000    -0.09004    -0.08211     0.00000     0.00000     0.01566     0.00512     0.00000     0.00000
     1.69500    -0.08967    -0.08182     0.00000     0.00000     0.01560     0.00509     0.00000     0.00000
     1.70000    -0.08930    -0.08154     0.00000     0.00000     0.01554     0.00506     0.00000     0.00000
     1.70500    -0.08893    -0.08125     0.00000     0.00000     0.01549     0.00502     0.00000     0.00000
     1.71000    -0.08856    -0.08096     0.00000     0.00000     0.01543     0.00499     0.00000     0.00000
     1.71500    -0.08820    -0.08068     0.00000     0.00000     0.01537     0.00496     0.00000     0.00000
     1.72000    -0.08783    -0.08040     0.00000     0.00000     0.01532     0.00492     0.00000     0.00000
     1.72500    -0.08747    -0.08011     0.00000     0.00000     0.01526     0.00489     0.00000     0.00000
     1.73000    -0.08711    -0.07983     0.00000     0.00000     0.01521     0.00486     0.00000     0.00000
     1.73500    -0.08675    -0.07955     0.00000     0.00000     0.01515     0.00483     0.00000     0.00000
     1.74000    -0.08639    -0.07927     0.00000     0.00000     0.01509     0.00480     0.00000     0.00000
     1.74500    -0.08603    -0.07899     0.00000     0.00000     0.01504     0.00477     0.00000     0.00000
     1.75000    -0.08568    -0.07871     0.00000     0.00000     0.01498     0.00474     0.00000     0.00000
     1.75500    -0.08532    -0.07844     0.00000     0.00000     0.01493     0.00470     0.00000     0.00000
     1.76000    -0.08497    -0.07816     0.00000     0.00000     0.01488     0.00467     0.00000     0.00000
     1.76500    -0.08462    -0.07789     0.00000     0.00000     0.01482     0.00464     0.00000     0.00000
     1.77000    -0.08427    -0.07761     0.00000     0.00000     0.01477     0.00462     0.00000     0.00000
     1.77500    -0.08392    -0.07734     0.00000     0.00000     0.01472     0.00459     0.00000     0.00000
     1.78000    -0.08358    -0.07707     0.00000     0.00000     0.01466     0.00456     0.00000     0.00000
     1.78500    -0.08323    -0.07679     0.00000     0.00000     0.01461     0.00453     0.00000     0.00000
     1.79000    -0.08289    -0.07652     0.00000     0.00000     0.01456     0.00450     0.00000     0.00000
     1.79500    -0.08255    -0.07625     0.00000     0.00000     0.01451     0.00447     0.00000     0.00000
     1.80000    -0.08221    -0.07598     0.00000     0.00000     0.01445     0.00444     0.00000     0.00000
     1.80500    -0.08187    -0.07572     0.00000     0.00000     0.01440     0.00441     0.00000     0.00000
     1.81000    -0.08153    -0.07545     0.00000     0.00000     0.01435     0.00439     0.00000     0.00000
     1.81500    -0.08119    -0.07518     0.00000     0.00000     0.01430     0.00436     0.00000     0.00000
     1.82000    -0.08086    -0.07492     0.00000     0.00000     0.01425     0.00433     0.00000     0.00000
     1.82500    -0.08053    -0.07465     0.00000     0.00000     0.01420     0.00430     0.00000     0.00000
     1.83000    -0.08019    -0.07439     0.00000     0.00000     0.01415     0.00428     0.00000     0.00000
     1.83500    -0.07986    -0.07413     0.00000     0.00000     0.01410     0.00425     0.00000     0.00000
     1.84000    -0.07954    -0.07386     0.00000     0.00000     0.01405     0.00423     0.00000     0.00000
     1.84500    -0.07921    -0.07360     0.00000     0.00000     0.01400     0.00420     0.00000     0.00000
     1.85000    -0.07888    -0.07334     0.00000     0.00000     0.01395     0.00417     0.00000     0.00000
     1.85500    -0.07856    -0.07308     0.00000     0.00000     0.01390     0.00415     0.00000     0.00000
     1.86000    -0.07823    -0.07283     0.00000     0.00000     0.01385     0.00412     0.00000     0.00000
     1.86500    -0.07791    -0.07257     0.00000     0.00000     0.01381     0.00410     0.00000     0.00000
     1.87000    -0.07759    -0.07231     0.00000     0.00000     0.01376     0.00407     0.00000     0.00000
     1.87500    -0.07727    -0.07205     0.00000     0.00000     0.01371     0.00405     0.00000     0.00000
     1.88000    -0.07695    -0.07180     0.00000     0.00000     0.01366     0.00402     0.00000     0.00000
     1.88500    -0.07664    -0.07155     0.00000     0.00000     0.01362     0.00400     0.00000     0.00000
     1.89000    -0.07632    -0.07129     0.00000     0.00000     0.01357     0.00397     0.00000     0.00000
     1.89500    -0.07601    -0.07104     0.00000     0.00000     0.01352     0.00395     0.00000     0.00000
     1.90000    -0.07570    -0.07079     0.00000     0.00000     0.01347     0.00393     0.00000     0.00000
     1.90500    -0.07539    -0.07054     0.00000     0.00000     0.01343     0.00390     0.00000     0.00000
     1.91000    -0.07508    -0.07029     0.00000     0.00000     0.01338     0.00388     0.00000     0.00000
     1.91500    -0.07477    -0.07004     0.00000     0.00000     0.01334     0.00385     0.00000     0.00000
     1.92000    -0.07446    -0.06979     0.00000     0.00000     0.01329     0.00383     0.00000     0.00000
     1.92500    -0.07416    -0.06954     0.00000     0.00000     0.01325     0.00381     0.00000     0.00000
     1.93000    -0.07385    -0.06930     0.00000     0.00000     0.01320     0.00379     0.00000     0.00000
     1.93500    -0.07355    -0.06905     0.00000     0.00000     0.01316     0.00376     0.00000     0.00000
     1.94000    -0.07325    -0.06880     0.00000     0.00000     0.01311     0.00374     0.00000     0.00000
     1.94500    -0.07294    -0.06856     0.00000     0.00000     0.01307     0.00372     0.00000     0.00000
     1.95000    -0.07265    -0.06832     0.00000     0.00000     0.01302     0.00370     0.00000     0.00000
     1.95500    -0.07235    -0.06807     0.00000     0.00000     0.01298     0.00368     0.00000     0.00000
     1.96000    -0.07205    -0.06783     0.00000     0.00000     0.01293     0.00365     0.00000     0.00000
     1.96500    -0.07176    -0.06759     0.00000     0.00000     0.01289     0.00363     0.00000     0.00000
     1.97000    -0.07146    -0.06735     0.00000     0.00000     0.01285     0.00361     0.00000     0.00000
     1.97500    -0.07117    -0.06711     0.00000     0.00000     0.01280     0.00359     0.00000     0.00000
     1.98000    -0.07088    -0.06687     0.00000     0.00000     0.01276     0.00357     0.00000     0.00000
     1.98500    -0.07059    -0.06664     0.00000     0.00000     0.01272     0.00355     0.00000     0.00000
     1.99000    -0.07030    -0.06640     0.00000     0.00000     0.01268     0.00353     0.00000     0.00000
     1.99500    -0.07001    -0.06616     0.00000     0.00000     0.01263     0.00351     0.00000     0.00000
     2.00000    -0.06972    -0.06593     0.00000     0.00000     0.01259     0.00349     0.00000     0.00000
     2.00500    -0.06944    -0.06569     0.00000     0.00000     0.01255     0.00347     0.00000     0.00000
     2.01000    -0.06915    -0.06546     0.00000     0.00000     0.01251     0.00345     0.00000     0.00000
     2.01500    -0.06887    -0.06522     0.00000     0.00000     0.01247     0.00343     0.00000     0.00000
     2.02000    -0.06859    -0.06499     0.00000     0.00000     0.01243     0.00341     0.00000     0.00000
     2.02500    -0.06831    -0.06476     0.00000     0.00000     0.01238     0.00339     0.00000     0.00000
     2.03000    -0.06803    -0.06453     0.00000     0.00000     0.01234     0.00337     0.00000     0.00000
     2.03500    -0.06775    -0.06430     0.00000     0.00000     0.01230     0.00335     0.00000     0.00000
     2.04000    -0.06747    -0.06407     0.00000     0.00000     0.01226     0.00333     0.00000     0.00000
     2.04500    -0.06719    -0.06384     0.00000     0.00000     0.01222     0.00331     0.00000     0.00000
     2.05000    -0.06692    -0.06362     0.00000     0.00000     0.01218     0.00329     0.00000     0.00000
     2.05500    -0.06665    -0.06339     0.00000     0.00000     0.01214     0.00327     0.00000     0.00000
     2.06000    -0.06637    -0.06316     0.00000     0.00000     0.01210     0.00325     0.00000     0.00000
     2.06500    -0.06610    -0.06294     0.00000     0.00000     0.01206     0.00324     0.00000     0.00000
     2.07000    -0.06583    -0.06271     0.00000     0.00000     0.01202     0.00322     0.00000     0.00000
     2.07500    -0.06556    -0.06249     0.00000     0.00000     0.01198     0.00320     0.00000     0.00000
     2.08000    -0.06529    -0.06227     0.00000     0.00000     0.01195     0.00318     0.00000     0.00000
     2.08500    -0.06503    -0.06204     0.00000     0.00000     0.01191     0.00316     0.00000     0.00000
     2.09000    -0.06476    -0.06182     0.00000     0.00000     0.01187     0.00315     0.00000     0.00000
     2.09500    -0.06450    -0.06160     0.00000     0.00000     0.01183     0.00313     0.00000     0.00000
     2.10000    -0.06423    -0.06138     0.00000     0.00000     0.01179     0.00311     0.00000     0.00000
     2.10500    -0.06397    -0.06116     0.00000     0.00000     0.01175     0.00309     0.00000     0.00000
     2.11000    -0.06371    -0.06094     0.00000     0.00000     0.01172     0.00308     0.00000     0.00000
     2.11500    -0.06345    -0.06073     0.00000     0.00000     0.01168     0.00306     0.00000     0.00000
     2.12000    -0.06319    -0.06051     0.00000     0.00000     0.01164     0.00304     0.00000     0.00000
     2.12500    -0.06293    -0.06029     0.00000     0.00000     0.01160     0.00303     0.00000     0.00000
     2.13000    -0.06267    -0.06008     0.00000     0.00000     0.01157     0.00301     0.00000     0.00000
     2.13500    -0.06242    -0.05986     0.00000     0.00000     0.01153     0.00299     0.00000     0.00000
     2.14000    -0.06216    -0.05965     0.00000     0.00000     0.01149     0.00298     0.00000     0.00000
     2.14500    -0.06191    -0.05943     0.00000     0.00000     0.01146     0.00296     0.00000     0.00000
     2.15000    -0.06166    -0.05922     0.00000     0.00000     0.01142     0.00294     0.00000     0.00000
     2.15500    -0.06141    -0.05901     0.00000     0.00000     0.01138     0.00293     0.00000     0.00000
     2.16000    -0.06116    -0.05880     0.00000     0.00000     0.01135     0.00291     0.00000     0.00000
     2.16500    -0.06091    -0.05859     0.00000     0.00000     0.01131     0.00290     0.00000     0.00000
     2.17000    -0.06066    -0.05838     0.00000     0.00000     0.01128     0.00288     0.00000     0.00000
     2.17500    -0.06041    -0.05817     0.00000     0.00000     0.01124     0.00286     0.00000     0.00000
     2.18000    -0.06016    -0.05796     0.00000     0.00000     0.01121     0.00285     0.00000     0.00000
     2.18500    -0.05992    -0.05775     0.00000     0.00000     0.01117     0.00283     0.00000     0.00000
     2.19000    -0.05967    -0.05755     0.00000     0.00000     0.01114     0.00282     0.00000     0.00000
     2.19500    -0.05943    -0.05734     0.00000     0.00000     0.01110     0.00280     0.00000     0.00000
     2.20000    -0.05919    -0.05713     0.00000     0.00000     0.01107     0.00279     0.00000     0.00000
     2.20500    -0.05895    -0.05693     0.00000     0.00000     0.01103     0.00277     0.00000     0.00000
     2.21000    -0.05871    -0.05673     0.00000     0.00000     0.01100     0.00276     0.00000     0.00000
     2.21500    -0.05847    -0.05652     0.00000     0.00000     0.01096     0.00274     0.00000     0.00000
     2.22000    -0.05823    -0.05632     0.00000     0.00000     0.01093     0.00273     0.00000     0.00000
     2.22500    -0.05799    -0.05612     0.00000     0.00000     0.01090     0.00271     0.00000     0.00000
     2.23000    -0.05776    -0.05592     0.00000     0.00000     0.01086     0.00270     0.00000     0.00000
     2.23500    -0.05752    -0.05572     0.00000     0.00000     0.01083     0.00269     0.00000     0.00000
     2.24000    -0.05729    -0.05552     0.00000     0.00000     0.01080     0.00267     0.00000     0.00000
     2.24500    -0.05705    -0.05532     0.00000     0.00000     0.01076     0.00266     0.00000     0.00000
     2.25000    -0.05682    -0.05512     0.00000     0.00000     0.01073     0.00264     0.00000     0.00000
     2.25500    -0.05659    -0.05492     0.00000     0.00000     0.01070     0.00263     0.00000     0.00000
     2.26000    -0.05636    -0.05472     0.00000     0.00000     0.01066     0.00262     0.00000     0.00000
     2.26500    -0.05613    -0.05453     0.00000     0.00000     0.01063     0.00260     0.00000     0.00000
     2.27000    -0.05590    -0.05433     0.00000     0.00000     0.01060     0.00259     0.00000     0.00000
     2.27500    -0.05567    -0.05413     0.00000     0.00000     0.01057     0.00257     0.00000     0.00000
     2.28000    -0.05545    -0.05394     0.00000     0.00000     0.01053     0.00256     0.00000     0.00000
     2.28500    -0.05522    -0.05375     0.00000     0.00000     0.01050     0.00255     0.00000     0.00000
     2.29000    -0.05500    -0.05355     0.00000     0.00000     0.01047     0.00253     0.00000     0.00000
     2.29500    -0.05477    -0.05336     0.00000     0.00000     0.01044     0.00252     0.00000     0.00000
     2.30000    -0.05455    -0.05317     0.00000     0.00000     0.01041     0.00251     0.00000     0.00000
     2.30500    -0.05433    -0.05298     0.00000     0.00000     0.01037     0.00250     0.00000     0.00000
     2.31000    -0.05411    -0.05279     0.00000     0.00000     0.01034     0.00248     0.00000     0.00000
     2.31500    -0.05389    -0.05260     0.00000     0.00000     0.01031     0.00247     0.00000     0.00000
     2.32000    -0.05367    -0.05241     0.00000     0.00000     0.01028     0.00246     0.00000     0.00000
     2.32500    -0.05345    -0.05222     0.00000     0.00000     0.01025     0.00244     0.00000     0.00000
     2.33000    -0.05323    -0.05203     0.00000     0.00000     0.01022     0.00243     0.00000     0.00000
     2.33500    -0.05302    -0.05184     0.00000     0.00000     0.01019     0.00242     0.00000     0.00000
     2.34000    -0.05280    -0.05166     0.00000     0.00000     0.01016     0.00241     0.00000     0.00000
     2.34500    -0.05259    -0.05147     0.00000     0.00000     0.01013     0.00240     0.00000     0.00000
     2.35000    -0.05237    -0.05129     0.00000     0.00000     0.01010     0.00238     0.00000     0.00000
     2.35500    -0.05216    -0.05110     0.00000     0.00000     0.01007     0.00237     0.00000     0.00000
     2.36000    -0.05195    -0.05092     0.00000     0.00000     0.01004     0.00236     0.00000     0.00000
     2.36500    -0.05174    -0.05073     0.00000     0.00000     0.01001     0.00235     0.00000     0.00000
     2.37000    -0.05153    -0.05055     0.00000     0.00000     0.00998     0.00233     0.00000     0.00000
     2.37500    -0.05132    -0.05037     0.00000     0.00000     0.00995     0.00232     0.00000     0.00000
     2.38000    -0.05111    -0.05019     0.00000     0.00000     0.00992     0.00231     0.00000     0.00000
     2.38500    -0.05090    -0.05001     0.00000     0.00000     0.00989     0.00230     0.00000     0.00000
     2.39000    -0.05070    -0.04983     0.00000     0.00000     0.00986     0.00229     0.00000     0.00000
     2.39500    -0.05049    -0.04965     0.00000     0.00000     0.00983     0.00228     0.00000     0.00000
     2.40000    -0.05029    -0.04947     0.00000     0.00000     0.00980     0.00227     0.00000     0.00000
     2.40500    -0.05008    -0.04929     0.00000     0.00000     0.00977     0.00225     0.00000     0.00000
     2.41000    -0.04988    -0.04911     0.00000     0.00000     0.00975     0.00224     0.00000     0.00000
     2.41500    -0.04968    -0.04893     0.00000     0.00000     0.00972     0.00223     0.00000     0.00000
     2.42000    -0.04948    -0.04876     0.00000     0.00000     0.00969     0.00222     0.00000     0.00000
     2.42500    -0.04927    -0.04858     0.00000     0.00000     0.00966     0.00221     0.00000     0.00000
     2.43000    -0.04907    -0.04840     0.00000     0.00000     0.00963     0.00220     0.00000     0.00000
     2.43500    -0.04888    -0.04823     0.00000     0.00000     0.00960     0.00219     0.00000     0.00000
     2.44000    -0.04868    -0.04806     0.00000     0.00000     0.00958     0.00218     0.00000     0.00000
     2.44500    -0.04848    -0.04788     0.00000     0.00000     0.00955     0.00217     0.00000     0.00000
     2.45000    -0.04828    -0.04771     0.00000     0.00000     0.00952     0.00216     0.00000     0.00000
     2.45500    -0.04809    -0.04754     0.00000     0.00000     0.00949     0.00215     0.00000     0.00000
     2.46000    -0.04789    -0.04737     0.00000     0.00000     0.00947     0.00213     0.00000     0.00000
     2.46500    -0.04770    -0.04719     0.00000     0.00000     0.00944     0.00212     0.00000     0.00000
     2.47000    -0.04751    -0.04702     0.00000     0.00000     0.00941     0.00211     0.00000     0.00000
     2.47500    -0.04731    -0.04685     0.00000     0.00000     0.00938     0.00210     0.00000     0.00000
     2.48000    -0.04712    -0.04668     0.00000     0.00000     0.00936     0.00209     0.00000     0.00000
     2.48500    -0.04693    -0.04652     0.00000     0.00000     0.00933     0.00208     0.00000     0.00000
     2.49000    -0.04674    -0.04635     0.00000     0.00000     0.00930     0.00207     0.00000     0.00000
     2.49500    -0.04655    -0.04618     0.00000     0.00000     0.00928     0.00206     0.00000     0.00000
     2.50000    -0.04636    -0.04601     0.00000     0.00000     0.00925     0.00205     0.00000     0.00000
     2.50500    -0.04617    -0.04585     0.00000     0.00000     0.00922     0.00204     0.00000     0.00000
     2.51000    -0.04599    -0.04568     0.00000     0.00000     0.00920     0.00203     0.00000     0.00000
     2.51500    -0.04580    -0.04551     0.00000     0.00000     0.00917     0.00202     0.00000     0.00000
     2.52000    -0.04562    -0.04535     0.00000     0.00000     0.00915     0.00201     0.00000     0.00000
     2.52500    -0.04543    -0.04519     0.00000     0.00000     0.00912     0.00200     0.00000     0.00000
     2.53000    -0.04525    -0.04502     0.00000     0.00000     0.00909     0.00199     0.00000     0.00000
     2.53500    -0.04506    -0.04486     0.00000     0.00000     0.00907     0.00198     0.00000     0.00000
     2.54000    -0.04488    -0.04470     0.00000     0.00000     0.00904     0.00198     0.00000     0.00000
     2.54500    -0.04470    -0.04453     0.00000     0.00000     0.00902     0.00197     0.00000     0.00000
     2.55000    -0.04452    -0.04437     0.00000     0.00000     0.00899     0.00196     0.00000     0.00000
     2.55500    -0.04434    -0.04421     0.00000     0.00000     0.00897     0.00195     0.00000     0.00000
     2.56000    -0.04416    -0.04405     0.00000     0.00000     0.00894     0.00194     0.00000     0.00000
     2.56500    -0.04398    -0.04389     0.00000     0.00000     0.00892     0.00193     0.00000     0.00000
     2.57000    -0.04380    -0.04373     0.00000     0.00000     0.00889     0.00192     0.00000     0.00000
     2.57500    -0.04363    -0.04358     0.00000     0.00000     0.00887     0.00191     0.00000     0.00000
     2.58000    -0.04345    -0.04342     0.00000     0.00000     0.00884     0.00190     0.00000     0.00000
     2.58500    -0.04327    -0.04326     0.00000     0.00000     0.00882     0.00189     0.00000     0.00000
     2.59000    -0.04310    -0.04310     0.00000     0.00000     0.00879     0.00188     0.00000     0.00000
     2.59500    -0.04292    -0.04295     0.00000     0.00000     0.00877     0.00188     0.00000     0.00000
     2.60000    -0.04275    -0.04279     0.00000     0.00000     0.00874     0.00187     0.00000     0.00000
     2.60500    -0.04258    -0.04264     0.00000     0.00000     0.00872     0.00186     0.00000     0.00000
     2.61000    -0.04241    -0.04248     0.00000     0.00000     0.00870     0.00185     0.00000     0.00000
     2.61500    -0.04223    -0.04233     0.00000     0.00000     0.00867     0.00184     0.00000     0.00000
     2.62000    -0.04206    -0.04217     0.00000     0.00000     0.00865     0.00183     0.00000     0.00000
     2.62500    -0.04189    -0.04202     0.00000     0.00000     0.00862     0.00182     0.00000     0.00000
     2.63000    -0.04172    -0.04187     0.00000     0.00000     0.00860     0.00181     0.00000     0.00000
     2.63500    -0.04156    -0.04172     0.00000     0.00000     0.00858     0.00181     0.00000     0.00000
     2.64000    -0.04139    -0.04156     0.00000     0.00000     0.00855     0.00180     0.00000     0.00000
     2.64500    -0.04122    -0.04141     0.00000     0.00000     0.00853     0.00179     0.00000     0.00000
     2.65000    -0.04105    -0.04126     0.00000     0.00000     0.00851     0.00178     0.00000     0.00000
     2.65500    -0.04089    -0.04111     0.00000     0.00000     0.00848     0.00177     0.00000     0.00000
     2.66000    -0.04072    -0.04096     0.00000     0.00000     0.00846     0.00177     0.00000     0.00000
     2.66500    -0.04056    -0.04081     0.00000     0.00000     0.00844     0.00176     0.00000     0.00000
     2.67000    -0.04039    -0.04067     0.00000     0.00000     0.00841     0.00175     0.00000     0.00000
     2.67500    -0.04023    -0.04052     0.00000     0.00000     0.00839     0.00174     0.00000     0.00000
     2.68000    -0.04007    -0.04037     0.00000     0.00000     0.00837     0.00173     0.00000     0.00000
     2.68500    -0.03991    -0.04022     0.00000     0.00000     0.00835     0.00173     0.00000     0.00000
     2.69000    -0.03975    -0.04008     0.00000     0.00000     0.00832     0.00172     0.00000     0.00000
     2.69500    -0.03959    -0.03993     0.00000     0.00000     0.00830     0.00171     0.00000     0.00000
     2.70000    -0.03943    -0.03979     0.00000     0.00000     0.00828     0.00170     0.00000     0.00000
     2.70500    -0.03927    -0.03964     0.00000     0.00000     0.00826     0.00169     0.00000     0.00000
     2.71000    -0.03911    -0.03950     0.00000     0.00000     0.00823     0.00169     0.00000     0.00000
     2.71500    -0.03895    -0.03935     0.00000     0.00000     0.00821     0.00168     0.00000     0.00000
     2.72000    -0.03879    -0.03921     0.00000     0.00000     0.00819     0.00167     0.00000     0.00000
     2.72500    -0.03864    -0.03907     0.00000     0.00000     0.00817     0.00166     0.00000     0.00000
     2.73000    -0.03848    -0.03893     0.00000     0.00000     0.00815     0.00166     0.00000     0.00000
     2.73500    -0.03833    -0.03878     0.00000     0.00000     0.00812     0.00165     0.00000     0.00000
     2.74000    -0.03817    -0.03864     0.00000     0.00000     0.00810     0.00164     0.00000     0.00000
     2.74500    -0.03802    -0.03850     0.00000     0.00000     0.00808     0.00163     0.00000     0.00000
     2.75000    -0.03786    -0.03836     0.00000     0.00000     0.00806     0.00163     0.00000     0.00000
     2.75500    -0.03771    -0.03822     0.00000     0.00000     0.00804     0.00162     0.00000     0.00000
     2.76000    -0.03756    -0.03808     0.00000     0.00000     0.00802     0.00161     0.00000     0.00000
     2.76500    -0.03741    -0.03795     0.00000     0.00000     0.00799     0.00161     0.00000     0.00000
     2.77000    -0.03726    -0.03781     0.00000     0.00000     0.00797     0.00160     0.00000     0.00000
     2.77500    -0.03711    -0.03767     0.00000     0.00000     0.00795     0.00159     0.00000     0.00000
     2.78000    -0.03696    -0.03753     0.00000     0.00000     0.00793     0.00158     0.00000     0.00000
     2.78500    -0.03681    -0.03740     0.00000     0.00000     0.00791     0.00158     0.00000     0.00000
     2.79000    -0.03666    -0.03726     0.00000     0.00000     0.00789     0.00157     0.00000     0.00000
     2.79500    -0.03651    -0.03712     0.00000     0.00000     0.00787     0.00156     0.00000     0.00000
     2.80000    -0.03636    -0.03699     0.00000     0.00000     0.00785     0.00156     0.00000     0.00000
     2.80500    -0.03622    -0.03685     0.00000     0.00000     0.00783     0.00155     0.00000     0.00000
     2.81000    -0.03607    -0.03672     0.00000     0.00000     0.00781     0.00154     0.00000     0.00000
     2.81500    -0.03593    -0.03658     0.00000     0.00000     0.00779     0.00154     0.00000     0.00000
     2.82000    -0.03578    -0.03645     0.00000     0.00000     0.00777     0.00153     0.00000     0.00000
     2.82500    -0.03564    -0.03632     0.00000     0.00000     0.00775     0.00152     0.00000     0.00000
     2.83000    -0.03549    -0.03619     0.00000     0.00000     0.00773     0.00152     0.00000     0.00000
     2.83500    -0.03535    -0.03605     0.00000     0.00000     0.00771     0.00151     0.00000     0.00000
     2.84000    -0.03521    -0.03592     0.00000     0.00000     0.00769     0.00150     0.00000     0.00000
     2.84500    -0.03507    -0.03579     0.00000     0.00000     0.00767     0.00150     0.00000     0.00000
     2.85000    -0.03492    -0.03566     0.00000     0.00000     0.00765     0.00149     0.00000     0.00000
     2.85500    -0.03478    -0.03553     0.00000     0.00000     0.00763     0.00148     0.00000     0.00000
     2.86000    -0.03464    -0.03540     0.00000     0.00000     0.00761     0.00148     0.00000     0.00000
     2.86500    -0.03450    -0.03527     0.00000     0.00000     0.00759     0.00147     0.00000     0.00000
     2.87000    -0.03437    -0.03514     0.00000     0.00000     0.00757     0.00146     0.00000     0.00000
     2.87500    -0.03423    -0.03501     0.00000     0.00000     0.00755     0.00146     0.00000     0.00000
     2.88000    -0.03409    -0.03489     0.00000     0.00000     0.00753     0.00145     0.00000     0.00000
     2.88500    -0.03395    -0.03476     0.00000     0.00000     0.00751     0.00145     0.00000     0.00000
     2.89000    -0.03382    -0.03463     0.00000     0.00000     0.00749     0.00144     0.00000     0.00000
     2.89500    -0.03368    -0.03451     0.00000     0.00000     0.00747     0.00143     0.00000     0.00000
     2.90000    -0.03354    -0.03438     0.00000     0.00000     0.00745     0.00143     0.00000     0.00000
     2.90500    -0.03341    -0.03425     0.00000     0.00000     0.00743     0.00142     0.00000     0.00000
     2.91000    -0.03327    -0.03413     0.00000     0.00000     0.00741     0.00141     0.00000     0.00000
     2.91500    -0.03314    -0.03400     0.00000     0.00000     0.00739     0.00141     0.00000     0.00000
     2.92000    -0.03301    -0.03388     0.00000     0.00000     0.00737     0.00140     0.00000     0.00000
     2.92500    -0.03287    -0.03376     0.00000     0.00000     0.00736     0.00140     0.00000     0.00000
     2.93000    -0.03274    -0.03363     0.00000     0.00000     0.00734     0.00139     0.00000     0.00000
     2.93500    -0.03261    -0.03351     0.00000     0.00000     0.00732     0.00139     0.00000     0.00000
     2.94000    -0.03248    -0.03339     0.00000     0.00000     0.00730     0.00138     0.00000     0.00000
     2.94500    -0.03235    -0.03326     0.00000     0.00000     0.00728     0.00137     0.00000     0.00000
     2.95000    -0.03222    -0.03314     0.00000     0.00000     0.00726     0.00137     0.00000     0.00000
     2.95500    -0.03209    -0.03302     0.00000     0.00000     0.00724     0.00136     0.00000     0.00000
     2.96000    -0.03196    -0.03290     0.00000     0.00000     0.00723     0.00136     0.00000     0.00000
     2.96500    -0.03183    -0.03278     0.00000     0.00000     0.00721     0.00135     0.00000     0.00000
     2.97000    -0.03170    -0.03266     0.00000     0.00000     0.00719     0.00134     0.00000     0.00000
     2.97500    -0.03158    -0.03254     0.00000     0.00000     0.00717     0.00134     0.00000     0.00000
     2.98000    -0.03145    -0.03242     0.00000     0.00000     0.00715     0.00133     0.00000     0.00000
     2.98500    -0.03132    -0.03230     0.00000     0.00000     0.00714     0.00133     0.00000     0.00000
     2.99000    -0.03120    -0.03219     0.00000     0.00000     0.00712     0.00132     0.00000     0.00000
     2.99500    -0.03107    -0.03207     0.00000     0.00000     0.00710     0.00132     0.00000     0.00000
     3.00000    -0.03095    -0.03195     0.00000     0.00000     0.00708     0.00131     0.00000     0.00000
     3.00500    -0.03082    -0.03183     0.00000     0.00000     0.00706     0.00131     0.00000     0.00000
     3.01000    -0.03070    -0.03172     0.00000     0.00000     0.00705     0.00130     0.00000     0.00000
     3.01500    -0.03057    -0.03160     0.00000     0.00000     0.00703     0.00130     0.00000     0.00000
     3.02000    -0.03045    -0.03148     0.00000     0.00000     0.00701     0.00129     0.00000     0.00000
     3.02500    -0.03033    -0.03137     0.00000     0.00000     0.00699     0.00128     0.00000     0.00000
     3.03000    -0.03021    -0.03125     0.00000     0.00000     0.00698     0.00128     0.00000     0.00000
     3.03500    -0.03009    -0.03114     0.00000     0.00000     0.00696     0.00127     0.00000     0.00000
     3.04000    -0.02996    -0.03103     0.00000     0.00000     0.00694     0.00127     0.00000     0.00000
     3.04500    -0.02984    -0.03091     0.00000     0.00000     0.00693     0.00126     0.00000     0.00000
     3.05000    -0.02972    -0.03080     0.00000     0.00000     0.00691     0.00126     0.00000     0.00000
     3.05500    -0.02960    -0.03069     0.00000     0.00000     0.00689     0.00125     0.00000     0.00000
     3.06000    -0.02949    -0.03057     0.00000     0.00000     0.00687     0.00125     0.00000     0.00000
     3.06500    -0.02937    -0.03046     0.00000     0.00000     0.00686     0.00124     0.00000     0.00000
     3.07000    -0.02925    -0.03035     0.00000     0.00000     0.00684     0.00124     0.00000     0.00000
     3.07500    -0.02913    -0.03024     0.00000     0.00000     0.00682     0.00123     0.00000     0.00000
     3.08000    -0.02901    -0.03013     0.00000     0.00000     0.00681     0.00123     0.00000     0.00000
     3.08500    -0.02890    -0.03002     0.00000     0.00000     0.00679     0.00122     0.00000     0.00000
     3.09000    -0.02878    -0.02991     0.00000     0.00000     0.00677     0.00122     0.00000     0.00000
     3.09500    -0.02867    -0.02980     0.00000     0.00000     0.00676     0.00121     0.00000     0.00000
     3.10000    -0.02855    -0.02969     0.00000     0.00000     0.00674     0.00121     0.00000     0.00000
     3.10500    -0.02844    -0.02958     0.00000     0.00000     0.00672     0.00120     0.00000     0.00000
     3.11000    -0.02832    -0.02947     0.00000     0.00000     0.00671     0.00120     0.00000     0.00000
     3.11500    -0.02821    -0.02936     0.00000     0.00000     0.00669     0.00119     0.00000     0.00000
     3.12000    -0.02810    -0.02926     0.00000     0.00000     0.00668     0.00119     0.00000     0.00000
     3.12500    -0.02798    -0.02915     0.00000     0.00000     0.00666     0.00118     0.00000     0.00000
     3.13000    -0.02787    -0.02904     0.00000     0.00000     0.00664     0.00118     0.00000     0.00000
     3.13500    -0.02776    -0.02893     0.00000     0.00000     0.00663     0.00117     0.00000     0.00000
     3.14000    -0.02765    -0.02883     0.00000     0.00000     0.00661     0.00117     0.00000     0.00000
     3.14500    -0.02754    -0.02872     0.00000     0.00000     0.00660     0.00117     0.00000     0.00000
     3.15000    -0.02743    -0.02862     0.00000     0.00000     0.00658     0.00116     0.00000     0.00000
     3.15500    -0.02732    -0.02851     0.00000     0.00000     0.00656     0.00116     0.00000     0.00000
     3.16000    -0.02721    -0.02841     0.00000     0.00000     0.00655     0.00115     0.00000     0.00000
     3.16500    -0.02710    -0.02830     0.00000     0.00000     0.00653     0.00115     0.00000     0.00000
     3.17000    -0.02699    -0.02820     0.00000     0.00000     0.00652     0.00114     0.00000     0.00000
     3.17500    -0.02688    -0.02810     0.00000     0.00000     0.00650     0.00114     0.00000     0.00000
     3.18000    -0.02677    -0.02799     0.00000     0.00000     0.00649     0.00113     0.00000     0.00000
     3.18500    -0.02666    -0.02789     0.00000     0.00000     0.00647     0.00113     0.00000     0.00000
     3.19000    -0.02656    -0.02779     0.00000     0.00000     0.00645     0.00112     0.00000     0.00000
     3.19500    -0.02645    -0.02768     0.00000     0.00000     0.00644     0.00112     0.00000     0.00000
     3.20000    -0.02634    -0.02758     0.00000     0.00000     0.00642     0.00112     0.00000     0.00000
     3.20500    -0.02624    -0.02748     0.00000     0.00000     0.00641     0.00111     0.00000     0.00000
     3.21000    -0.02613    -0.02738     0.00000     0.00000     0.00639     0.00111     0.00000     0.00000
     3.21500    -0.02603    -0.02728     0.00000     0.00000     0.00638     0.00110     0.00000     0.00000
     3.22000    -0.02592    -0.02718     0.00000     0.00000     0.00636     0.00110     0.00000     0.00000
     3.22500    -0.02582    -0.02708     0.00000     0.00000     0.00635     0.00109     0.00000     0.00000
     3.23000    -0.02572    -0.02698     0.00000     0.00000     0.00633     0.00109     0.00000     0.00000
     3.23500    -0.02561    -0.02688     0.00000     0.00000     0.00632     0.00109     0.00000     0.00000
     3.24000    -0.02551    -0.02678     0.00000     0.00000     0.00630     0.00108     0.00000     0.00000
     3.24500    -0.02541    -0.02668     0.00000     0.00000     0.00629     0.00108     0.00000     0.00000
     3.25000    -0.02531    -0.02659     0.00000     0.00000     0.00627     0.00107     0.00000     0.00000
     3.25500    -0.02521    -0.02649     0.00000     0.00000     0.00626     0.00107     0.00000     0.00000
     3.26000    -0.02510    -0.02639     0.00000     0.00000     0.00624     0.00106     0.00000     0.00000
     3.26500    -0.02500    -0.02629     0.00000     0.00000     0.00623     0.00106     0.00000     0.00000
     3.27000    -0.02490    -0.02620     0.00000     0.00000     0.00622     0.00106     0.00000     0.00000
     3.27500    -0.02480    -0.02610     0.00000     0.00000     0.00620     0.00105     0.00000     0.00000
     3.28000    -0.02470    -0.02600     0.00000     0.00000     0.00619     0.00105     0.00000     0.00000
     3.28500    -0.02461    -0.02591     0.00000     0.00000     0.00617     0.00104     0.00000     0.00000
     3.29000    -0.02451    -0.02581     0.00000     0.00000     0.00616     0.00104     0.00000     0.00000
     3.29500    -0.02441    -0.02572     0.00000     0.00000     0.00614     0.00104     0.00000     0.00000
     3.30000    -0.02431    -0.02562     0.00000     0.00000     0.00613     0.00103     0.00000     0.00000
     3.30500    -0.02421    -0.02553     0.00000     0.00000     0.00611     0.00103     0.00000     0.00000
     3.31000    -0.02412    -0.02543     0.00000     0.00000     0.00610     0.00102     0.00000     0.00000
     3.31500    -0.02402    -0.02534     0.00000     0.00000     0.00609     0.00102     0.00000     0.00000
     3.32000    -0.02392    -0.02525     0.00000     0.00000     0.00607     0.00102     0.00000     0.00000
     3.32500    -0.02383    -0.02515     0.00000     0.00000     0.00606     0.00101     0.00000     0.00000
     3.33000    -0.02373    -0.02506     0.00000     0.00000     0.00604     0.00101     0.00000     0.00000
     3.33500    -0.02364    -0.02497     0.00000     0.00000     0.00603     0.00101     0.00000     0.00000
     3.34000    -0.02354    -0.02488     0.00000     0.00000     0.00602     0.00100     0.00000     0.00000
     3.34500    -0.02345    -0.02479     0.00000     0.00000     0.00600     0.00100     0.00000     0.00000
     3.35000    -0.02335    -0.02469     0.00000     0.00000     0.00599     0.00099     0.00000     0.00000
     3.35500    -0.02326    -0.02460     0.00000     0.00000     0.00598     0.00099     0.00000     0.00000
     3.36000    -0.02317    -0.02451     0.00000     0.00000     0.00596     0.00099     0.00000     0.00000
     3.36500    -0.02307    -0.02442     0.00000     0.00000     0.00595     0.00098     0.00000     0.00000
     3.37000    -0.02298    -0.02433     0.00000     0.00000     0.00593     0.00098     0.00000     0.00000
     3.37500    -0.02289    -0.02424     0.00000     0.00000     0.00592     0.00098     0.00000     0.00000
     3.38000    -0.02280    -0.02415     0.00000     0.00000     0.00591     0.00097     0.00000     0.00000
     3.38500    -0.02271    -0.02406     0.00000     0.00000     0.00589     0.00097     0.00000     0.00000
     3.39000    -0.02262    -0.02398     0.00000     0.00000     0.00588     0.00096     0.00000     0.00000
     3.39500    -0.02253    -0.02389     0.00000     0.00000     0.00587     0.00096     0.00000     0.00000
     3.40000    -0.02244    -0.02380     0.00000     0.00000     0.00585     0.00096     0.00000     0.00000
     3.40500    -0.02235    -0.02371     0.00000     0.00000     0.00584     0.00095     0.00000     0.00000
     3.41000    -0.02226    -0.02362     0.00000     0.00000     0.00583     0.00095     0.00000     0.00000
     3.41500    -0.02217    -0.02354     0.00000     0.00000     0.00581     0.00095     0.00000     0.00000
     3.42000    -0.02208    -0.02345     0.00000     0.00000     0.00580     0.00094     0.00000     0.00000
     3.42500    -0.02199    -0.02336     0.00000     0.00000     0.00579     0.00094     0.00000     0.00000
     3.43000    -0.02190    -0.02328     0.00000     0.00000     0.00577     0.00094     0.00000     0.00000
     3.43500    -0.02181    -0.02319     0.00000     0.00000     0.00576     0.00093     0.00000     0.00000
     3.44000    -0.02173    -0.02311     0.00000     0.00000     0.00575     0.00093     0.00000     0.00000
     3.44500    -0.02164    -0.02302     0.00000     0.00000     0.00574     0.00093     0.00000     0.00000
     3.45000    -0.02155    -0.02294     0.00000     0.00000     0.00572     0.00092     0.00000     0.00000
     3.45500    -0.02147    -0.02285     0.00000     0.00000     0.00571     0.00092     0.00000     0.00000
     3.46000    -0.02138    -0.02277     0.00000     0.00000     0.00570     0.00092     0.00000     0.00000
     3.46500    -0.02130    -0.02268     0.00000     0.00000     0.00568     0.00091     0.00000     0.00000
     3.47000    -0.02121    -0.02260     0.00000     0.00000     0.00567     0.00091     0.00000     0.00000
     3.47500    -0.02113    -0.02252     0.00000     0.00000     0.00566     0.00091     0.00000     0.00000
     3.48000    -0.02104    -0.02243     0.00000     0.00000     0.00565     0.00090     0.00000     0.00000
     3.48500    -0.02096    -0.02235     0.00000     0.00000     0.00563     0.00090     0.00000     0.00000
     3.49000    -0.02087    -0.02227     0.00000     0.00000     0.00562     0.00090     0.00000     0.00000
     3.49500    -0.02079    -0.02219     0.00000     0.00000     0.00561     0.00089     0.00000     0.00000
     3.50000    -0.02071    -0.02210     0.00000     0.00000     0.00560     0.00089     0.00000     0.00000
     3.50500    -0.02062    -0.02202     0.00000     0.00000     0.00558     0.00089     0.00000     0.00000
     3.51000    -0.02054    -0.02194     0.00000     0.00000     0.00557     0.00088     0.00000     0.00000
     3.51500    -0.02046    -0.02186     0.00000     0.00000     0.00556     0.00088     0.00000     0.00000
     3.52000    -0.02038    -0.02178     0.00000     0.00000     0.00555     0.00088     0.00000     0.00000
     3.52500    -0.02030    -0.02170     0.00000     0.00000     0.00553     0.00087     0.00000     0.00000
     3.53000    -0.02021    -0.02162     0.00000     0.00000     0.00552     0.00087     0.00000     0.00000
     3.53500    -0.02013    -0.02154     0.00000     0.00000     0.00551     0.00087     0.00000     0.00000
     3.54000    -0.02005    -0.02146     0.00000     0.00000     0.00550     0.00086     0.00000     0.00000
     3.54500    -0.01997    -0.02138     0.00000     0.00000     0.00549     0.00086     0.00000     0.00000
     3.55000    -0.01989    -0.02130     0.00000     0.00000     0.00547     0.00086     0.00000     0.00000
     3.55500    -0.01981    -0.02122     0.00000     0.00000     0.00546     0.00085     0.00000     0.00000
     3.56000    -0.01973    -0.02114     0.00000     0.00000     0.00545     0.00085     0.00000     0.00000
     3.56500    -0.01966    -0.02107     0.00000     0.00000     0.00544     0.00085     0.00000     0.00000
     3.57000    -0.01958    -0.02099     0.00000     0.00000     0.00543     0.00085     0.00000     0.00000
     3.57500    -0.01950    -0.02091     0.00000     0.00000     0.00541     0.00084     0.00000     0.00000
     3.58000    -0.01942    -0.02083     0.00000     0.00000     0.00540     0.00084     0.00000     0.00000
     3.58500    -0.01934    -0.02076     0.00000     0.00000     0.00539     0.00084     0.00000     0.00000
     3.59000    -0.01927    -0.02068     0.00000     0.00000     0.00538     0.00083     0.00000     0.00000
     3.59500    -0.01919    -0.02060     0.00000     0.00000     0.00537     0.00083     0.00000     0.00000
     3.60000    -0.01911    -0.02053     0.00000     0.00000     0.00536     0.00083     0.00000     0.00000
     3.60500    -0.01904    -0.02045     0.00000     0.00000     0.00534     0.00082     0.00000     0.00000
     3.61000    -0.01896    -0.02037     0.00000     0.00000     0.00533     0.00082     0.00000     0.00000
     3.61500    -0.01888    -0.02030     0.00000     0.00000     0.00532     0.00082     0.00000     0.00000
     3.62000    -0.01881    -0.02022     0.00000     0.00000     0.00531     0.00082     0.00000     0.00000
     3.62500    -0.01873    -0.02015     0.00000     0.00000     0.00530     0.00081     0.00000     0.00000
     3.63000    -0.01866    -0.02007     0.00000     0.00000     0.00529     0.00081     0.00000     0.00000
     3.63500    -0.01858    -0.02000     0.00000     0.00000     0.00527     0.00081     0.00000     0.00000
     3.64000    -0.01851    -0.01993     0.00000     0.00000     0.00526     0.00080     0.00000     0.00000
     3.64500    -0.01844    -0.01985     0.00000     0.00000     0.00525     0.00080     0.00000     0.00000
     3.65000    -0.01836    -0.01978     0.00000     0.00000     0.00524     0.00080     0.00000     0.00000
     3.65500    -0.01829    -0.01971     0.00000     0.00000     0.00523     0.00080     0.00000     0.00000
     3.66000    -0.01822    -0.01963     0.00000     0.00000     0.00522     0.00079     0.00000     0.00000
     3.66500    -0.01814    -0.01956     0.00000     0.00000     0.00521     0.00079     0.00000     0.00000
     3.67000    -0.01807    -0.01949     0.00000     0.00000     0.00520     0.00079     0.00000     0.00000
     3.67500    -0.01800    -0.01942     0.00000     0.00000     0.00519     0.00078     0.00000     0.00000
     3.68000    -0.01793    -0.01934     0.00000     0.00000     0.00517     0.00078     0.00000     0.00000
     3.68500    -0.01785    -0.01927     0.00000     0.00000     0.00516     0.00078     0.00000     0.00000
     3.69000    -0.01778    -0.01920     0.00000     0.00000     0.00515     0.00078     0.00000     0.00000
     3.69500    -0.01771    -0.01913     0.00000     0.00000     0.00514     0.00077     0.00000     0.00000
     3.70000    -0.01764    -0.01906     0.00000     0.00000     0.00513     0.00077     0.00000     0.00000
     3.70500    -0.01757    -0.01899     0.00000     0.00000     0.00512     0.00077     0.00000     0.00000
     3.71000    -0.01750    -0.01892     0.00000     0.00000     0.00511     0.00077     0.00000     0.00000
     3.71500    -0.01743    -0.01885     0.00000     0.00000     0.00510     0.00076     0.00000     0.00000
     3.72000    -0.01736    -0.01878     0.00000     0.00000     0.00509     0.00076     0.00000     0.00000
     3.72500    -0.01729    -0.01871     0.00000     0.00000     0.00508     0.00076     0.00000     0.00000
     3.73000    -0.01722    -0.01864     0.00000     0.00000     0.00507     0.00076     0.00000     0.00000
     3.73500    -0.01715    -0.01857     0.00000     0.00000     0.00505     0.00075     0.00000     0.00000
     3.74000    -0.01709    -0.01850     0.00000     0.00000     0.00504     0.00075     0.00000     0.00000
     3.74500    -0.01702    -0.01843     0.00000     0.00000     0.00503     0.00075     0.00000     0.00000
     3.75000    -0.01695    -0.01836     0.00000     0.00000     0.00502     0.00074     0.00000     0.00000
     3.75500    -0.01688    -0.01830     0.00000     0.00000     0.00501     0.00074     0.00000     0.00000
     3.76000    -0.01681    -0.01823     0.00000     0.00000     0.00500     0.00074     0.00000     0.00000
     3.76500    -0.01675    -0.01816     0.00000     0.00000     0.00499     0.00074     0.00000     0.00000
     3.77000    -0.01668    -0.01809     0.00000     0.00000     0.00498     0.00073     0.00000     0.00000
     3.77500    -0.01661    -0.01803     0.00000     0.00000     0.00497     0.00073     0.00000     0.00000
     3.78000    -0.01655    -0.01796     0.00000     0.00000     0.00496     0.00073     0.00000     0.00000
     3.78500    -0.01648    -0.01789     0.00000     0.00000     0.00495     0.00073     0.00000     0.00000
     3.79000    -0.01642    -0.01783     0.00000     0.00000     0.00494     0.00072     0.00000     0.00000
     3.79500    -0.01635    -0.01776     0.00000     0.00000     0.00493     0.00072     0.00000     0.00000
     3.80000    -0.01628    -0.01770     0.00000     0.00000     0.00492     0.00072     0.00000     0.00000
     3.80500    -0.01622    -0.01763     0.00000     0.00000     0.00491     0.00072     0.00000     0.00000
     3.81000    -0.01615    -0.01756     0.00000     0.00000     0.00490     0.00072     0.00000     0.00000
     3.81500    -0.01609    -0.01750     0.00000     0.00000     0.00489     0.00071     0.00000     0.00000
     3.82000    -0.01603    -0.01743     0.00000     0.00000     0.00488     0.00071     0.00000     0.00000
     3.82500    -0.01596    -0.01737     0.00000     0.00000     0.00487     0.00071     0.00000     0.00000
     3.83000    -0.01590    -0.01731     0.00000     0.00000     0.00486     0.00071     0.00000     0.00000
     3.83500    -0.01583    -0.01724     0.00000     0.00000     0.00485     0.00070     0.00000     0.00000
     3.84000    -0.01577    -0.01718     0.00000     0.00000     0.00484     0.00070     0.00000     0.00000
     3.84500    -0.01571    -0.01711     0.00000     0.00000     0.00483     0.00070     0.00000     0.00000
     3.85000    -0.01565    -0.01705     0.00000     0.00000     0.00482     0.00070     0.00000     0.00000
     3.85500    -0.01558    -0.01699     0.00000     0.00000     0.00481     0.00069     0.00000     0.00000
     3.86000    -0.01552    -0.01692     0.00000     0.00000     0.00480     0.00069     0.00000     0.00000
     3.86500    -0.01546    -0.01686     0.00000     0.00000     0.00479     0.00069     0.00000     0.00000
     3.87000    -0.01540    -0.01680     0.00000     0.00000     0.00478     0.00069     0.00000     0.00000
     3.87500    -0.01534    -0.01674     0.00000     0.00000     0.00477     0.00068     0.00000     0.00000
     3.88000    -0.01528    -0.01667     0.00000     0.00000     0.00476     0.00068     0.00000     0.00000
     3.88500    -0.01521    -0.01661     0.00000     0.00000     0.00475     0.00068     0.00000     0.00000
     3.89000    -0.01515    -0.01655     0.00000     0.00000     0.00474     0.00068     0.00000     0.00000
     3.89500    -0.01509    -0.01649     0.00000     0.00000     0.00473     0.00068     0.00000     0.00000
     3.90000    -0.01503    -0.01643     0.00000     0.00000     0.00472     0.00067     0.00000     0.00000
     3.90500    -0.01497    -0.01637     0.00000     0.00000     0.00471     0.00067     0.00000     0.00000
     3.91000    -0.01491    -0.01631     0.00000     0.00000     0.00470     0.00067     0.00000     0.00000
     3.91500    -0.01485    -0.01625     0.00000     0.00000     0.00469     0.00067     0.00000     0.00000
     3.92000    -0.01479    -0.01618     0.00000     0.00000     0.00468     0.00066     0.00000     0.00000
     3.92500    -0.01474    -0.01612     0.00000     0.00000     0.00467     0.00066     0.00000     0.00000
     3.93000    -0.01468    -0.01606     0.00000     0.00000     0.00466     0.00066     0.00000     0.00000
     3.93500    -0.01462    -0.01601     0.00000     0.00000     0.00465     0.00066     0.00000     0.00000
     3.94000    -0.01456    -0.01595     0.00000     0.00000     0.00464     0.00066     0.00000     0.00000
     3.94500    -0.01450    -0.01589     0.00000     0.00000     0.00463     0.00065     0.00000     0.00000
     3.95000    -0.01444    -0.01583     0.00000     0.00000     0.00462     0.00065     0.00000     0.00000
     3.95500    -0.01439    -0.01577     0.00000     0.00000     0.00462     0.00065     0.00000     0.00000
     3.96000    -0.01433    -0.01571     0.00000     0.00000     0.00461     0.00065     0.00000     0.00000
     3.96500    -0.01427    -0.01565     0.00000     0.00000     0.00460     0.00065     0.00000     0.00000
     3.97000    -0.01422    -0.01559     0.00000     0.00000     0.00459     0.00064     0.00000     0.00000
     3.97500    -0.01416    -0.01554     0.00000     0.00000     0.00458     0.00064     0.00000     0.00000
     3.98000    -0.01410    -0.01548     0.00000     0.00000     0.00457     0.00064     0.00000     0.00000
     3.98500    -0.01405    -0.01542     0.00000     0.00000     0.00456     0.00064     0.00000     0.00000
     3.99000    -0.01399    -0.01536     0.00000     0.00000     0.00455     0.00063     0.00000     0.00000
     3.99500    -0.01393    -0.01531     0.00000     0.00000     0.00454     0.00063     0.00000     0.00000
     4.00000    -0.01388    -0.01525     0.00000     0.00000     0.00453     0.00063     0.00000     0.00000
