 # S31_1620 FF
     0.00000     1.05925     0.40241     0.00000     0.00000     0.00000     0.00000     0.00000     0.00000
     0.00500     1.04103     0.39547     0.00000     0.00000     0.00000     0.00000     0.00000     0.00000
     0.01000     1.02316     0.38866     0.00000     0.00000     0.00000     0.00000     0.00000     0.00000
     0.01500     1.00563     0.38197     0.00000     0.00000     0.00000     0.00000     0.00000     0.00000
     0.02000     0.98843     0.37542     0.00000     0.00000     0.00000     0.00000     0.00000     0.00000
     0.02500     0.97156     0.36899     0.00000     0.00000     0.00000     0.00000     0.00000     0.00000
     0.03000     0.95500     0.36268     0.00000     0.00000     0.00000     0.00000     0.00000     0.00000
     0.03500     0.93876     0.35649     0.00000     0.00000     0.00000     0.00000     0.00000     0.00000
     0.04000     0.92282     0.35041     0.00000     0.00000     0.00000     0.00000     0.00000     0.00000
     0.04500     0.90717     0.34445     0.00000     0.00000     0.00000     0.00000     0.00000     0.00000
     0.05000     0.89181     0.33859     0.00000     0.00000     0.00000     0.00000     0.00000     0.00000
     0.05500     0.87674     0.33285     0.00000     0.00000     0.00000     0.00000     0.00000     0.00000
     0.06000     0.86195     0.32721     0.00000     0.00000     0.00000     0.00000     0.00000     0.00000
     0.06500     0.84742     0.32168     0.00000     0.00000     0.00000     0.00000     0.00000     0.00000
     0.07000     0.83317     0.31625     0.00000     0.00000     0.00000     0.00000     0.00000     0.00000
     0.07500     0.81917     0.31091     0.00000     0.00000     0.00000     0.00000     0.00000     0.00000
     0.08000     0.80543     0.30568     0.00000     0.00000     0.00000     0.00000     0.00000     0.00000
     0.08500     0.79193     0.30054     0.00000     0.00000     0.00000     0.00000     0.00000     0.00000
     0.09000     0.77869     0.29549     0.00000     0.00000     0.00000     0.00000     0.00000     0.00000
     0.09500     0.76568     0.29053     0.00000     0.00000     0.00000     0.00000     0.00000     0.00000
     0.10000     0.75290     0.28567     0.00000     0.00000     0.00000     0.00000     0.00000     0.00000
     0.10500     0.74035     0.28089     0.00000     0.00000     0.00000     0.00000     0.00000     0.00000
     0.11000     0.72803     0.27619     0.00000     0.00000     0.00000     0.00000     0.00000     0.00000
     0.11500     0.71593     0.27158     0.00000     0.00000     0.00000     0.00000     0.00000     0.00000
     0.12000     0.70404     0.26705     0.00000     0.00000     0.00000     0.00000     0.00000     0.00000
     0.12500     0.69237     0.26261     0.00000     0.00000     0.00000     0.00000     0.00000     0.00000
     0.13000     0.68090     0.25824     0.00000     0.00000     0.00000     0.00000     0.00000     0.00000
     0.13500     0.66963     0.25395     0.00000     0.00000     0.00000     0.00000     0.00000     0.00000
     0.14000     0.65857     0.24973     0.00000     0.00000     0.00000     0.00000     0.00000     0.00000
     0.14500     0.64769     0.24559     0.00000     0.00000     0.00000     0.00000     0.00000     0.00000
     0.15000     0.63701     0.24153     0.00000     0.00000     0.00000     0.00000     0.00000     0.00000
     0.15500     0.62652     0.23753     0.00000     0.00000     0.00000     0.00000     0.00000     0.00000
     0.16000     0.61621     0.23360     0.00000     0.00000     0.00000     0.00000     0.00000     0.00000
     0.16500     0.60608     0.22975     0.00000     0.00000     0.00000     0.00000     0.00000     0.00000
     0.17000     0.59612     0.22596     0.00000     0.00000     0.00000     0.00000     0.00000     0.00000
     0.17500     0.58634     0.22223     0.00000     0.00000     0.00000     0.00000     0.00000     0.00000
     0.18000     0.57673     0.21857     0.00000     0.00000     0.00000     0.00000     0.00000     0.00000
     0.18500     0.56729     0.21498     0.00000     0.00000     0.00000     0.00000     0.00000     0.00000
     0.19000     0.55800     0.21144     0.00000     0.00000     0.00000     0.00000     0.00000     0.00000
     0.19500     0.54888     0.20797     0.00000     0.00000     0.00000     0.00000     0.00000     0.00000
     0.20000     0.53992     0.20456     0.00000     0.00000     0.00000     0.00000     0.00000     0.00000
     0.20500     0.53111     0.20121     0.00000     0.00000     0.00000     0.00000     0.00000     0.00000
     0.21000     0.52245     0.19791     0.00000     0.00000     0.00000     0.00000     0.00000     0.00000
     0.21500     0.51394     0.19467     0.00000     0.00000     0.00000     0.00000     0.00000     0.00000
     0.22000     0.50557     0.19149     0.00000     0.00000     0.00000     0.00000     0.00000     0.00000
     0.22500     0.49735     0.18836     0.00000     0.00000     0.00000     0.00000     0.00000     0.00000
     0.23000     0.48927     0.18528     0.00000     0.00000     0.00000     0.00000     0.00000     0.00000
     0.23500     0.48132     0.18226     0.00000     0.00000     0.00000     0.00000     0.00000     0.00000
     0.24000     0.47352     0.17929     0.00000     0.00000     0.00000     0.00000     0.00000     0.00000
     0.24500     0.46584     0.17637     0.00000     0.00000     0.00000     0.00000     0.00000     0.00000
     0.25000     0.45829     0.17349     0.00000     0.00000     0.00000     0.00000     0.00000     0.00000
     0.25500     0.45087     0.17067     0.00000     0.00000     0.00000     0.00000     0.00000     0.00000
     0.26000     0.44358     0.16790     0.00000     0.00000     0.00000     0.00000     0.00000     0.00000
     0.26500     0.43641     0.16517     0.00000     0.00000     0.00000     0.00000     0.00000     0.00000
     0.27000     0.42936     0.16249     0.00000     0.00000     0.00000     0.00000     0.00000     0.00000
     0.27500     0.42243     0.15985     0.00000     0.00000     0.00000     0.00000     0.00000     0.00000
     0.28000     0.41561     0.15726     0.00000     0.00000     0.00000     0.00000     0.00000     0.00000
     0.28500     0.40891     0.15471     0.00000     0.00000     0.00000     0.00000     0.00000     0.00000
     0.29000     0.40233     0.15221     0.00000     0.00000     0.00000     0.00000     0.00000     0.00000
     0.29500     0.39585     0.14974     0.00000     0.00000     0.00000     0.00000     0.00000     0.00000
     0.30000     0.38948     0.14732     0.00000     0.00000     0.00000     0.00000     0.00000     0.00000
     0.30500     0.38322     0.14494     0.00000     0.00000     0.00000     0.00000     0.00000     0.00000
     0.31000     0.37706     0.14260     0.00000     0.00000     0.00000     0.00000     0.00000     0.00000
     0.31500     0.37100     0.14029     0.00000     0.00000     0.00000     0.00000     0.00000     0.00000
     0.32000     0.36505     0.13803     0.00000     0.00000     0.00000     0.00000     0.00000     0.00000
     0.32500     0.35919     0.13580     0.00000     0.00000     0.00000     0.00000     0.00000     0.00000
     0.33000     0.35344     0.13362     0.00000     0.00000     0.00000     0.00000     0.00000     0.00000
     0.33500     0.34777     0.13146     0.00000     0.00000     0.00000     0.00000     0.00000     0.00000
     0.34000     0.34220     0.12935     0.00000     0.00000     0.00000     0.00000     0.00000     0.00000
     0.34500     0.33673     0.12726     0.00000     0.00000     0.00000     0.00000     0.00000     0.00000
     0.35000     0.33134     0.12522     0.00000     0.00000     0.00000     0.00000     0.00000     0.00000
     0.35500     0.32604     0.12320     0.00000     0.00000     0.00000     0.00000     0.00000     0.00000
     0.36000     0.32083     0.12122     0.00000     0.00000     0.00000     0.00000     0.00000     0.00000
     0.36500     0.31571     0.11928     0.00000     0.00000     0.00000     0.00000     0.00000     0.00000
     0.37000     0.31067     0.11736     0.00000     0.00000     0.00000     0.00000     0.00000     0.00000
     0.37500     0.30571     0.11548     0.00000     0.00000     0.00000     0.00000     0.00000     0.00000
     0.38000     0.30084     0.11363     0.00000     0.00000     0.00000     0.00000     0.00000     0.00000
     0.38500     0.29604     0.11180     0.00000     0.00000     0.00000     0.00000     0.00000     0.00000
     0.39000     0.29133     0.11001     0.00000     0.00000     0.00000     0.00000     0.00000     0.00000
     0.39500     0.28669     0.10825     0.00000     0.00000     0.00000     0.00000     0.00000     0.00000
     0.40000     0.28213     0.10652     0.00000     0.00000     0.00000     0.00000     0.00000     0.00000
     0.40500     0.27764     0.10481     0.00000     0.00000     0.00000     0.00000     0.00000     0.00000
     0.41000     0.27322     0.10314     0.00000     0.00000     0.00000     0.00000     0.00000     0.00000
     0.41500     0.26888     0.10149     0.00000     0.00000     0.00000     0.00000     0.00000     0.00000
     0.42000     0.26461     0.09986     0.00000     0.00000     0.00000     0.00000     0.00000     0.00000
     0.42500     0.26041     0.09827     0.00000     0.00000     0.00000     0.00000     0.00000     0.00000
     0.43000     0.25627     0.09670     0.00000     0.00000     0.00000     0.00000     0.00000     0.00000
     0.43500     0.25221     0.09516     0.00000     0.00000     0.00000     0.00000     0.00000     0.00000
     0.44000     0.24821     0.09364     0.00000     0.00000     0.00000     0.00000     0.00000     0.00000
     0.44500     0.24427     0.09214     0.00000     0.00000     0.00000     0.00000     0.00000     0.00000
     0.45000     0.24040     0.09067     0.00000     0.00000     0.00000     0.00000     0.00000     0.00000
     0.45500     0.23660     0.08923     0.00000     0.00000     0.00000     0.00000     0.00000     0.00000
     0.46000     0.23285     0.08781     0.00000     0.00000     0.00000     0.00000     0.00000     0.00000
     0.46500     0.22916     0.08641     0.00000     0.00000     0.00000     0.00000     0.00000     0.00000
     0.47000     0.22554     0.08503     0.00000     0.00000     0.00000     0.00000     0.00000     0.00000
     0.47500     0.22197     0.08368     0.00000     0.00000     0.00000     0.00000     0.00000     0.00000
     0.48000     0.21846     0.08235     0.00000     0.00000     0.00000     0.00000     0.00000     0.00000
     0.48500     0.21501     0.08104     0.00000     0.00000     0.00000     0.00000     0.00000     0.00000
     0.49000     0.21161     0.07975     0.00000     0.00000     0.00000     0.00000     0.00000     0.00000
     0.49500     0.20827     0.07848     0.00000     0.00000     0.00000     0.00000     0.00000     0.00000
     0.50000     0.20498     0.07723     0.00000     0.00000     0.00000     0.00000     0.00000     0.00000
     0.50500     0.20175     0.07601     0.00000     0.00000     0.00000     0.00000     0.00000     0.00000
     0.51000     0.19857     0.07480     0.00000     0.00000     0.00000     0.00000     0.00000     0.00000
     0.51500     0.19544     0.07361     0.00000     0.00000     0.00000     0.00000     0.00000     0.00000
     0.52000     0.19236     0.07244     0.00000     0.00000     0.00000     0.00000     0.00000     0.00000
     0.52500     0.18932     0.07129     0.00000     0.00000     0.00000     0.00000     0.00000     0.00000
     0.53000     0.18634     0.07016     0.00000     0.00000     0.00000     0.00000     0.00000     0.00000
     0.53500     0.18341     0.06905     0.00000     0.00000     0.00000     0.00000     0.00000     0.00000
     0.54000     0.18052     0.06796     0.00000     0.00000     0.00000     0.00000     0.00000     0.00000
     0.54500     0.17768     0.06688     0.00000     0.00000     0.00000     0.00000     0.00000     0.00000
     0.55000     0.17488     0.06582     0.00000     0.00000     0.00000     0.00000     0.00000     0.00000
     0.55500     0.17213     0.06478     0.00000     0.00000     0.00000     0.00000     0.00000     0.00000
     0.56000     0.16943     0.06375     0.00000     0.00000     0.00000     0.00000     0.00000     0.00000
     0.56500     0.16676     0.06274     0.00000     0.00000     0.00000     0.00000     0.00000     0.00000
     0.57000     0.16414     0.06175     0.00000     0.00000     0.00000     0.00000     0.00000     0.00000
     0.57500     0.16156     0.06077     0.00000     0.00000     0.00000     0.00000     0.00000     0.00000
     0.58000     0.15903     0.05981     0.00000     0.00000     0.00000     0.00000     0.00000     0.00000
     0.58500     0.15653     0.05886     0.00000     0.00000     0.00000     0.00000     0.00000     0.00000
     0.59000     0.15407     0.05793     0.00000     0.00000     0.00000     0.00000     0.00000     0.00000
     0.59500     0.15166     0.05702     0.00000     0.00000     0.00000     0.00000     0.00000     0.00000
     0.60000     0.14928     0.05612     0.00000     0.00000     0.00000     0.00000     0.00000     0.00000
     0.60500     0.14694     0.05523     0.00000     0.00000     0.00000     0.00000     0.00000     0.00000
     0.61000     0.14463     0.05436     0.00000     0.00000     0.00000     0.00000     0.00000     0.00000
     0.61500     0.14237     0.05350     0.00000     0.00000     0.00000     0.00000     0.00000     0.00000
     0.62000     0.14014     0.05265     0.00000     0.00000     0.00000     0.00000     0.00000     0.00000
     0.62500     0.13794     0.05182     0.00000     0.00000     0.00000     0.00000     0.00000     0.00000
     0.63000     0.13578     0.05100     0.00000     0.00000     0.00000     0.00000     0.00000     0.00000
     0.63500     0.13365     0.05020     0.00000     0.00000     0.00000     0.00000     0.00000     0.00000
     0.64000     0.13156     0.04941     0.00000     0.00000     0.00000     0.00000     0.00000     0.00000
     0.64500     0.12950     0.04863     0.00000     0.00000     0.00000     0.00000     0.00000     0.00000
     0.65000     0.12748     0.04786     0.00000     0.00000     0.00000     0.00000     0.00000     0.00000
     0.65500     0.12548     0.04711     0.00000     0.00000     0.00000     0.00000     0.00000     0.00000
     0.66000     0.12352     0.04637     0.00000     0.00000     0.00000     0.00000     0.00000     0.00000
     0.66500     0.12159     0.04563     0.00000     0.00000     0.00000     0.00000     0.00000     0.00000
     0.67000     0.11969     0.04492     0.00000     0.00000     0.00000     0.00000     0.00000     0.00000
     0.67500     0.11782     0.04421     0.00000     0.00000     0.00000     0.00000     0.00000     0.00000
     0.68000     0.11598     0.04351     0.00000     0.00000     0.00000     0.00000     0.00000     0.00000
     0.68500     0.11417     0.04283     0.00000     0.00000     0.00000     0.00000     0.00000     0.00000
     0.69000     0.11239     0.04215     0.00000     0.00000     0.00000     0.00000     0.00000     0.00000
     0.69500     0.11063     0.04149     0.00000     0.00000     0.00000     0.00000     0.00000     0.00000
     0.70000     0.10890     0.04084     0.00000     0.00000     0.00000     0.00000     0.00000     0.00000
     0.70500     0.10720     0.04019     0.00000     0.00000     0.00000     0.00000     0.00000     0.00000
     0.71000     0.10553     0.03956     0.00000     0.00000     0.00000     0.00000     0.00000     0.00000
     0.71500     0.10389     0.03894     0.00000     0.00000     0.00000     0.00000     0.00000     0.00000
     0.72000     0.10227     0.03833     0.00000     0.00000     0.00000     0.00000     0.00000     0.00000
     0.72500     0.10067     0.03772     0.00000     0.00000     0.00000     0.00000     0.00000     0.00000
     0.73000     0.09910     0.03713     0.00000     0.00000     0.00000     0.00000     0.00000     0.00000
     0.73500     0.09756     0.03655     0.00000     0.00000     0.00000     0.00000     0.00000     0.00000
     0.74000     0.09604     0.03597     0.00000     0.00000     0.00000     0.00000     0.00000     0.00000
     0.74500     0.09454     0.03541     0.00000     0.00000     0.00000     0.00000     0.00000     0.00000
     0.75000     0.09307     0.03485     0.00000     0.00000     0.00000     0.00000     0.00000     0.00000
     0.75500     0.09162     0.03430     0.00000     0.00000     0.00000     0.00000     0.00000     0.00000
     0.76000     0.09019     0.03377     0.00000     0.00000     0.00000     0.00000     0.00000     0.00000
     0.76500     0.08879     0.03323     0.00000     0.00000     0.00000     0.00000     0.00000     0.00000
     0.77000     0.08741     0.03271     0.00000     0.00000     0.00000     0.00000     0.00000     0.00000
     0.77500     0.08605     0.03220     0.00000     0.00000     0.00000     0.00000     0.00000     0.00000
     0.78000     0.08471     0.03169     0.00000     0.00000     0.00000     0.00000     0.00000     0.00000
     0.78500     0.08339     0.03120     0.00000     0.00000     0.00000     0.00000     0.00000     0.00000
     0.79000     0.08210     0.03071     0.00000     0.00000     0.00000     0.00000     0.00000     0.00000
     0.79500     0.08082     0.03023     0.00000     0.00000     0.00000     0.00000     0.00000     0.00000
     0.80000     0.07956     0.02975     0.00000     0.00000     0.00000     0.00000     0.00000     0.00000
     0.80500     0.07833     0.02928     0.00000     0.00000     0.00000     0.00000     0.00000     0.00000
     0.81000     0.07711     0.02883     0.00000     0.00000     0.00000     0.00000     0.00000     0.00000
     0.81500     0.07591     0.02837     0.00000     0.00000     0.00000     0.00000     0.00000     0.00000
     0.82000     0.07473     0.02793     0.00000     0.00000     0.00000     0.00000     0.00000     0.00000
     0.82500     0.07357     0.02749     0.00000     0.00000     0.00000     0.00000     0.00000     0.00000
     0.83000     0.07243     0.02706     0.00000     0.00000     0.00000     0.00000     0.00000     0.00000
     0.83500     0.07131     0.02664     0.00000     0.00000     0.00000     0.00000     0.00000     0.00000
     0.84000     0.07020     0.02622     0.00000     0.00000     0.00000     0.00000     0.00000     0.00000
     0.84500     0.06911     0.02581     0.00000     0.00000     0.00000     0.00000     0.00000     0.00000
     0.85000     0.06804     0.02540     0.00000     0.00000     0.00000     0.00000     0.00000     0.00000
     0.85500     0.06698     0.02501     0.00000     0.00000     0.00000     0.00000     0.00000     0.00000
     0.86000     0.06594     0.02461     0.00000     0.00000     0.00000     0.00000     0.00000     0.00000
     0.86500     0.06492     0.02423     0.00000     0.00000     0.00000     0.00000     0.00000     0.00000
     0.87000     0.06391     0.02385     0.00000     0.00000     0.00000     0.00000     0.00000     0.00000
     0.87500     0.06292     0.02348     0.00000     0.00000     0.00000     0.00000     0.00000     0.00000
     0.88000     0.06195     0.02311     0.00000     0.00000     0.00000     0.00000     0.00000     0.00000
     0.88500     0.06099     0.02275     0.00000     0.00000     0.00000     0.00000     0.00000     0.00000
     0.89000     0.06004     0.02239     0.00000     0.00000     0.00000     0.00000     0.00000     0.00000
     0.89500     0.05911     0.02204     0.00000     0.00000     0.00000     0.00000     0.00000     0.00000
     0.90000     0.05819     0.02169     0.00000     0.00000     0.00000     0.00000     0.00000     0.00000
     0.90500     0.05729     0.02136     0.00000     0.00000     0.00000     0.00000     0.00000     0.00000
     0.91000     0.05641     0.02102     0.00000     0.00000     0.00000     0.00000     0.00000     0.00000
     0.91500     0.05553     0.02069     0.00000     0.00000     0.00000     0.00000     0.00000     0.00000
     0.92000     0.05467     0.02037     0.00000     0.00000     0.00000     0.00000     0.00000     0.00000
     0.92500     0.05383     0.02005     0.00000     0.00000     0.00000     0.00000     0.00000     0.00000
     0.93000     0.05299     0.01974     0.00000     0.00000     0.00000     0.00000     0.00000     0.00000
     0.93500     0.05217     0.01943     0.00000     0.00000     0.00000     0.00000     0.00000     0.00000
     0.94000     0.05137     0.01912     0.00000     0.00000     0.00000     0.00000     0.00000     0.00000
     0.94500     0.05057     0.01882     0.00000     0.00000     0.00000     0.00000     0.00000     0.00000
     0.95000     0.04979     0.01853     0.00000     0.00000     0.00000     0.00000     0.00000     0.00000
     0.95500     0.04902     0.01824     0.00000     0.00000     0.00000     0.00000     0.00000     0.00000
     0.96000     0.04826     0.01796     0.00000     0.00000     0.00000     0.00000     0.00000     0.00000
     0.96500     0.04751     0.01768     0.00000     0.00000     0.00000     0.00000     0.00000     0.00000
     0.97000     0.04678     0.01740     0.00000     0.00000     0.00000     0.00000     0.00000     0.00000
     0.97500     0.04606     0.01713     0.00000     0.00000     0.00000     0.00000     0.00000     0.00000
     0.98000     0.04534     0.01686     0.00000     0.00000     0.00000     0.00000     0.00000     0.00000
     0.98500     0.04464     0.01660     0.00000     0.00000     0.00000     0.00000     0.00000     0.00000
     0.99000     0.04395     0.01634     0.00000     0.00000     0.00000     0.00000     0.00000     0.00000
     0.99500     0.04327     0.01608     0.00000     0.00000     0.00000     0.00000     0.00000     0.00000
     1.00000     0.04261     0.01583     0.00000     0.00000     0.00000     0.00000     0.00000     0.00000
     1.00500     0.04195     0.01558     0.00000     0.00000     0.00000     0.00000     0.00000     0.00000
     1.01000     0.04130     0.01534     0.00000     0.00000     0.00000     0.00000     0.00000     0.00000
     1.01500     0.04066     0.01510     0.00000     0.00000     0.00000     0.00000     0.00000     0.00000
     1.02000     0.04003     0.01486     0.00000     0.00000     0.00000     0.00000     0.00000     0.00000
     1.02500     0.03942     0.01463     0.00000     0.00000     0.00000     0.00000     0.00000     0.00000
     1.03000     0.03881     0.01440     0.00000     0.00000     0.00000     0.00000     0.00000     0.00000
     1.03500     0.03821     0.01418     0.00000     0.00000     0.00000     0.00000     0.00000     0.00000
     1.04000     0.03762     0.01396     0.00000     0.00000     0.00000     0.00000     0.00000     0.00000
     1.04500     0.03704     0.01374     0.00000     0.00000     0.00000     0.00000     0.00000     0.00000
     1.05000     0.03647     0.01352     0.00000     0.00000     0.00000     0.00000     0.00000     0.00000
     1.05500     0.03590     0.01331     0.00000     0.00000     0.00000     0.00000     0.00000     0.00000
     1.06000     0.03535     0.01311     0.00000     0.00000     0.00000     0.00000     0.00000     0.00000
     1.06500     0.03481     0.01290     0.00000     0.00000     0.00000     0.00000     0.00000     0.00000
     1.07000     0.03427     0.01270     0.00000     0.00000     0.00000     0.00000     0.00000     0.00000
     1.07500     0.03374     0.01250     0.00000     0.00000     0.00000     0.00000     0.00000     0.00000
     1.08000     0.03322     0.01231     0.00000     0.00000     0.00000     0.00000     0.00000     0.00000
     1.08500     0.03271     0.01211     0.00000     0.00000     0.00000     0.00000     0.00000     0.00000
     1.09000     0.03220     0.01193     0.00000     0.00000     0.00000     0.00000     0.00000     0.00000
     1.09500     0.03171     0.01174     0.00000     0.00000     0.00000     0.00000     0.00000     0.00000
     1.10000     0.03122     0.01156     0.00000     0.00000     0.00000     0.00000     0.00000     0.00000
     1.10500     0.03074     0.01138     0.00000     0.00000     0.00000     0.00000     0.00000     0.00000
     1.11000     0.03026     0.01120     0.00000     0.00000     0.00000     0.00000     0.00000     0.00000
     1.11500     0.02980     0.01102     0.00000     0.00000     0.00000     0.00000     0.00000     0.00000
     1.12000     0.02934     0.01085     0.00000     0.00000     0.00000     0.00000     0.00000     0.00000
     1.12500     0.02889     0.01068     0.00000     0.00000     0.00000     0.00000     0.00000     0.00000
     1.13000     0.02844     0.01052     0.00000     0.00000     0.00000     0.00000     0.00000     0.00000
     1.13500     0.02800     0.01035     0.00000     0.00000     0.00000     0.00000     0.00000     0.00000
     1.14000     0.02757     0.01019     0.00000     0.00000     0.00000     0.00000     0.00000     0.00000
     1.14500     0.02715     0.01003     0.00000     0.00000     0.00000     0.00000     0.00000     0.00000
     1.15000     0.02673     0.00988     0.00000     0.00000     0.00000     0.00000     0.00000     0.00000
     1.15500     0.02632     0.00972     0.00000     0.00000     0.00000     0.00000     0.00000     0.00000
     1.16000     0.02591     0.00957     0.00000     0.00000     0.00000     0.00000     0.00000     0.00000
     1.16500     0.02551     0.00942     0.00000     0.00000     0.00000     0.00000     0.00000     0.00000
     1.17000     0.02512     0.00927     0.00000     0.00000     0.00000     0.00000     0.00000     0.00000
     1.17500     0.02474     0.00913     0.00000     0.00000     0.00000     0.00000     0.00000     0.00000
     1.18000     0.02435     0.00899     0.00000     0.00000     0.00000     0.00000     0.00000     0.00000
     1.18500     0.02398     0.00885     0.00000     0.00000     0.00000     0.00000     0.00000     0.00000
     1.19000     0.02361     0.00871     0.00000     0.00000     0.00000     0.00000     0.00000     0.00000
     1.19500     0.02325     0.00857     0.00000     0.00000     0.00000     0.00000     0.00000     0.00000
     1.20000     0.02289     0.00844     0.00000     0.00000     0.00000     0.00000     0.00000     0.00000
     1.20500     0.02254     0.00831     0.00000     0.00000     0.00000     0.00000     0.00000     0.00000
     1.21000     0.02219     0.00818     0.00000     0.00000     0.00000     0.00000     0.00000     0.00000
     1.21500     0.02185     0.00805     0.00000     0.00000     0.00000     0.00000     0.00000     0.00000
     1.22000     0.02151     0.00793     0.00000     0.00000     0.00000     0.00000     0.00000     0.00000
     1.22500     0.02118     0.00780     0.00000     0.00000     0.00000     0.00000     0.00000     0.00000
     1.23000     0.02086     0.00768     0.00000     0.00000     0.00000     0.00000     0.00000     0.00000
     1.23500     0.02054     0.00756     0.00000     0.00000     0.00000     0.00000     0.00000     0.00000
     1.24000     0.02022     0.00744     0.00000     0.00000     0.00000     0.00000     0.00000     0.00000
     1.24500     0.01991     0.00733     0.00000     0.00000     0.00000     0.00000     0.00000     0.00000
     1.25000     0.01961     0.00721     0.00000     0.00000     0.00000     0.00000     0.00000     0.00000
     1.25500     0.01930     0.00710     0.00000     0.00000     0.00000     0.00000     0.00000     0.00000
     1.26000     0.01901     0.00699     0.00000     0.00000     0.00000     0.00000     0.00000     0.00000
     1.26500     0.01872     0.00688     0.00000     0.00000     0.00000     0.00000     0.00000     0.00000
     1.27000     0.01843     0.00677     0.00000     0.00000     0.00000     0.00000     0.00000     0.00000
     1.27500     0.01815     0.00667     0.00000     0.00000     0.00000     0.00000     0.00000     0.00000
     1.28000     0.01787     0.00656     0.00000     0.00000     0.00000     0.00000     0.00000     0.00000
     1.28500     0.01759     0.00646     0.00000     0.00000     0.00000     0.00000     0.00000     0.00000
     1.29000     0.01732     0.00636     0.00000     0.00000     0.00000     0.00000     0.00000     0.00000
     1.29500     0.01706     0.00626     0.00000     0.00000     0.00000     0.00000     0.00000     0.00000
     1.30000     0.01679     0.00616     0.00000     0.00000     0.00000     0.00000     0.00000     0.00000
     1.30500     0.01654     0.00607     0.00000     0.00000     0.00000     0.00000     0.00000     0.00000
     1.31000     0.01628     0.00597     0.00000     0.00000     0.00000     0.00000     0.00000     0.00000
     1.31500     0.01603     0.00588     0.00000     0.00000     0.00000     0.00000     0.00000     0.00000
     1.32000     0.01579     0.00579     0.00000     0.00000     0.00000     0.00000     0.00000     0.00000
     1.32500     0.01554     0.00570     0.00000     0.00000     0.00000     0.00000     0.00000     0.00000
     1.33000     0.01531     0.00561     0.00000     0.00000     0.00000     0.00000     0.00000     0.00000
     1.33500     0.01507     0.00552     0.00000     0.00000     0.00000     0.00000     0.00000     0.00000
     1.34000     0.01484     0.00544     0.00000     0.00000     0.00000     0.00000     0.00000     0.00000
     1.34500     0.01461     0.00535     0.00000     0.00000     0.00000     0.00000     0.00000     0.00000
     1.35000     0.01439     0.00527     0.00000     0.00000     0.00000     0.00000     0.00000     0.00000
     1.35500     0.01417     0.00519     0.00000     0.00000     0.00000     0.00000     0.00000     0.00000
     1.36000     0.01395     0.00511     0.00000     0.00000     0.00000     0.00000     0.00000     0.00000
     1.36500     0.01374     0.00503     0.00000     0.00000     0.00000     0.00000     0.00000     0.00000
     1.37000     0.01353     0.00495     0.00000     0.00000     0.00000     0.00000     0.00000     0.00000
     1.37500     0.01332     0.00487     0.00000     0.00000     0.00000     0.00000     0.00000     0.00000
     1.38000     0.01311     0.00480     0.00000     0.00000     0.00000     0.00000     0.00000     0.00000
     1.38500     0.01291     0.00472     0.00000     0.00000     0.00000     0.00000     0.00000     0.00000
     1.39000     0.01271     0.00465     0.00000     0.00000     0.00000     0.00000     0.00000     0.00000
     1.39500     0.01252     0.00457     0.00000     0.00000     0.00000     0.00000     0.00000     0.00000
     1.40000     0.01233     0.00450     0.00000     0.00000     0.00000     0.00000     0.00000     0.00000
     1.40500     0.01214     0.00443     0.00000     0.00000     0.00000     0.00000     0.00000     0.00000
     1.41000     0.01195     0.00436     0.00000     0.00000     0.00000     0.00000     0.00000     0.00000
     1.41500     0.01177     0.00430     0.00000     0.00000     0.00000     0.00000     0.00000     0.00000
     1.42000     0.01159     0.00423     0.00000     0.00000     0.00000     0.00000     0.00000     0.00000
     1.42500     0.01141     0.00416     0.00000     0.00000     0.00000     0.00000     0.00000     0.00000
     1.43000     0.01124     0.00410     0.00000     0.00000     0.00000     0.00000     0.00000     0.00000
     1.43500     0.01106     0.00403     0.00000     0.00000     0.00000     0.00000     0.00000     0.00000
     1.44000     0.01090     0.00397     0.00000     0.00000     0.00000     0.00000     0.00000     0.00000
     1.44500     0.01073     0.00391     0.00000     0.00000     0.00000     0.00000     0.00000     0.00000
     1.45000     0.01056     0.00385     0.00000     0.00000     0.00000     0.00000     0.00000     0.00000
     1.45500     0.01040     0.00379     0.00000     0.00000     0.00000     0.00000     0.00000     0.00000
     1.46000     0.01024     0.00373     0.00000     0.00000     0.00000     0.00000     0.00000     0.00000
     1.46500     0.01009     0.00367     0.00000     0.00000     0.00000     0.00000     0.00000     0.00000
     1.47000     0.00993     0.00362     0.00000     0.00000     0.00000     0.00000     0.00000     0.00000
     1.47500     0.00978     0.00356     0.00000     0.00000     0.00000     0.00000     0.00000     0.00000
     1.48000     0.00963     0.00350     0.00000     0.00000     0.00000     0.00000     0.00000     0.00000
     1.48500     0.00948     0.00345     0.00000     0.00000     0.00000     0.00000     0.00000     0.00000
     1.49000     0.00934     0.00340     0.00000     0.00000     0.00000     0.00000     0.00000     0.00000
     1.49500     0.00919     0.00334     0.00000     0.00000     0.00000     0.00000     0.00000     0.00000
     1.50000     0.00905     0.00329     0.00000     0.00000     0.00000     0.00000     0.00000     0.00000
     1.50500     0.00892     0.00324     0.00000     0.00000     0.00000     0.00000     0.00000     0.00000
     1.51000     0.00878     0.00319     0.00000     0.00000     0.00000     0.00000     0.00000     0.00000
     1.51500     0.00864     0.00314     0.00000     0.00000     0.00000     0.00000     0.00000     0.00000
     1.52000     0.00851     0.00309     0.00000     0.00000     0.00000     0.00000     0.00000     0.00000
     1.52500     0.00838     0.00304     0.00000     0.00000     0.00000     0.00000     0.00000     0.00000
     1.53000     0.00825     0.00299     0.00000     0.00000     0.00000     0.00000     0.00000     0.00000
     1.53500     0.00813     0.00295     0.00000     0.00000     0.00000     0.00000     0.00000     0.00000
     1.54000     0.00800     0.00290     0.00000     0.00000     0.00000     0.00000     0.00000     0.00000
     1.54500     0.00788     0.00286     0.00000     0.00000     0.00000     0.00000     0.00000     0.00000
     1.55000     0.00776     0.00281     0.00000     0.00000     0.00000     0.00000     0.00000     0.00000
     1.55500     0.00764     0.00277     0.00000     0.00000     0.00000     0.00000     0.00000     0.00000
     1.56000     0.00752     0.00273     0.00000     0.00000     0.00000     0.00000     0.00000     0.00000
     1.56500     0.00741     0.00268     0.00000     0.00000     0.00000     0.00000     0.00000     0.00000
     1.57000     0.00730     0.00264     0.00000     0.00000     0.00000     0.00000     0.00000     0.00000
     1.57500     0.00718     0.00260     0.00000     0.00000     0.00000     0.00000     0.00000     0.00000
     1.58000     0.00707     0.00256     0.00000     0.00000     0.00000     0.00000     0.00000     0.00000
     1.58500     0.00697     0.00252     0.00000     0.00000     0.00000     0.00000     0.00000     0.00000
     1.59000     0.00686     0.00248     0.00000     0.00000     0.00000     0.00000     0.00000     0.00000
     1.59500     0.00676     0.00244     0.00000     0.00000     0.00000     0.00000     0.00000     0.00000
     1.60000     0.00665     0.00240     0.00000     0.00000     0.00000     0.00000     0.00000     0.00000
     1.60500     0.00655     0.00237     0.00000     0.00000     0.00000     0.00000     0.00000     0.00000
     1.61000     0.00645     0.00233     0.00000     0.00000     0.00000     0.00000     0.00000     0.00000
     1.61500     0.00635     0.00229     0.00000     0.00000     0.00000     0.00000     0.00000     0.00000
     1.62000     0.00625     0.00226     0.00000     0.00000     0.00000     0.00000     0.00000     0.00000
     1.62500     0.00616     0.00222     0.00000     0.00000     0.00000     0.00000     0.00000     0.00000
     1.63000     0.00606     0.00219     0.00000     0.00000     0.00000     0.00000     0.00000     0.00000
     1.63500     0.00597     0.00215     0.00000     0.00000     0.00000     0.00000     0.00000     0.00000
     1.64000     0.00588     0.00212     0.00000     0.00000     0.00000     0.00000     0.00000     0.00000
     1.64500     0.00579     0.00209     0.00000     0.00000     0.00000     0.00000     0.00000     0.00000
     1.65000     0.00570     0.00205     0.00000     0.00000     0.00000     0.00000     0.00000     0.00000
     1.65500     0.00562     0.00202     0.00000     0.00000     0.00000     0.00000     0.00000     0.00000
     1.66000     0.00553     0.00199     0.00000     0.00000     0.00000     0.00000     0.00000     0.00000
     1.66500     0.00545     0.00196     0.00000     0.00000     0.00000     0.00000     0.00000     0.00000
     1.67000     0.00536     0.00193     0.00000     0.00000     0.00000     0.00000     0.00000     0.00000
     1.67500     0.00528     0.00190     0.00000     0.00000     0.00000     0.00000     0.00000     0.00000
     1.68000     0.00520     0.00187     0.00000     0.00000     0.00000     0.00000     0.00000     0.00000
     1.68500     0.00512     0.00184     0.00000     0.00000     0.00000     0.00000     0.00000     0.00000
     1.69000     0.00504     0.00181     0.00000     0.00000     0.00000     0.00000     0.00000     0.00000
     1.69500     0.00497     0.00178     0.00000     0.00000     0.00000     0.00000     0.00000     0.00000
     1.70000     0.00489     0.00176     0.00000     0.00000     0.00000     0.00000     0.00000     0.00000
     1.70500     0.00481     0.00173     0.00000     0.00000     0.00000     0.00000     0.00000     0.00000
     1.71000     0.00474     0.00170     0.00000     0.00000     0.00000     0.00000     0.00000     0.00000
     1.71500     0.00467     0.00167     0.00000     0.00000     0.00000     0.00000     0.00000     0.00000
     1.72000     0.00460     0.00165     0.00000     0.00000     0.00000     0.00000     0.00000     0.00000
     1.72500     0.00453     0.00162     0.00000     0.00000     0.00000     0.00000     0.00000     0.00000
     1.73000     0.00446     0.00160     0.00000     0.00000     0.00000     0.00000     0.00000     0.00000
     1.73500     0.00439     0.00157     0.00000     0.00000     0.00000     0.00000     0.00000     0.00000
     1.74000     0.00432     0.00155     0.00000     0.00000     0.00000     0.00000     0.00000     0.00000
     1.74500     0.00426     0.00152     0.00000     0.00000     0.00000     0.00000     0.00000     0.00000
     1.75000     0.00419     0.00150     0.00000     0.00000     0.00000     0.00000     0.00000     0.00000
     1.75500     0.00413     0.00148     0.00000     0.00000     0.00000     0.00000     0.00000     0.00000
     1.76000     0.00407     0.00145     0.00000     0.00000     0.00000     0.00000     0.00000     0.00000
     1.76500     0.00400     0.00143     0.00000     0.00000     0.00000     0.00000     0.00000     0.00000
     1.77000     0.00394     0.00141     0.00000     0.00000     0.00000     0.00000     0.00000     0.00000
     1.77500     0.00388     0.00139     0.00000     0.00000     0.00000     0.00000     0.00000     0.00000
     1.78000     0.00382     0.00136     0.00000     0.00000     0.00000     0.00000     0.00000     0.00000
     1.78500     0.00376     0.00134     0.00000     0.00000     0.00000     0.00000     0.00000     0.00000
     1.79000     0.00371     0.00132     0.00000     0.00000     0.00000     0.00000     0.00000     0.00000
     1.79500     0.00365     0.00130     0.00000     0.00000     0.00000     0.00000     0.00000     0.00000
     1.80000     0.00359     0.00128     0.00000     0.00000     0.00000     0.00000     0.00000     0.00000
     1.80500     0.00354     0.00126     0.00000     0.00000     0.00000     0.00000     0.00000     0.00000
     1.81000     0.00349     0.00124     0.00000     0.00000     0.00000     0.00000     0.00000     0.00000
     1.81500     0.00343     0.00122     0.00000     0.00000     0.00000     0.00000     0.00000     0.00000
     1.82000     0.00338     0.00120     0.00000     0.00000     0.00000     0.00000     0.00000     0.00000
     1.82500     0.00333     0.00118     0.00000     0.00000     0.00000     0.00000     0.00000     0.00000
     1.83000     0.00328     0.00117     0.00000     0.00000     0.00000     0.00000     0.00000     0.00000
     1.83500     0.00323     0.00115     0.00000     0.00000     0.00000     0.00000     0.00000     0.00000
     1.84000     0.00318     0.00113     0.00000     0.00000     0.00000     0.00000     0.00000     0.00000
     1.84500     0.00313     0.00111     0.00000     0.00000     0.00000     0.00000     0.00000     0.00000
     1.85000     0.00308     0.00110     0.00000     0.00000     0.00000     0.00000     0.00000     0.00000
     1.85500     0.00304     0.00108     0.00000     0.00000     0.00000     0.00000     0.00000     0.00000
     1.86000     0.00299     0.00106     0.00000     0.00000     0.00000     0.00000     0.00000     0.00000
     1.86500     0.00294     0.00104     0.00000     0.00000     0.00000     0.00000     0.00000     0.00000
     1.87000     0.00290     0.00103     0.00000     0.00000     0.00000     0.00000     0.00000     0.00000
     1.87500     0.00285     0.00101     0.00000     0.00000     0.00000     0.00000     0.00000     0.00000
     1.88000     0.00281     0.00100     0.00000     0.00000     0.00000     0.00000     0.00000     0.00000
     1.88500     0.00277     0.00098     0.00000     0.00000     0.00000     0.00000     0.00000     0.00000
     1.89000     0.00273     0.00097     0.00000     0.00000     0.00000     0.00000     0.00000     0.00000
     1.89500     0.00268     0.00095     0.00000     0.00000     0.00000     0.00000     0.00000     0.00000
     1.90000     0.00264     0.00094     0.00000     0.00000     0.00000     0.00000     0.00000     0.00000
     1.90500     0.00260     0.00092     0.00000     0.00000     0.00000     0.00000     0.00000     0.00000
     1.91000     0.00256     0.00091     0.00000     0.00000     0.00000     0.00000     0.00000     0.00000
     1.91500     0.00252     0.00089     0.00000     0.00000     0.00000     0.00000     0.00000     0.00000
     1.92000     0.00249     0.00088     0.00000     0.00000     0.00000     0.00000     0.00000     0.00000
     1.92500     0.00245     0.00086     0.00000     0.00000     0.00000     0.00000     0.00000     0.00000
     1.93000     0.00241     0.00085     0.00000     0.00000     0.00000     0.00000     0.00000     0.00000
     1.93500     0.00237     0.00084     0.00000     0.00000     0.00000     0.00000     0.00000     0.00000
     1.94000     0.00234     0.00082     0.00000     0.00000     0.00000     0.00000     0.00000     0.00000
     1.94500     0.00230     0.00081     0.00000     0.00000     0.00000     0.00000     0.00000     0.00000
     1.95000     0.00227     0.00080     0.00000     0.00000     0.00000     0.00000     0.00000     0.00000
     1.95500     0.00223     0.00079     0.00000     0.00000     0.00000     0.00000     0.00000     0.00000
     1.96000     0.00220     0.00077     0.00000     0.00000     0.00000     0.00000     0.00000     0.00000
     1.96500     0.00217     0.00076     0.00000     0.00000     0.00000     0.00000     0.00000     0.00000
     1.97000     0.00213     0.00075     0.00000     0.00000     0.00000     0.00000     0.00000     0.00000
     1.97500     0.00210     0.00074     0.00000     0.00000     0.00000     0.00000     0.00000     0.00000
     1.98000     0.00207     0.00073     0.00000     0.00000     0.00000     0.00000     0.00000     0.00000
     1.98500     0.00204     0.00072     0.00000     0.00000     0.00000     0.00000     0.00000     0.00000
     1.99000     0.00201     0.00070     0.00000     0.00000     0.00000     0.00000     0.00000     0.00000
     1.99500     0.00198     0.00069     0.00000     0.00000     0.00000     0.00000     0.00000     0.00000
     2.00000     0.00195     0.00068     0.00000     0.00000     0.00000     0.00000     0.00000     0.00000
     2.00500     0.00192     0.00067     0.00000     0.00000     0.00000     0.00000     0.00000     0.00000
     2.01000     0.00189     0.00066     0.00000     0.00000     0.00000     0.00000     0.00000     0.00000
     2.01500     0.00186     0.00065     0.00000     0.00000     0.00000     0.00000     0.00000     0.00000
     2.02000     0.00183     0.00064     0.00000     0.00000     0.00000     0.00000     0.00000     0.00000
     2.02500     0.00180     0.00063     0.00000     0.00000     0.00000     0.00000     0.00000     0.00000
     2.03000     0.00177     0.00062     0.00000     0.00000     0.00000     0.00000     0.00000     0.00000
     2.03500     0.00175     0.00061     0.00000     0.00000     0.00000     0.00000     0.00000     0.00000
     2.04000     0.00172     0.00060     0.00000     0.00000     0.00000     0.00000     0.00000     0.00000
     2.04500     0.00169     0.00059     0.00000     0.00000     0.00000     0.00000     0.00000     0.00000
     2.05000     0.00167     0.00058     0.00000     0.00000     0.00000     0.00000     0.00000     0.00000
     2.05500     0.00164     0.00057     0.00000     0.00000     0.00000     0.00000     0.00000     0.00000
     2.06000     0.00162     0.00056     0.00000     0.00000     0.00000     0.00000     0.00000     0.00000
     2.06500     0.00159     0.00056     0.00000     0.00000     0.00000     0.00000     0.00000     0.00000
     2.07000     0.00157     0.00055     0.00000     0.00000     0.00000     0.00000     0.00000     0.00000
     2.07500     0.00155     0.00054     0.00000     0.00000     0.00000     0.00000     0.00000     0.00000
     2.08000     0.00152     0.00053     0.00000     0.00000     0.00000     0.00000     0.00000     0.00000
     2.08500     0.00150     0.00052     0.00000     0.00000     0.00000     0.00000     0.00000     0.00000
     2.09000     0.00148     0.00051     0.00000     0.00000     0.00000     0.00000     0.00000     0.00000
     2.09500     0.00145     0.00051     0.00000     0.00000     0.00000     0.00000     0.00000     0.00000
     2.10000     0.00143     0.00050     0.00000     0.00000     0.00000     0.00000     0.00000     0.00000
     2.10500     0.00141     0.00049     0.00000     0.00000     0.00000     0.00000     0.00000     0.00000
     2.11000     0.00139     0.00048     0.00000     0.00000     0.00000     0.00000     0.00000     0.00000
     2.11500     0.00137     0.00047     0.00000     0.00000     0.00000     0.00000     0.00000     0.00000
     2.12000     0.00135     0.00047     0.00000     0.00000     0.00000     0.00000     0.00000     0.00000
     2.12500     0.00133     0.00046     0.00000     0.00000     0.00000     0.00000     0.00000     0.00000
     2.13000     0.00131     0.00045     0.00000     0.00000     0.00000     0.00000     0.00000     0.00000
     2.13500     0.00129     0.00045     0.00000     0.00000     0.00000     0.00000     0.00000     0.00000
     2.14000     0.00127     0.00044     0.00000     0.00000     0.00000     0.00000     0.00000     0.00000
     2.14500     0.00125     0.00043     0.00000     0.00000     0.00000     0.00000     0.00000     0.00000
     2.15000     0.00123     0.00043     0.00000     0.00000     0.00000     0.00000     0.00000     0.00000
     2.15500     0.00121     0.00042     0.00000     0.00000     0.00000     0.00000     0.00000     0.00000
     2.16000     0.00119     0.00041     0.00000     0.00000     0.00000     0.00000     0.00000     0.00000
     2.16500     0.00117     0.00041     0.00000     0.00000     0.00000     0.00000     0.00000     0.00000
     2.17000     0.00116     0.00040     0.00000     0.00000     0.00000     0.00000     0.00000     0.00000
     2.17500     0.00114     0.00039     0.00000     0.00000     0.00000     0.00000     0.00000     0.00000
     2.18000     0.00112     0.00039     0.00000     0.00000     0.00000     0.00000     0.00000     0.00000
     2.18500     0.00110     0.00038     0.00000     0.00000     0.00000     0.00000     0.00000     0.00000
     2.19000     0.00109     0.00037     0.00000     0.00000     0.00000     0.00000     0.00000     0.00000
     2.19500     0.00107     0.00037     0.00000     0.00000     0.00000     0.00000     0.00000     0.00000
     2.20000     0.00105     0.00036     0.00000     0.00000     0.00000     0.00000     0.00000     0.00000
     2.20500     0.00104     0.00036     0.00000     0.00000     0.00000     0.00000     0.00000     0.00000
     2.21000     0.00102     0.00035     0.00000     0.00000     0.00000     0.00000     0.00000     0.00000
     2.21500     0.00101     0.00035     0.00000     0.00000     0.00000     0.00000     0.00000     0.00000
     2.22000     0.00099     0.00034     0.00000     0.00000     0.00000     0.00000     0.00000     0.00000
     2.22500     0.00098     0.00034     0.00000     0.00000     0.00000     0.00000     0.00000     0.00000
     2.23000     0.00096     0.00033     0.00000     0.00000     0.00000     0.00000     0.00000     0.00000
     2.23500     0.00095     0.00032     0.00000     0.00000     0.00000     0.00000     0.00000     0.00000
     2.24000     0.00093     0.00032     0.00000     0.00000     0.00000     0.00000     0.00000     0.00000
     2.24500     0.00092     0.00031     0.00000     0.00000     0.00000     0.00000     0.00000     0.00000
     2.25000     0.00090     0.00031     0.00000     0.00000     0.00000     0.00000     0.00000     0.00000
     2.25500     0.00089     0.00030     0.00000     0.00000     0.00000     0.00000     0.00000     0.00000
     2.26000     0.00088     0.00030     0.00000     0.00000     0.00000     0.00000     0.00000     0.00000
     2.26500     0.00086     0.00030     0.00000     0.00000     0.00000     0.00000     0.00000     0.00000
     2.27000     0.00085     0.00029     0.00000     0.00000     0.00000     0.00000     0.00000     0.00000
     2.27500     0.00084     0.00029     0.00000     0.00000     0.00000     0.00000     0.00000     0.00000
     2.28000     0.00082     0.00028     0.00000     0.00000     0.00000     0.00000     0.00000     0.00000
     2.28500     0.00081     0.00028     0.00000     0.00000     0.00000     0.00000     0.00000     0.00000
     2.29000     0.00080     0.00027     0.00000     0.00000     0.00000     0.00000     0.00000     0.00000
     2.29500     0.00079     0.00027     0.00000     0.00000     0.00000     0.00000     0.00000     0.00000
     2.30000     0.00078     0.00026     0.00000     0.00000     0.00000     0.00000     0.00000     0.00000
     2.30500     0.00076     0.00026     0.00000     0.00000     0.00000     0.00000     0.00000     0.00000
     2.31000     0.00075     0.00026     0.00000     0.00000     0.00000     0.00000     0.00000     0.00000
     2.31500     0.00074     0.00025     0.00000     0.00000     0.00000     0.00000     0.00000     0.00000
     2.32000     0.00073     0.00025     0.00000     0.00000     0.00000     0.00000     0.00000     0.00000
     2.32500     0.00072     0.00024     0.00000     0.00000     0.00000     0.00000     0.00000     0.00000
     2.33000     0.00071     0.00024     0.00000     0.00000     0.00000     0.00000     0.00000     0.00000
     2.33500     0.00070     0.00024     0.00000     0.00000     0.00000     0.00000     0.00000     0.00000
     2.34000     0.00069     0.00023     0.00000     0.00000     0.00000     0.00000     0.00000     0.00000
     2.34500     0.00068     0.00023     0.00000     0.00000     0.00000     0.00000     0.00000     0.00000
     2.35000     0.00067     0.00023     0.00000     0.00000     0.00000     0.00000     0.00000     0.00000
     2.35500     0.00066     0.00022     0.00000     0.00000     0.00000     0.00000     0.00000     0.00000
     2.36000     0.00065     0.00022     0.00000     0.00000     0.00000     0.00000     0.00000     0.00000
     2.36500     0.00064     0.00021     0.00000     0.00000     0.00000     0.00000     0.00000     0.00000
     2.37000     0.00063     0.00021     0.00000     0.00000     0.00000     0.00000     0.00000     0.00000
     2.37500     0.00062     0.00021     0.00000     0.00000     0.00000     0.00000     0.00000     0.00000
     2.38000     0.00061     0.00020     0.00000     0.00000     0.00000     0.00000     0.00000     0.00000
     2.38500     0.00060     0.00020     0.00000     0.00000     0.00000     0.00000     0.00000     0.00000
     2.39000     0.00059     0.00020     0.00000     0.00000     0.00000     0.00000     0.00000     0.00000
     2.39500     0.00058     0.00020     0.00000     0.00000     0.00000     0.00000     0.00000     0.00000
     2.40000     0.00057     0.00019     0.00000     0.00000     0.00000     0.00000     0.00000     0.00000
     2.40500     0.00056     0.00019     0.00000     0.00000     0.00000     0.00000     0.00000     0.00000
     2.41000     0.00055     0.00019     0.00000     0.00000     0.00000     0.00000     0.00000     0.00000
     2.41500     0.00055     0.00018     0.00000     0.00000     0.00000     0.00000     0.00000     0.00000
     2.42000     0.00054     0.00018     0.00000     0.00000     0.00000     0.00000     0.00000     0.00000
     2.42500     0.00053     0.00018     0.00000     0.00000     0.00000     0.00000     0.00000     0.00000
     2.43000     0.00052     0.00017     0.00000     0.00000     0.00000     0.00000     0.00000     0.00000
     2.43500     0.00051     0.00017     0.00000     0.00000     0.00000     0.00000     0.00000     0.00000
     2.44000     0.00051     0.00017     0.00000     0.00000     0.00000     0.00000     0.00000     0.00000
     2.44500     0.00050     0.00017     0.00000     0.00000     0.00000     0.00000     0.00000     0.00000
     2.45000     0.00049     0.00016     0.00000     0.00000     0.00000     0.00000     0.00000     0.00000
     2.45500     0.00048     0.00016     0.00000     0.00000     0.00000     0.00000     0.00000     0.00000
     2.46000     0.00048     0.00016     0.00000     0.00000     0.00000     0.00000     0.00000     0.00000
     2.46500     0.00047     0.00016     0.00000     0.00000     0.00000     0.00000     0.00000     0.00000
     2.47000     0.00046     0.00015     0.00000     0.00000     0.00000     0.00000     0.00000     0.00000
     2.47500     0.00045     0.00015     0.00000     0.00000     0.00000     0.00000     0.00000     0.00000
     2.48000     0.00045     0.00015     0.00000     0.00000     0.00000     0.00000     0.00000     0.00000
     2.48500     0.00044     0.00015     0.00000     0.00000     0.00000     0.00000     0.00000     0.00000
     2.49000     0.00043     0.00014     0.00000     0.00000     0.00000     0.00000     0.00000     0.00000
     2.49500     0.00043     0.00014     0.00000     0.00000     0.00000     0.00000     0.00000     0.00000
     2.50000     0.00042     0.00014     0.00000     0.00000     0.00000     0.00000     0.00000     0.00000
     2.50500     0.00041     0.00014     0.00000     0.00000     0.00000     0.00000     0.00000     0.00000
     2.51000     0.00041     0.00014     0.00000     0.00000     0.00000     0.00000     0.00000     0.00000
     2.51500     0.00040     0.00013     0.00000     0.00000     0.00000     0.00000     0.00000     0.00000
     2.52000     0.00040     0.00013     0.00000     0.00000     0.00000     0.00000     0.00000     0.00000
     2.52500     0.00039     0.00013     0.00000     0.00000     0.00000     0.00000     0.00000     0.00000
     2.53000     0.00038     0.00013     0.00000     0.00000     0.00000     0.00000     0.00000     0.00000
     2.53500     0.00038     0.00012     0.00000     0.00000     0.00000     0.00000     0.00000     0.00000
     2.54000     0.00037     0.00012     0.00000     0.00000     0.00000     0.00000     0.00000     0.00000
     2.54500     0.00037     0.00012     0.00000     0.00000     0.00000     0.00000     0.00000     0.00000
     2.55000     0.00036     0.00012     0.00000     0.00000     0.00000     0.00000     0.00000     0.00000
     2.55500     0.00036     0.00012     0.00000     0.00000     0.00000     0.00000     0.00000     0.00000
     2.56000     0.00035     0.00012     0.00000     0.00000     0.00000     0.00000     0.00000     0.00000
     2.56500     0.00035     0.00011     0.00000     0.00000     0.00000     0.00000     0.00000     0.00000
     2.57000     0.00034     0.00011     0.00000     0.00000     0.00000     0.00000     0.00000     0.00000
     2.57500     0.00033     0.00011     0.00000     0.00000     0.00000     0.00000     0.00000     0.00000
     2.58000     0.00033     0.00011     0.00000     0.00000     0.00000     0.00000     0.00000     0.00000
     2.58500     0.00032     0.00011     0.00000     0.00000     0.00000     0.00000     0.00000     0.00000
     2.59000     0.00032     0.00010     0.00000     0.00000     0.00000     0.00000     0.00000     0.00000
     2.59500     0.00032     0.00010     0.00000     0.00000     0.00000     0.00000     0.00000     0.00000
     2.60000     0.00031     0.00010     0.00000     0.00000     0.00000     0.00000     0.00000     0.00000
     2.60500     0.00031     0.00010     0.00000     0.00000     0.00000     0.00000     0.00000     0.00000
     2.61000     0.00030     0.00010     0.00000     0.00000     0.00000     0.00000     0.00000     0.00000
     2.61500     0.00030     0.00010     0.00000     0.00000     0.00000     0.00000     0.00000     0.00000
     2.62000     0.00029     0.00010     0.00000     0.00000     0.00000     0.00000     0.00000     0.00000
     2.62500     0.00029     0.00009     0.00000     0.00000     0.00000     0.00000     0.00000     0.00000
     2.63000     0.00028     0.00009     0.00000     0.00000     0.00000     0.00000     0.00000     0.00000
     2.63500     0.00028     0.00009     0.00000     0.00000     0.00000     0.00000     0.00000     0.00000
     2.64000     0.00027     0.00009     0.00000     0.00000     0.00000     0.00000     0.00000     0.00000
     2.64500     0.00027     0.00009     0.00000     0.00000     0.00000     0.00000     0.00000     0.00000
     2.65000     0.00027     0.00009     0.00000     0.00000     0.00000     0.00000     0.00000     0.00000
     2.65500     0.00026     0.00009     0.00000     0.00000     0.00000     0.00000     0.00000     0.00000
     2.66000     0.00026     0.00008     0.00000     0.00000     0.00000     0.00000     0.00000     0.00000
     2.66500     0.00025     0.00008     0.00000     0.00000     0.00000     0.00000     0.00000     0.00000
     2.67000     0.00025     0.00008     0.00000     0.00000     0.00000     0.00000     0.00000     0.00000
     2.67500     0.00025     0.00008     0.00000     0.00000     0.00000     0.00000     0.00000     0.00000
     2.68000     0.00024     0.00008     0.00000     0.00000     0.00000     0.00000     0.00000     0.00000
     2.68500     0.00024     0.00008     0.00000     0.00000     0.00000     0.00000     0.00000     0.00000
     2.69000     0.00024     0.00008     0.00000     0.00000     0.00000     0.00000     0.00000     0.00000
     2.69500     0.00023     0.00007     0.00000     0.00000     0.00000     0.00000     0.00000     0.00000
     2.70000     0.00023     0.00007     0.00000     0.00000     0.00000     0.00000     0.00000     0.00000
     2.70500     0.00023     0.00007     0.00000     0.00000     0.00000     0.00000     0.00000     0.00000
     2.71000     0.00022     0.00007     0.00000     0.00000     0.00000     0.00000     0.00000     0.00000
     2.71500     0.00022     0.00007     0.00000     0.00000     0.00000     0.00000     0.00000     0.00000
     2.72000     0.00022     0.00007     0.00000     0.00000     0.00000     0.00000     0.00000     0.00000
     2.72500     0.00021     0.00007     0.00000     0.00000     0.00000     0.00000     0.00000     0.00000
     2.73000     0.00021     0.00007     0.00000     0.00000     0.00000     0.00000     0.00000     0.00000
     2.73500     0.00021     0.00007     0.00000     0.00000     0.00000     0.00000     0.00000     0.00000
     2.74000     0.00020     0.00006     0.00000     0.00000     0.00000     0.00000     0.00000     0.00000
     2.74500     0.00020     0.00006     0.00000     0.00000     0.00000     0.00000     0.00000     0.00000
     2.75000     0.00020     0.00006     0.00000     0.00000     0.00000     0.00000     0.00000     0.00000
     2.75500     0.00019     0.00006     0.00000     0.00000     0.00000     0.00000     0.00000     0.00000
     2.76000     0.00019     0.00006     0.00000     0.00000     0.00000     0.00000     0.00000     0.00000
     2.76500     0.00019     0.00006     0.00000     0.00000     0.00000     0.00000     0.00000     0.00000
     2.77000     0.00018     0.00006     0.00000     0.00000     0.00000     0.00000     0.00000     0.00000
     2.77500     0.00018     0.00006     0.00000     0.00000     0.00000     0.00000     0.00000     0.00000
     2.78000     0.00018     0.00006     0.00000     0.00000     0.00000     0.00000     0.00000     0.00000
     2.78500     0.00018     0.00006     0.00000     0.00000     0.00000     0.00000     0.00000     0.00000
     2.79000     0.00017     0.00006     0.00000     0.00000     0.00000     0.00000     0.00000     0.00000
     2.79500     0.00017     0.00005     0.00000     0.00000     0.00000     0.00000     0.00000     0.00000
     2.80000     0.00017     0.00005     0.00000     0.00000     0.00000     0.00000     0.00000     0.00000
     2.80500     0.00017     0.00005     0.00000     0.00000     0.00000     0.00000     0.00000     0.00000
     2.81000     0.00016     0.00005     0.00000     0.00000     0.00000     0.00000     0.00000     0.00000
     2.81500     0.00016     0.00005     0.00000     0.00000     0.00000     0.00000     0.00000     0.00000
     2.82000     0.00016     0.00005     0.00000     0.00000     0.00000     0.00000     0.00000     0.00000
     2.82500     0.00016     0.00005     0.00000     0.00000     0.00000     0.00000     0.00000     0.00000
     2.83000     0.00015     0.00005     0.00000     0.00000     0.00000     0.00000     0.00000     0.00000
     2.83500     0.00015     0.00005     0.00000     0.00000     0.00000     0.00000     0.00000     0.00000
     2.84000     0.00015     0.00005     0.00000     0.00000     0.00000     0.00000     0.00000     0.00000
     2.84500     0.00015     0.00005     0.00000     0.00000     0.00000     0.00000     0.00000     0.00000
     2.85000     0.00014     0.00005     0.00000     0.00000     0.00000     0.00000     0.00000     0.00000
     2.85500     0.00014     0.00004     0.00000     0.00000     0.00000     0.00000     0.00000     0.00000
     2.86000     0.00014     0.00004     0.00000     0.00000     0.00000     0.00000     0.00000     0.00000
     2.86500     0.00014     0.00004     0.00000     0.00000     0.00000     0.00000     0.00000     0.00000
     2.87000     0.00014     0.00004     0.00000     0.00000     0.00000     0.00000     0.00000     0.00000
     2.87500     0.00013     0.00004     0.00000     0.00000     0.00000     0.00000     0.00000     0.00000
     2.88000     0.00013     0.00004     0.00000     0.00000     0.00000     0.00000     0.00000     0.00000
     2.88500     0.00013     0.00004     0.00000     0.00000     0.00000     0.00000     0.00000     0.00000
     2.89000     0.00013     0.00004     0.00000     0.00000     0.00000     0.00000     0.00000     0.00000
     2.89500     0.00013     0.00004     0.00000     0.00000     0.00000     0.00000     0.00000     0.00000
     2.90000     0.00012     0.00004     0.00000     0.00000     0.00000     0.00000     0.00000     0.00000
     2.90500     0.00012     0.00004     0.00000     0.00000     0.00000     0.00000     0.00000     0.00000
     2.91000     0.00012     0.00004     0.00000     0.00000     0.00000     0.00000     0.00000     0.00000
     2.91500     0.00012     0.00004     0.00000     0.00000     0.00000     0.00000     0.00000     0.00000
     2.92000     0.00012     0.00004     0.00000     0.00000     0.00000     0.00000     0.00000     0.00000
     2.92500     0.00012     0.00004     0.00000     0.00000     0.00000     0.00000     0.00000     0.00000
     2.93000     0.00011     0.00003     0.00000     0.00000     0.00000     0.00000     0.00000     0.00000
     2.93500     0.00011     0.00003     0.00000     0.00000     0.00000     0.00000     0.00000     0.00000
     2.94000     0.00011     0.00003     0.00000     0.00000     0.00000     0.00000     0.00000     0.00000
     2.94500     0.00011     0.00003     0.00000     0.00000     0.00000     0.00000     0.00000     0.00000
     2.95000     0.00011     0.00003     0.00000     0.00000     0.00000     0.00000     0.00000     0.00000
     2.95500     0.00011     0.00003     0.00000     0.00000     0.00000     0.00000     0.00000     0.00000
     2.96000     0.00010     0.00003     0.00000     0.00000     0.00000     0.00000     0.00000     0.00000
     2.96500     0.00010     0.00003     0.00000     0.00000     0.00000     0.00000     0.00000     0.00000
     2.97000     0.00010     0.00003     0.00000     0.00000     0.00000     0.00000     0.00000     0.00000
     2.97500     0.00010     0.00003     0.00000     0.00000     0.00000     0.00000     0.00000     0.00000
     2.98000     0.00010     0.00003     0.00000     0.00000     0.00000     0.00000     0.00000     0.00000
     2.98500     0.00010     0.00003     0.00000     0.00000     0.00000     0.00000     0.00000     0.00000
     2.99000     0.00009     0.00003     0.00000     0.00000     0.00000     0.00000     0.00000     0.00000
     2.99500     0.00009     0.00003     0.00000     0.00000     0.00000     0.00000     0.00000     0.00000
     3.00000     0.00009     0.00003     0.00000     0.00000     0.00000     0.00000     0.00000     0.00000
     3.00500     0.00009     0.00003     0.00000     0.00000     0.00000     0.00000     0.00000     0.00000
     3.01000     0.00009     0.00003     0.00000     0.00000     0.00000     0.00000     0.00000     0.00000
     3.01500     0.00009     0.00003     0.00000     0.00000     0.00000     0.00000     0.00000     0.00000
     3.02000     0.00009     0.00003     0.00000     0.00000     0.00000     0.00000     0.00000     0.00000
     3.02500     0.00008     0.00003     0.00000     0.00000     0.00000     0.00000     0.00000     0.00000
     3.03000     0.00008     0.00003     0.00000     0.00000     0.00000     0.00000     0.00000     0.00000
     3.03500     0.00008     0.00002     0.00000     0.00000     0.00000     0.00000     0.00000     0.00000
     3.04000     0.00008     0.00002     0.00000     0.00000     0.00000     0.00000     0.00000     0.00000
     3.04500     0.00008     0.00002     0.00000     0.00000     0.00000     0.00000     0.00000     0.00000
     3.05000     0.00008     0.00002     0.00000     0.00000     0.00000     0.00000     0.00000     0.00000
     3.05500     0.00008     0.00002     0.00000     0.00000     0.00000     0.00000     0.00000     0.00000
     3.06000     0.00008     0.00002     0.00000     0.00000     0.00000     0.00000     0.00000     0.00000
     3.06500     0.00008     0.00002     0.00000     0.00000     0.00000     0.00000     0.00000     0.00000
     3.07000     0.00007     0.00002     0.00000     0.00000     0.00000     0.00000     0.00000     0.00000
     3.07500     0.00007     0.00002     0.00000     0.00000     0.00000     0.00000     0.00000     0.00000
     3.08000     0.00007     0.00002     0.00000     0.00000     0.00000     0.00000     0.00000     0.00000
     3.08500     0.00007     0.00002     0.00000     0.00000     0.00000     0.00000     0.00000     0.00000
     3.09000     0.00007     0.00002     0.00000     0.00000     0.00000     0.00000     0.00000     0.00000
     3.09500     0.00007     0.00002     0.00000     0.00000     0.00000     0.00000     0.00000     0.00000
     3.10000     0.00007     0.00002     0.00000     0.00000     0.00000     0.00000     0.00000     0.00000
     3.10500     0.00007     0.00002     0.00000     0.00000     0.00000     0.00000     0.00000     0.00000
     3.11000     0.00007     0.00002     0.00000     0.00000     0.00000     0.00000     0.00000     0.00000
     3.11500     0.00006     0.00002     0.00000     0.00000     0.00000     0.00000     0.00000     0.00000
     3.12000     0.00006     0.00002     0.00000     0.00000     0.00000     0.00000     0.00000     0.00000
     3.12500     0.00006     0.00002     0.00000     0.00000     0.00000     0.00000     0.00000     0.00000
     3.13000     0.00006     0.00002     0.00000     0.00000     0.00000     0.00000     0.00000     0.00000
     3.13500     0.00006     0.00002     0.00000     0.00000     0.00000     0.00000     0.00000     0.00000
     3.14000     0.00006     0.00002     0.00000     0.00000     0.00000     0.00000     0.00000     0.00000
     3.14500     0.00006     0.00002     0.00000     0.00000     0.00000     0.00000     0.00000     0.00000
     3.15000     0.00006     0.00002     0.00000     0.00000     0.00000     0.00000     0.00000     0.00000
     3.15500     0.00006     0.00002     0.00000     0.00000     0.00000     0.00000     0.00000     0.00000
     3.16000     0.00006     0.00002     0.00000     0.00000     0.00000     0.00000     0.00000     0.00000
     3.16500     0.00006     0.00002     0.00000     0.00000     0.00000     0.00000     0.00000     0.00000
     3.17000     0.00005     0.00002     0.00000     0.00000     0.00000     0.00000     0.00000     0.00000
     3.17500     0.00005     0.00002     0.00000     0.00000     0.00000     0.00000     0.00000     0.00000
     3.18000     0.00005     0.00002     0.00000     0.00000     0.00000     0.00000     0.00000     0.00000
     3.18500     0.00005     0.00002     0.00000     0.00000     0.00000     0.00000     0.00000     0.00000
     3.19000     0.00005     0.00001     0.00000     0.00000     0.00000     0.00000     0.00000     0.00000
     3.19500     0.00005     0.00001     0.00000     0.00000     0.00000     0.00000     0.00000     0.00000
     3.20000     0.00005     0.00001     0.00000     0.00000     0.00000     0.00000     0.00000     0.00000
     3.20500     0.00005     0.00001     0.00000     0.00000     0.00000     0.00000     0.00000     0.00000
     3.21000     0.00005     0.00001     0.00000     0.00000     0.00000     0.00000     0.00000     0.00000
     3.21500     0.00005     0.00001     0.00000     0.00000     0.00000     0.00000     0.00000     0.00000
     3.22000     0.00005     0.00001     0.00000     0.00000     0.00000     0.00000     0.00000     0.00000
     3.22500     0.00005     0.00001     0.00000     0.00000     0.00000     0.00000     0.00000     0.00000
     3.23000     0.00005     0.00001     0.00000     0.00000     0.00000     0.00000     0.00000     0.00000
     3.23500     0.00004     0.00001     0.00000     0.00000     0.00000     0.00000     0.00000     0.00000
     3.24000     0.00004     0.00001     0.00000     0.00000     0.00000     0.00000     0.00000     0.00000
     3.24500     0.00004     0.00001     0.00000     0.00000     0.00000     0.00000     0.00000     0.00000
     3.25000     0.00004     0.00001     0.00000     0.00000     0.00000     0.00000     0.00000     0.00000
     3.25500     0.00004     0.00001     0.00000     0.00000     0.00000     0.00000     0.00000     0.00000
     3.26000     0.00004     0.00001     0.00000     0.00000     0.00000     0.00000     0.00000     0.00000
     3.26500     0.00004     0.00001     0.00000     0.00000     0.00000     0.00000     0.00000     0.00000
     3.27000     0.00004     0.00001     0.00000     0.00000     0.00000     0.00000     0.00000     0.00000
     3.27500     0.00004     0.00001     0.00000     0.00000     0.00000     0.00000     0.00000     0.00000
     3.28000     0.00004     0.00001     0.00000     0.00000     0.00000     0.00000     0.00000     0.00000
     3.28500     0.00004     0.00001     0.00000     0.00000     0.00000     0.00000     0.00000     0.00000
     3.29000     0.00004     0.00001     0.00000     0.00000     0.00000     0.00000     0.00000     0.00000
     3.29500     0.00004     0.00001     0.00000     0.00000     0.00000     0.00000     0.00000     0.00000
     3.30000     0.00004     0.00001     0.00000     0.00000     0.00000     0.00000     0.00000     0.00000
     3.30500     0.00004     0.00001     0.00000     0.00000     0.00000     0.00000     0.00000     0.00000
     3.31000     0.00004     0.00001     0.00000     0.00000     0.00000     0.00000     0.00000     0.00000
     3.31500     0.00004     0.00001     0.00000     0.00000     0.00000     0.00000     0.00000     0.00000
     3.32000     0.00003     0.00001     0.00000     0.00000     0.00000     0.00000     0.00000     0.00000
     3.32500     0.00003     0.00001     0.00000     0.00000     0.00000     0.00000     0.00000     0.00000
     3.33000     0.00003     0.00001     0.00000     0.00000     0.00000     0.00000     0.00000     0.00000
     3.33500     0.00003     0.00001     0.00000     0.00000     0.00000     0.00000     0.00000     0.00000
     3.34000     0.00003     0.00001     0.00000     0.00000     0.00000     0.00000     0.00000     0.00000
     3.34500     0.00003     0.00001     0.00000     0.00000     0.00000     0.00000     0.00000     0.00000
     3.35000     0.00003     0.00001     0.00000     0.00000     0.00000     0.00000     0.00000     0.00000
     3.35500     0.00003     0.00001     0.00000     0.00000     0.00000     0.00000     0.00000     0.00000
     3.36000     0.00003     0.00001     0.00000     0.00000     0.00000     0.00000     0.00000     0.00000
     3.36500     0.00003     0.00001     0.00000     0.00000     0.00000     0.00000     0.00000     0.00000
     3.37000     0.00003     0.00001     0.00000     0.00000     0.00000     0.00000     0.00000     0.00000
     3.37500     0.00003     0.00001     0.00000     0.00000     0.00000     0.00000     0.00000     0.00000
     3.38000     0.00003     0.00001     0.00000     0.00000     0.00000     0.00000     0.00000     0.00000
     3.38500     0.00003     0.00001     0.00000     0.00000     0.00000     0.00000     0.00000     0.00000
     3.39000     0.00003     0.00001     0.00000     0.00000     0.00000     0.00000     0.00000     0.00000
     3.39500     0.00003     0.00001     0.00000     0.00000     0.00000     0.00000     0.00000     0.00000
     3.40000     0.00003     0.00001     0.00000     0.00000     0.00000     0.00000     0.00000     0.00000
     3.40500     0.00003     0.00001     0.00000     0.00000     0.00000     0.00000     0.00000     0.00000
     3.41000     0.00003     0.00001     0.00000     0.00000     0.00000     0.00000     0.00000     0.00000
     3.41500     0.00003     0.00001     0.00000     0.00000     0.00000     0.00000     0.00000     0.00000
     3.42000     0.00003     0.00001     0.00000     0.00000     0.00000     0.00000     0.00000     0.00000
     3.42500     0.00003     0.00001     0.00000     0.00000     0.00000     0.00000     0.00000     0.00000
     3.43000     0.00002     0.00001     0.00000     0.00000     0.00000     0.00000     0.00000     0.00000
     3.43500     0.00002     0.00001     0.00000     0.00000     0.00000     0.00000     0.00000     0.00000
     3.44000     0.00002     0.00001     0.00000     0.00000     0.00000     0.00000     0.00000     0.00000
     3.44500     0.00002     0.00001     0.00000     0.00000     0.00000     0.00000     0.00000     0.00000
     3.45000     0.00002     0.00001     0.00000     0.00000     0.00000     0.00000     0.00000     0.00000
     3.45500     0.00002     0.00001     0.00000     0.00000     0.00000     0.00000     0.00000     0.00000
     3.46000     0.00002     0.00001     0.00000     0.00000     0.00000     0.00000     0.00000     0.00000
     3.46500     0.00002     0.00001     0.00000     0.00000     0.00000     0.00000     0.00000     0.00000
     3.47000     0.00002     0.00001     0.00000     0.00000     0.00000     0.00000     0.00000     0.00000
     3.47500     0.00002     0.00001     0.00000     0.00000     0.00000     0.00000     0.00000     0.00000
     3.48000     0.00002     0.00001     0.00000     0.00000     0.00000     0.00000     0.00000     0.00000
     3.48500     0.00002     0.00001     0.00000     0.00000     0.00000     0.00000     0.00000     0.00000
     3.49000     0.00002     0.00001     0.00000     0.00000     0.00000     0.00000     0.00000     0.00000
     3.49500     0.00002     0.00001     0.00000     0.00000     0.00000     0.00000     0.00000     0.00000
     3.50000     0.00002     0.00001     0.00000     0.00000     0.00000     0.00000     0.00000     0.00000
     3.50500     0.00002     0.00001     0.00000     0.00000     0.00000     0.00000     0.00000     0.00000
     3.51000     0.00002     0.00001     0.00000     0.00000     0.00000     0.00000     0.00000     0.00000
     3.51500     0.00002     0.00000     0.00000     0.00000     0.00000     0.00000     0.00000     0.00000
     3.52000     0.00002     0.00000     0.00000     0.00000     0.00000     0.00000     0.00000     0.00000
     3.52500     0.00002     0.00000     0.00000     0.00000     0.00000     0.00000     0.00000     0.00000
     3.53000     0.00002     0.00000     0.00000     0.00000     0.00000     0.00000     0.00000     0.00000
     3.53500     0.00002     0.00000     0.00000     0.00000     0.00000     0.00000     0.00000     0.00000
     3.54000     0.00002     0.00000     0.00000     0.00000     0.00000     0.00000     0.00000     0.00000
     3.54500     0.00002     0.00000     0.00000     0.00000     0.00000     0.00000     0.00000     0.00000
     3.55000     0.00002     0.00000     0.00000     0.00000     0.00000     0.00000     0.00000     0.00000
     3.55500     0.00002     0.00000     0.00000     0.00000     0.00000     0.00000     0.00000     0.00000
     3.56000     0.00002     0.00000     0.00000     0.00000     0.00000     0.00000     0.00000     0.00000
     3.56500     0.00002     0.00000     0.00000     0.00000     0.00000     0.00000     0.00000     0.00000
     3.57000     0.00002     0.00000     0.00000     0.00000     0.00000     0.00000     0.00000     0.00000
     3.57500     0.00002     0.00000     0.00000     0.00000     0.00000     0.00000     0.00000     0.00000
     3.58000     0.00002     0.00000     0.00000     0.00000     0.00000     0.00000     0.00000     0.00000
     3.58500     0.00002     0.00000     0.00000     0.00000     0.00000     0.00000     0.00000     0.00000
     3.59000     0.00002     0.00000     0.00000     0.00000     0.00000     0.00000     0.00000     0.00000
     3.59500     0.00002     0.00000     0.00000     0.00000     0.00000     0.00000     0.00000     0.00000
     3.60000     0.00001     0.00000     0.00000     0.00000     0.00000     0.00000     0.00000     0.00000
     3.60500     0.00001     0.00000     0.00000     0.00000     0.00000     0.00000     0.00000     0.00000
     3.61000     0.00001     0.00000     0.00000     0.00000     0.00000     0.00000     0.00000     0.00000
     3.61500     0.00001     0.00000     0.00000     0.00000     0.00000     0.00000     0.00000     0.00000
     3.62000     0.00001     0.00000     0.00000     0.00000     0.00000     0.00000     0.00000     0.00000
     3.62500     0.00001     0.00000     0.00000     0.00000     0.00000     0.00000     0.00000     0.00000
     3.63000     0.00001     0.00000     0.00000     0.00000     0.00000     0.00000     0.00000     0.00000
     3.63500     0.00001     0.00000     0.00000     0.00000     0.00000     0.00000     0.00000     0.00000
     3.64000     0.00001     0.00000     0.00000     0.00000     0.00000     0.00000     0.00000     0.00000
     3.64500     0.00001     0.00000     0.00000     0.00000     0.00000     0.00000     0.00000     0.00000
     3.65000     0.00001     0.00000     0.00000     0.00000     0.00000     0.00000     0.00000     0.00000
     3.65500     0.00001     0.00000     0.00000     0.00000     0.00000     0.00000     0.00000     0.00000
     3.66000     0.00001     0.00000     0.00000     0.00000     0.00000     0.00000     0.00000     0.00000
     3.66500     0.00001     0.00000     0.00000     0.00000     0.00000     0.00000     0.00000     0.00000
     3.67000     0.00001     0.00000     0.00000     0.00000     0.00000     0.00000     0.00000     0.00000
     3.67500     0.00001     0.00000     0.00000     0.00000     0.00000     0.00000     0.00000     0.00000
     3.68000     0.00001     0.00000     0.00000     0.00000     0.00000     0.00000     0.00000     0.00000
     3.68500     0.00001     0.00000     0.00000     0.00000     0.00000     0.00000     0.00000     0.00000
     3.69000     0.00001     0.00000     0.00000     0.00000     0.00000     0.00000     0.00000     0.00000
     3.69500     0.00001     0.00000     0.00000     0.00000     0.00000     0.00000     0.00000     0.00000
     3.70000     0.00001     0.00000     0.00000     0.00000     0.00000     0.00000     0.00000     0.00000
     3.70500     0.00001     0.00000     0.00000     0.00000     0.00000     0.00000     0.00000     0.00000
     3.71000     0.00001     0.00000     0.00000     0.00000     0.00000     0.00000     0.00000     0.00000
     3.71500     0.00001     0.00000     0.00000     0.00000     0.00000     0.00000     0.00000     0.00000
     3.72000     0.00001     0.00000     0.00000     0.00000     0.00000     0.00000     0.00000     0.00000
     3.72500     0.00001     0.00000     0.00000     0.00000     0.00000     0.00000     0.00000     0.00000
     3.73000     0.00001     0.00000     0.00000     0.00000     0.00000     0.00000     0.00000     0.00000
     3.73500     0.00001     0.00000     0.00000     0.00000     0.00000     0.00000     0.00000     0.00000
     3.74000     0.00001     0.00000     0.00000     0.00000     0.00000     0.00000     0.00000     0.00000
     3.74500     0.00001     0.00000     0.00000     0.00000     0.00000     0.00000     0.00000     0.00000
     3.75000     0.00001     0.00000     0.00000     0.00000     0.00000     0.00000     0.00000     0.00000
     3.75500     0.00001     0.00000     0.00000     0.00000     0.00000     0.00000     0.00000     0.00000
     3.76000     0.00001     0.00000     0.00000     0.00000     0.00000     0.00000     0.00000     0.00000
     3.76500     0.00001     0.00000     0.00000     0.00000     0.00000     0.00000     0.00000     0.00000
     3.77000     0.00001     0.00000     0.00000     0.00000     0.00000     0.00000     0.00000     0.00000
     3.77500     0.00001     0.00000     0.00000     0.00000     0.00000     0.00000     0.00000     0.00000
     3.78000     0.00001     0.00000     0.00000     0.00000     0.00000     0.00000     0.00000     0.00000
     3.78500     0.00001     0.00000     0.00000     0.00000     0.00000     0.00000     0.00000     0.00000
     3.79000     0.00001     0.00000     0.00000     0.00000     0.00000     0.00000     0.00000     0.00000
     3.79500     0.00001     0.00000     0.00000     0.00000     0.00000     0.00000     0.00000     0.00000
     3.80000     0.00001     0.00000     0.00000     0.00000     0.00000     0.00000     0.00000     0.00000
     3.80500     0.00001     0.00000     0.00000     0.00000     0.00000     0.00000     0.00000     0.00000
     3.81000     0.00001     0.00000     0.00000     0.00000     0.00000     0.00000     0.00000     0.00000
     3.81500     0.00001     0.00000     0.00000     0.00000     0.00000     0.00000     0.00000     0.00000
     3.82000     0.00001     0.00000     0.00000     0.00000     0.00000     0.00000     0.00000     0.00000
     3.82500     0.00001     0.00000     0.00000     0.00000     0.00000     0.00000     0.00000     0.00000
     3.83000     0.00001     0.00000     0.00000     0.00000     0.00000     0.00000     0.00000     0.00000
     3.83500     0.00001     0.00000     0.00000     0.00000     0.00000     0.00000     0.00000     0.00000
     3.84000     0.00001     0.00000     0.00000     0.00000     0.00000     0.00000     0.00000     0.00000
     3.84500     0.00001     0.00000     0.00000     0.00000     0.00000     0.00000     0.00000     0.00000
     3.85000     0.00001     0.00000     0.00000     0.00000     0.00000     0.00000     0.00000     0.00000
     3.85500     0.00001     0.00000     0.00000     0.00000     0.00000     0.00000     0.00000     0.00000
     3.86000     0.00001     0.00000     0.00000     0.00000     0.00000     0.00000     0.00000     0.00000
     3.86500     0.00001     0.00000     0.00000     0.00000     0.00000     0.00000     0.00000     0.00000
     3.87000     0.00001     0.00000     0.00000     0.00000     0.00000     0.00000     0.00000     0.00000
     3.87500     0.00001     0.00000     0.00000     0.00000     0.00000     0.00000     0.00000     0.00000
     3.88000     0.00001     0.00000     0.00000     0.00000     0.00000     0.00000     0.00000     0.00000
     3.88500     0.00001     0.00000     0.00000     0.00000     0.00000     0.00000     0.00000     0.00000
     3.89000     0.00001     0.00000     0.00000     0.00000     0.00000     0.00000     0.00000     0.00000
     3.89500     0.00001     0.00000     0.00000     0.00000     0.00000     0.00000     0.00000     0.00000
     3.90000     0.00001     0.00000     0.00000     0.00000     0.00000     0.00000     0.00000     0.00000
     3.90500     0.00001     0.00000     0.00000     0.00000     0.00000     0.00000     0.00000     0.00000
     3.91000     0.00001     0.00000     0.00000     0.00000     0.00000     0.00000     0.00000     0.00000
     3.91500     0.00001     0.00000     0.00000     0.00000     0.00000     0.00000     0.00000     0.00000
     3.92000     0.00001     0.00000     0.00000     0.00000     0.00000     0.00000     0.00000     0.00000
     3.92500     0.00001     0.00000     0.00000     0.00000     0.00000     0.00000     0.00000     0.00000
     3.93000     0.00001     0.00000     0.00000     0.00000     0.00000     0.00000     0.00000     0.00000
     3.93500     0.00001     0.00000     0.00000     0.00000     0.00000     0.00000     0.00000     0.00000
     3.94000     0.00001     0.00000     0.00000     0.00000     0.00000     0.00000     0.00000     0.00000
     3.94500     0.00001     0.00000     0.00000     0.00000     0.00000     0.00000     0.00000     0.00000
     3.95000     0.00001     0.00000     0.00000     0.00000     0.00000     0.00000     0.00000     0.00000
     3.95500     0.00001     0.00000     0.00000     0.00000     0.00000     0.00000     0.00000     0.00000
     3.96000     0.00001     0.00000     0.00000     0.00000     0.00000     0.00000     0.00000     0.00000
     3.96500     0.00000     0.00000     0.00000     0.00000     0.00000     0.00000     0.00000     0.00000
     3.97000     0.00000     0.00000     0.00000     0.00000     0.00000     0.00000     0.00000     0.00000
     3.97500     0.00000     0.00000     0.00000     0.00000     0.00000     0.00000     0.00000     0.00000
     3.98000     0.00000     0.00000     0.00000     0.00000     0.00000     0.00000     0.00000     0.00000
     3.98500     0.00000     0.00000     0.00000     0.00000     0.00000     0.00000     0.00000     0.00000
     3.99000     0.00000     0.00000     0.00000     0.00000     0.00000     0.00000     0.00000     0.00000
     3.99500     0.00000     0.00000     0.00000     0.00000     0.00000     0.00000     0.00000     0.00000
     4.00000     0.00000     0.00000     0.00000     0.00000     0.00000     0.00000     0.00000     0.00000
