0.0 0.000000
25.0 0.000000
50.0 4.449864
75.0 10.041480
100.0 15.633096
125.0 21.224712
150.0 26.816328
175.0 31.676054
200.0 36.535780
225.0 41.102760
250.0 45.669740
275.0 59.624350
300.0 73.578960
325.0 90.812500
350.0 108.046040
375.0 130.197790
400.0 152.349540
425.0 182.288550
450.0 212.227560
475.0 248.646280
500.0 285.065000
525.0 314.613700
550.0 344.162400
575.0 372.305800
600.0 400.449200
625.0 426.250700
650.0 452.052200
675.0 471.705800
700.0 491.359400
725.0 511.754600
750.0 532.149800
775.0 547.451200
800.0 562.752600
825.0 577.312300
850.0 591.872000
875.0 604.245700
900.0 616.619400
925.0 627.363500
950.0 638.107600
975.0 648.851700
1000.0 659.595800
1025.0 670.339900
