0.0 0.000000
25.0 0.000000
50.0 2.076566
75.0 4.161252
100.0 6.245938
125.0 8.330624
150.0 10.415310
175.0 12.410768
200.0 14.406226
225.0 16.385462
250.0 18.364698
275.0 24.626859
300.0 30.889020
325.0 38.870850
350.0 46.852680
375.0 57.340990
400.0 67.829300
425.0 81.789350
450.0 95.749400
475.0 113.546260
500.0 131.343120
525.0 146.584870
550.0 161.826620
575.0 177.611810
600.0 193.397000
625.0 208.160100
650.0 222.923200
675.0 236.656200
700.0 250.389200
725.0 261.477800
750.0 272.566400
775.0 283.411600
800.0 294.256800
825.0 300.754200
850.0 307.251600
875.0 313.448900
900.0 319.646200
925.0 323.190950
950.0 326.735700
975.0 330.280450
1000.0 333.825200
1025.0 337.369950
