0.0 0.000000
25.0 0.000000
50.0 0.000000
75.0 0.202199
100.0 0.521508
125.0 0.840817
150.0 1.160126
175.0 1.394347
200.0 1.628568
225.0 1.829851
250.0 2.031134
275.0 3.218712
300.0 4.406290
325.0 5.998266
350.0 7.590242
375.0 9.606742
400.0 11.623242
425.0 14.677262
450.0 17.731282
475.0 21.819171
500.0 25.907060
525.0 29.599700
550.0 33.292340
575.0 36.979490
600.0 40.666640
625.0 44.794780
650.0 48.922920
675.0 52.458200
700.0 55.993480
725.0 59.029210
750.0 62.064940
775.0 64.580980
800.0 67.097020
825.0 68.983590
850.0 70.870160
875.0 71.801560
900.0 72.732960
925.0 73.225185
950.0 73.717410
975.0 74.209635
1000.0 74.701860
1025.0 75.194085
