## pi+ -> o-16
## File generated by MakeTextFiles.cxx
## KE    pipro_xs   
0        0             
50       0             
100      0             
150      0             
200      0             
250      0             
300      0             
350      0             
400      35.5715       
450      73.7457       
500      79.8189       
550      88.4949       
600      98.4722       
650      109.317       
700      121.03        
750      131.875       
800      140.551       
850      146.19        
900      150.094       
950      153.131       
1000     156.601       
