#  FA07K 2700 MEV P(202) CHI/DP=49261/24376   SU07         SM05  12/20/ 8  
#     PI0N  DSG  AT Elab =  1050.00      12/20/ 8  
#     Acm     Obs,Err
     0.000  0.1154E+00  0.0000E+00
     5.000  0.1921E+00  0.0000E+00
    10.000  0.4100E+00  0.0000E+00
    15.000  0.7346E+00  0.0000E+00
    20.000  0.1115E+01  0.0000E+00
    25.000  0.1494E+01  0.0000E+00
    30.000  0.1814E+01  0.0000E+00
    35.000  0.2032E+01  0.0000E+00
    40.000  0.2119E+01  0.0000E+00
    45.000  0.2069E+01  0.0000E+00
    50.000  0.1896E+01  0.0000E+00
    55.000  0.1633E+01  0.0000E+00
    60.000  0.1322E+01  0.0000E+00
    65.000  0.1012E+01  0.0000E+00
    70.000  0.7475E+00  0.0000E+00
    75.000  0.5624E+00  0.0000E+00
    80.000  0.4746E+00  0.0000E+00
    85.000  0.4841E+00  0.0000E+00
    90.000  0.5747E+00  0.0000E+00
    95.000  0.7181E+00  0.0000E+00
   100.000  0.8812E+00  0.0000E+00
   105.000  0.1033E+01  0.0000E+00
   110.000  0.1151E+01  0.0000E+00
   115.000  0.1226E+01  0.0000E+00
   120.000  0.1258E+01  0.0000E+00
   125.000  0.1262E+01  0.0000E+00
   130.000  0.1256E+01  0.0000E+00
   135.000  0.1256E+01  0.0000E+00
   140.000  0.1277E+01  0.0000E+00
   145.000  0.1325E+01  0.0000E+00
   150.000  0.1397E+01  0.0000E+00
   155.000  0.1484E+01  0.0000E+00
   160.000  0.1577E+01  0.0000E+00
   165.000  0.1661E+01  0.0000E+00
   170.000  0.1728E+01  0.0000E+00
   175.000  0.1771E+01  0.0000E+00
   180.000  0.1785E+01  0.0000E+00
