#  FA07K 2700 MEV P(202) CHI/DP=49261/24376   SU07         SM05  12/20/ 8  
#     PI0N  DSG  AT Elab =  1150.00      12/20/ 8  
#     Acm     Obs,Err
     0.000  0.2790E-01  0.0000E+00
     5.000  0.7551E-01  0.0000E+00
    10.000  0.2096E+00  0.0000E+00
    15.000  0.4058E+00  0.0000E+00
    20.000  0.6300E+00  0.0000E+00
    25.000  0.8455E+00  0.0000E+00
    30.000  0.1020E+01  0.0000E+00
    35.000  0.1131E+01  0.0000E+00
    40.000  0.1168E+01  0.0000E+00
    45.000  0.1132E+01  0.0000E+00
    50.000  0.1036E+01  0.0000E+00
    55.000  0.8977E+00  0.0000E+00
    60.000  0.7401E+00  0.0000E+00
    65.000  0.5861E+00  0.0000E+00
    70.000  0.4562E+00  0.0000E+00
    75.000  0.3653E+00  0.0000E+00
    80.000  0.3206E+00  0.0000E+00
    85.000  0.3211E+00  0.0000E+00
    90.000  0.3581E+00  0.0000E+00
    95.000  0.4182E+00  0.0000E+00
   100.000  0.4869E+00  0.0000E+00
   105.000  0.5526E+00  0.0000E+00
   110.000  0.6099E+00  0.0000E+00
   115.000  0.6603E+00  0.0000E+00
   120.000  0.7110E+00  0.0000E+00
   125.000  0.7712E+00  0.0000E+00
   130.000  0.8483E+00  0.0000E+00
   135.000  0.9436E+00  0.0000E+00
   140.000  0.1051E+01  0.0000E+00
   145.000  0.1159E+01  0.0000E+00
   150.000  0.1251E+01  0.0000E+00
   155.000  0.1316E+01  0.0000E+00
   160.000  0.1349E+01  0.0000E+00
   165.000  0.1353E+01  0.0000E+00
   170.000  0.1339E+01  0.0000E+00
   175.000  0.1322E+01  0.0000E+00
   180.000  0.1315E+01  0.0000E+00
