#  FA07K 2700 MEV P(202) CHI/DP=49261/24376   SU07         SM05  12/20/ 8  
#     PI0N  DSG  AT Elab =  1200.00      12/20/ 8  
#     Acm     Obs,Err
     0.000  0.9329E-02  0.0000E+00
     5.000  0.6280E-01  0.0000E+00
    10.000  0.2117E+00  0.0000E+00
    15.000  0.4248E+00  0.0000E+00
    20.000  0.6589E+00  0.0000E+00
    25.000  0.8700E+00  0.0000E+00
    30.000  0.1023E+01  0.0000E+00
    35.000  0.1097E+01  0.0000E+00
    40.000  0.1090E+01  0.0000E+00
    45.000  0.1012E+01  0.0000E+00
    50.000  0.8841E+00  0.0000E+00
    55.000  0.7318E+00  0.0000E+00
    60.000  0.5791E+00  0.0000E+00
    65.000  0.4461E+00  0.0000E+00
    70.000  0.3466E+00  0.0000E+00
    75.000  0.2876E+00  0.0000E+00
    80.000  0.2688E+00  0.0000E+00
    85.000  0.2839E+00  0.0000E+00
    90.000  0.3226E+00  0.0000E+00
    95.000  0.3730E+00  0.0000E+00
   100.000  0.4255E+00  0.0000E+00
   105.000  0.4752E+00  0.0000E+00
   110.000  0.5237E+00  0.0000E+00
   115.000  0.5779E+00  0.0000E+00
   120.000  0.6477E+00  0.0000E+00
   125.000  0.7413E+00  0.0000E+00
   130.000  0.8604E+00  0.0000E+00
   135.000  0.9979E+00  0.0000E+00
   140.000  0.1137E+01  0.0000E+00
   145.000  0.1257E+01  0.0000E+00
   150.000  0.1336E+01  0.0000E+00
   155.000  0.1360E+01  0.0000E+00
   160.000  0.1330E+01  0.0000E+00
   165.000  0.1261E+01  0.0000E+00
   170.000  0.1179E+01  0.0000E+00
   175.000  0.1114E+01  0.0000E+00
   180.000  0.1089E+01  0.0000E+00
