#  FA07K 2700 MEV P(202) CHI/DP=49261/24376   SU07         SM05  12/20/ 8  
#     PI0N  DSG  AT Elab =   180.00      12/20/ 8  
#     Acm     Obs,Err
     0.000  0.4328E+00  0.0000E+00
     5.000  0.4358E+00  0.0000E+00
    10.000  0.4446E+00  0.0000E+00
    15.000  0.4590E+00  0.0000E+00
    20.000  0.4783E+00  0.0000E+00
    25.000  0.5018E+00  0.0000E+00
    30.000  0.5287E+00  0.0000E+00
    35.000  0.5580E+00  0.0000E+00
    40.000  0.5885E+00  0.0000E+00
    45.000  0.6191E+00  0.0000E+00
    50.000  0.6487E+00  0.0000E+00
    55.000  0.6763E+00  0.0000E+00
    60.000  0.7007E+00  0.0000E+00
    65.000  0.7211E+00  0.0000E+00
    70.000  0.7368E+00  0.0000E+00
    75.000  0.7469E+00  0.0000E+00
    80.000  0.7512E+00  0.0000E+00
    85.000  0.7492E+00  0.0000E+00
    90.000  0.7408E+00  0.0000E+00
    95.000  0.7262E+00  0.0000E+00
   100.000  0.7055E+00  0.0000E+00
   105.000  0.6794E+00  0.0000E+00
   110.000  0.6482E+00  0.0000E+00
   115.000  0.6130E+00  0.0000E+00
   120.000  0.5744E+00  0.0000E+00
   125.000  0.5336E+00  0.0000E+00
   130.000  0.4916E+00  0.0000E+00
   135.000  0.4495E+00  0.0000E+00
   140.000  0.4083E+00  0.0000E+00
   145.000  0.3692E+00  0.0000E+00
   150.000  0.3331E+00  0.0000E+00
   155.000  0.3010E+00  0.0000E+00
   160.000  0.2736E+00  0.0000E+00
   165.000  0.2515E+00  0.0000E+00
   170.000  0.2354E+00  0.0000E+00
   175.000  0.2256E+00  0.0000E+00
   180.000  0.2223E+00  0.0000E+00
