#  FA07K 2700 MEV P(202) CHI/DP=49261/24376   SU07         SM05  12/20/ 8  
#     PI0N  DSG  AT Elab =   220.00      12/20/ 8  
#     Acm     Obs,Err
     0.000  0.1941E+01  0.0000E+00
     5.000  0.1958E+01  0.0000E+00
    10.000  0.2009E+01  0.0000E+00
    15.000  0.2090E+01  0.0000E+00
    20.000  0.2199E+01  0.0000E+00
    25.000  0.2330E+01  0.0000E+00
    30.000  0.2479E+01  0.0000E+00
    35.000  0.2640E+01  0.0000E+00
    40.000  0.2806E+01  0.0000E+00
    45.000  0.2972E+01  0.0000E+00
    50.000  0.3132E+01  0.0000E+00
    55.000  0.3280E+01  0.0000E+00
    60.000  0.3412E+01  0.0000E+00
    65.000  0.3523E+01  0.0000E+00
    70.000  0.3609E+01  0.0000E+00
    75.000  0.3669E+01  0.0000E+00
    80.000  0.3699E+01  0.0000E+00
    85.000  0.3698E+01  0.0000E+00
    90.000  0.3665E+01  0.0000E+00
    95.000  0.3601E+01  0.0000E+00
   100.000  0.3506E+01  0.0000E+00
   105.000  0.3383E+01  0.0000E+00
   110.000  0.3236E+01  0.0000E+00
   115.000  0.3067E+01  0.0000E+00
   120.000  0.2881E+01  0.0000E+00
   125.000  0.2685E+01  0.0000E+00
   130.000  0.2483E+01  0.0000E+00
   135.000  0.2282E+01  0.0000E+00
   140.000  0.2087E+01  0.0000E+00
   145.000  0.1903E+01  0.0000E+00
   150.000  0.1735E+01  0.0000E+00
   155.000  0.1586E+01  0.0000E+00
   160.000  0.1461E+01  0.0000E+00
   165.000  0.1361E+01  0.0000E+00
   170.000  0.1288E+01  0.0000E+00
   175.000  0.1244E+01  0.0000E+00
   180.000  0.1229E+01  0.0000E+00
