#  FA07K 2700 MEV P(202) CHI/DP=49261/24376   SU07         SM05  12/20/ 8  
#     PI0N  DSG  AT Elab =   260.00      12/20/ 8  
#     Acm     Obs,Err
     0.000  0.5798E+01  0.0000E+00
     5.000  0.5859E+01  0.0000E+00
    10.000  0.6041E+01  0.0000E+00
    15.000  0.6334E+01  0.0000E+00
    20.000  0.6726E+01  0.0000E+00
    25.000  0.7200E+01  0.0000E+00
    30.000  0.7737E+01  0.0000E+00
    35.000  0.8316E+01  0.0000E+00
    40.000  0.8915E+01  0.0000E+00
    45.000  0.9514E+01  0.0000E+00
    50.000  0.1009E+02  0.0000E+00
    55.000  0.1063E+02  0.0000E+00
    60.000  0.1112E+02  0.0000E+00
    65.000  0.1154E+02  0.0000E+00
    70.000  0.1187E+02  0.0000E+00
    75.000  0.1212E+02  0.0000E+00
    80.000  0.1227E+02  0.0000E+00
    85.000  0.1231E+02  0.0000E+00
    90.000  0.1224E+02  0.0000E+00
    95.000  0.1205E+02  0.0000E+00
   100.000  0.1176E+02  0.0000E+00
   105.000  0.1137E+02  0.0000E+00
   110.000  0.1089E+02  0.0000E+00
   115.000  0.1032E+02  0.0000E+00
   120.000  0.9691E+01  0.0000E+00
   125.000  0.9019E+01  0.0000E+00
   130.000  0.8322E+01  0.0000E+00
   135.000  0.7623E+01  0.0000E+00
   140.000  0.6942E+01  0.0000E+00
   145.000  0.6298E+01  0.0000E+00
   150.000  0.5709E+01  0.0000E+00
   155.000  0.5188E+01  0.0000E+00
   160.000  0.4747E+01  0.0000E+00
   165.000  0.4396E+01  0.0000E+00
   170.000  0.4141E+01  0.0000E+00
   175.000  0.3987E+01  0.0000E+00
   180.000  0.3935E+01  0.0000E+00
