#  FA07K 2700 MEV P(202) CHI/DP=49261/24376   SU07         SM05  12/20/ 8  
#     PI0N  DSG  AT Elab =   320.00      12/20/ 8  
#     Acm     Obs,Err
     0.000  0.1315E+02  0.0000E+00
     5.000  0.1330E+02  0.0000E+00
    10.000  0.1373E+02  0.0000E+00
    15.000  0.1444E+02  0.0000E+00
    20.000  0.1539E+02  0.0000E+00
    25.000  0.1656E+02  0.0000E+00
    30.000  0.1791E+02  0.0000E+00
    35.000  0.1939E+02  0.0000E+00
    40.000  0.2095E+02  0.0000E+00
    45.000  0.2255E+02  0.0000E+00
    50.000  0.2414E+02  0.0000E+00
    55.000  0.2565E+02  0.0000E+00
    60.000  0.2705E+02  0.0000E+00
    65.000  0.2829E+02  0.0000E+00
    70.000  0.2931E+02  0.0000E+00
    75.000  0.3010E+02  0.0000E+00
    80.000  0.3061E+02  0.0000E+00
    85.000  0.3083E+02  0.0000E+00
    90.000  0.3074E+02  0.0000E+00
    95.000  0.3035E+02  0.0000E+00
   100.000  0.2965E+02  0.0000E+00
   105.000  0.2867E+02  0.0000E+00
   110.000  0.2743E+02  0.0000E+00
   115.000  0.2595E+02  0.0000E+00
   120.000  0.2429E+02  0.0000E+00
   125.000  0.2249E+02  0.0000E+00
   130.000  0.2060E+02  0.0000E+00
   135.000  0.1868E+02  0.0000E+00
   140.000  0.1677E+02  0.0000E+00
   145.000  0.1494E+02  0.0000E+00
   150.000  0.1323E+02  0.0000E+00
   155.000  0.1169E+02  0.0000E+00
   160.000  0.1037E+02  0.0000E+00
   165.000  0.9300E+01  0.0000E+00
   170.000  0.8515E+01  0.0000E+00
   175.000  0.8035E+01  0.0000E+00
   180.000  0.7874E+01  0.0000E+00
