#  FA07K 2700 MEV P(202) CHI/DP=49261/24376   SU07         SM05  12/20/ 8  
#     PI0N  DSG  AT Elab =   340.00      12/20/ 8  
#     Acm     Obs,Err
     0.000  0.1235E+02  0.0000E+00
     5.000  0.1247E+02  0.0000E+00
    10.000  0.1285E+02  0.0000E+00
    15.000  0.1348E+02  0.0000E+00
    20.000  0.1432E+02  0.0000E+00
    25.000  0.1537E+02  0.0000E+00
    30.000  0.1659E+02  0.0000E+00
    35.000  0.1795E+02  0.0000E+00
    40.000  0.1940E+02  0.0000E+00
    45.000  0.2091E+02  0.0000E+00
    50.000  0.2241E+02  0.0000E+00
    55.000  0.2387E+02  0.0000E+00
    60.000  0.2522E+02  0.0000E+00
    65.000  0.2643E+02  0.0000E+00
    70.000  0.2744E+02  0.0000E+00
    75.000  0.2821E+02  0.0000E+00
    80.000  0.2873E+02  0.0000E+00
    85.000  0.2896E+02  0.0000E+00
    90.000  0.2889E+02  0.0000E+00
    95.000  0.2852E+02  0.0000E+00
   100.000  0.2786E+02  0.0000E+00
   105.000  0.2692E+02  0.0000E+00
   110.000  0.2573E+02  0.0000E+00
   115.000  0.2433E+02  0.0000E+00
   120.000  0.2274E+02  0.0000E+00
   125.000  0.2102E+02  0.0000E+00
   130.000  0.1920E+02  0.0000E+00
   135.000  0.1735E+02  0.0000E+00
   140.000  0.1550E+02  0.0000E+00
   145.000  0.1371E+02  0.0000E+00
   150.000  0.1203E+02  0.0000E+00
   155.000  0.1052E+02  0.0000E+00
   160.000  0.9204E+01  0.0000E+00
   165.000  0.8138E+01  0.0000E+00
   170.000  0.7351E+01  0.0000E+00
   175.000  0.6868E+01  0.0000E+00
   180.000  0.6705E+01  0.0000E+00
