#  FA07K 2700 MEV P(202) CHI/DP=49261/24376   SU07         SM05  12/20/ 8  
#     PI0N  DSG  AT Elab =   360.00      12/20/ 8  
#     Acm     Obs,Err
     0.000  0.1060E+02  0.0000E+00
     5.000  0.1070E+02  0.0000E+00
    10.000  0.1099E+02  0.0000E+00
    15.000  0.1148E+02  0.0000E+00
    20.000  0.1214E+02  0.0000E+00
    25.000  0.1298E+02  0.0000E+00
    30.000  0.1396E+02  0.0000E+00
    35.000  0.1507E+02  0.0000E+00
    40.000  0.1628E+02  0.0000E+00
    45.000  0.1754E+02  0.0000E+00
    50.000  0.1882E+02  0.0000E+00
    55.000  0.2008E+02  0.0000E+00
    60.000  0.2126E+02  0.0000E+00
    65.000  0.2232E+02  0.0000E+00
    70.000  0.2322E+02  0.0000E+00
    75.000  0.2392E+02  0.0000E+00
    80.000  0.2438E+02  0.0000E+00
    85.000  0.2460E+02  0.0000E+00
    90.000  0.2455E+02  0.0000E+00
    95.000  0.2423E+02  0.0000E+00
   100.000  0.2367E+02  0.0000E+00
   105.000  0.2286E+02  0.0000E+00
   110.000  0.2184E+02  0.0000E+00
   115.000  0.2063E+02  0.0000E+00
   120.000  0.1926E+02  0.0000E+00
   125.000  0.1778E+02  0.0000E+00
   130.000  0.1621E+02  0.0000E+00
   135.000  0.1460E+02  0.0000E+00
   140.000  0.1299E+02  0.0000E+00
   145.000  0.1142E+02  0.0000E+00
   150.000  0.9944E+01  0.0000E+00
   155.000  0.8600E+01  0.0000E+00
   160.000  0.7432E+01  0.0000E+00
   165.000  0.6478E+01  0.0000E+00
   170.000  0.5771E+01  0.0000E+00
   175.000  0.5336E+01  0.0000E+00
   180.000  0.5189E+01  0.0000E+00
