#  FA07K 2700 MEV P(202) CHI/DP=49261/24376   SU07         SM05  12/20/ 8  
#     PI0N  DSG  AT Elab =   450.00      12/20/ 8  
#     Acm     Obs,Err
     0.000  0.4942E+01  0.0000E+00
     5.000  0.4961E+01  0.0000E+00
    10.000  0.5020E+01  0.0000E+00
    15.000  0.5121E+01  0.0000E+00
    20.000  0.5273E+01  0.0000E+00
    25.000  0.5481E+01  0.0000E+00
    30.000  0.5753E+01  0.0000E+00
    35.000  0.6092E+01  0.0000E+00
    40.000  0.6499E+01  0.0000E+00
    45.000  0.6968E+01  0.0000E+00
    50.000  0.7486E+01  0.0000E+00
    55.000  0.8032E+01  0.0000E+00
    60.000  0.8581E+01  0.0000E+00
    65.000  0.9104E+01  0.0000E+00
    70.000  0.9570E+01  0.0000E+00
    75.000  0.9953E+01  0.0000E+00
    80.000  0.1023E+02  0.0000E+00
    85.000  0.1038E+02  0.0000E+00
    90.000  0.1041E+02  0.0000E+00
    95.000  0.1030E+02  0.0000E+00
   100.000  0.1007E+02  0.0000E+00
   105.000  0.9718E+01  0.0000E+00
   110.000  0.9268E+01  0.0000E+00
   115.000  0.8731E+01  0.0000E+00
   120.000  0.8122E+01  0.0000E+00
   125.000  0.7459E+01  0.0000E+00
   130.000  0.6757E+01  0.0000E+00
   135.000  0.6032E+01  0.0000E+00
   140.000  0.5302E+01  0.0000E+00
   145.000  0.4585E+01  0.0000E+00
   150.000  0.3902E+01  0.0000E+00
   155.000  0.3273E+01  0.0000E+00
   160.000  0.2720E+01  0.0000E+00
   165.000  0.2263E+01  0.0000E+00
   170.000  0.1922E+01  0.0000E+00
   175.000  0.1711E+01  0.0000E+00
   180.000  0.1639E+01  0.0000E+00
