#  FA07K 2700 MEV P(202) CHI/DP=49261/24376   SU07         SM05  12/20/ 8  
#     PI0N  DSG  AT Elab =   500.00      12/20/ 8  
#     Acm     Obs,Err
     0.000  0.3262E+01  0.0000E+00
     5.000  0.3269E+01  0.0000E+00
    10.000  0.3293E+01  0.0000E+00
    15.000  0.3338E+01  0.0000E+00
    20.000  0.3409E+01  0.0000E+00
    25.000  0.3516E+01  0.0000E+00
    30.000  0.3666E+01  0.0000E+00
    35.000  0.3867E+01  0.0000E+00
    40.000  0.4125E+01  0.0000E+00
    45.000  0.4439E+01  0.0000E+00
    50.000  0.4803E+01  0.0000E+00
    55.000  0.5204E+01  0.0000E+00
    60.000  0.5624E+01  0.0000E+00
    65.000  0.6039E+01  0.0000E+00
    70.000  0.6424E+01  0.0000E+00
    75.000  0.6753E+01  0.0000E+00
    80.000  0.7006E+01  0.0000E+00
    85.000  0.7166E+01  0.0000E+00
    90.000  0.7225E+01  0.0000E+00
    95.000  0.7180E+01  0.0000E+00
   100.000  0.7035E+01  0.0000E+00
   105.000  0.6796E+01  0.0000E+00
   110.000  0.6476E+01  0.0000E+00
   115.000  0.6089E+01  0.0000E+00
   120.000  0.5646E+01  0.0000E+00
   125.000  0.5164E+01  0.0000E+00
   130.000  0.4654E+01  0.0000E+00
   135.000  0.4131E+01  0.0000E+00
   140.000  0.3607E+01  0.0000E+00
   145.000  0.3097E+01  0.0000E+00
   150.000  0.2613E+01  0.0000E+00
   155.000  0.2170E+01  0.0000E+00
   160.000  0.1783E+01  0.0000E+00
   165.000  0.1465E+01  0.0000E+00
   170.000  0.1229E+01  0.0000E+00
   175.000  0.1082E+01  0.0000E+00
   180.000  0.1033E+01  0.0000E+00
