#  FA07K 2700 MEV P(202) CHI/DP=49261/24376   SU07         SM05  12/20/ 8  
#     PI0N  DSG  AT Elab =   550.00      12/20/ 8  
#     Acm     Obs,Err
     0.000  0.2008E+01  0.0000E+00
     5.000  0.2013E+01  0.0000E+00
    10.000  0.2029E+01  0.0000E+00
    15.000  0.2059E+01  0.0000E+00
    20.000  0.2108E+01  0.0000E+00
    25.000  0.2181E+01  0.0000E+00
    30.000  0.2288E+01  0.0000E+00
    35.000  0.2436E+01  0.0000E+00
    40.000  0.2631E+01  0.0000E+00
    45.000  0.2876E+01  0.0000E+00
    50.000  0.3169E+01  0.0000E+00
    55.000  0.3502E+01  0.0000E+00
    60.000  0.3861E+01  0.0000E+00
    65.000  0.4226E+01  0.0000E+00
    70.000  0.4574E+01  0.0000E+00
    75.000  0.4884E+01  0.0000E+00
    80.000  0.5133E+01  0.0000E+00
    85.000  0.5307E+01  0.0000E+00
    90.000  0.5393E+01  0.0000E+00
    95.000  0.5389E+01  0.0000E+00
   100.000  0.5296E+01  0.0000E+00
   105.000  0.5121E+01  0.0000E+00
   110.000  0.4874E+01  0.0000E+00
   115.000  0.4569E+01  0.0000E+00
   120.000  0.4218E+01  0.0000E+00
   125.000  0.3837E+01  0.0000E+00
   130.000  0.3437E+01  0.0000E+00
   135.000  0.3032E+01  0.0000E+00
   140.000  0.2632E+01  0.0000E+00
   145.000  0.2249E+01  0.0000E+00
   150.000  0.1893E+01  0.0000E+00
   155.000  0.1572E+01  0.0000E+00
   160.000  0.1296E+01  0.0000E+00
   165.000  0.1072E+01  0.0000E+00
   170.000  0.9074E+00  0.0000E+00
   175.000  0.8064E+00  0.0000E+00
   180.000  0.7723E+00  0.0000E+00
