#  FA07K 2700 MEV P(202) CHI/DP=49261/24376   SU07         SM05  12/20/ 8  
#     PI0N  DSG  AT Elab =   600.00      12/20/ 8  
#     Acm     Obs,Err
     0.000  0.1282E+01  0.0000E+00
     5.000  0.1287E+01  0.0000E+00
    10.000  0.1304E+01  0.0000E+00
    15.000  0.1332E+01  0.0000E+00
    20.000  0.1375E+01  0.0000E+00
    25.000  0.1437E+01  0.0000E+00
    30.000  0.1522E+01  0.0000E+00
    35.000  0.1638E+01  0.0000E+00
    40.000  0.1790E+01  0.0000E+00
    45.000  0.1985E+01  0.0000E+00
    50.000  0.2222E+01  0.0000E+00
    55.000  0.2497E+01  0.0000E+00
    60.000  0.2800E+01  0.0000E+00
    65.000  0.3117E+01  0.0000E+00
    70.000  0.3428E+01  0.0000E+00
    75.000  0.3712E+01  0.0000E+00
    80.000  0.3950E+01  0.0000E+00
    85.000  0.4124E+01  0.0000E+00
    90.000  0.4225E+01  0.0000E+00
    95.000  0.4245E+01  0.0000E+00
   100.000  0.4186E+01  0.0000E+00
   105.000  0.4054E+01  0.0000E+00
   110.000  0.3857E+01  0.0000E+00
   115.000  0.3610E+01  0.0000E+00
   120.000  0.3326E+01  0.0000E+00
   125.000  0.3019E+01  0.0000E+00
   130.000  0.2703E+01  0.0000E+00
   135.000  0.2389E+01  0.0000E+00
   140.000  0.2088E+01  0.0000E+00
   145.000  0.1808E+01  0.0000E+00
   150.000  0.1555E+01  0.0000E+00
   155.000  0.1335E+01  0.0000E+00
   160.000  0.1152E+01  0.0000E+00
   165.000  0.1006E+01  0.0000E+00
   170.000  0.9017E+00  0.0000E+00
   175.000  0.8386E+00  0.0000E+00
   180.000  0.8175E+00  0.0000E+00
