#  FA07K 2700 MEV P(202) CHI/DP=49261/24376   SU07         SM05  12/20/ 8  
#     PI0N  DSG  AT Elab =   650.00      12/20/ 8  
#     Acm     Obs,Err
     0.000  0.1014E+01  0.0000E+00
     5.000  0.1021E+01  0.0000E+00
    10.000  0.1042E+01  0.0000E+00
    15.000  0.1076E+01  0.0000E+00
    20.000  0.1123E+01  0.0000E+00
    25.000  0.1182E+01  0.0000E+00
    30.000  0.1256E+01  0.0000E+00
    35.000  0.1351E+01  0.0000E+00
    40.000  0.1471E+01  0.0000E+00
    45.000  0.1623E+01  0.0000E+00
    50.000  0.1810E+01  0.0000E+00
    55.000  0.2030E+01  0.0000E+00
    60.000  0.2278E+01  0.0000E+00
    65.000  0.2544E+01  0.0000E+00
    70.000  0.2811E+01  0.0000E+00
    75.000  0.3062E+01  0.0000E+00
    80.000  0.3278E+01  0.0000E+00
    85.000  0.3443E+01  0.0000E+00
    90.000  0.3545E+01  0.0000E+00
    95.000  0.3578E+01  0.0000E+00
   100.000  0.3541E+01  0.0000E+00
   105.000  0.3439E+01  0.0000E+00
   110.000  0.3281E+01  0.0000E+00
   115.000  0.3079E+01  0.0000E+00
   120.000  0.2849E+01  0.0000E+00
   125.000  0.2605E+01  0.0000E+00
   130.000  0.2359E+01  0.0000E+00
   135.000  0.2124E+01  0.0000E+00
   140.000  0.1907E+01  0.0000E+00
   145.000  0.1716E+01  0.0000E+00
   150.000  0.1553E+01  0.0000E+00
   155.000  0.1419E+01  0.0000E+00
   160.000  0.1314E+01  0.0000E+00
   165.000  0.1235E+01  0.0000E+00
   170.000  0.1182E+01  0.0000E+00
   175.000  0.1150E+01  0.0000E+00
   180.000  0.1140E+01  0.0000E+00
