#  FA07K 2700 MEV P(202) CHI/DP=49261/24376   SU07         SM05  12/20/ 8  
#     PI0N  DSG  AT Elab =   700.00      12/20/ 8  
#     Acm     Obs,Err
     0.000  0.1301E+01  0.0000E+00
     5.000  0.1309E+01  0.0000E+00
    10.000  0.1330E+01  0.0000E+00
    15.000  0.1364E+01  0.0000E+00
    20.000  0.1406E+01  0.0000E+00
    25.000  0.1456E+01  0.0000E+00
    30.000  0.1513E+01  0.0000E+00
    35.000  0.1583E+01  0.0000E+00
    40.000  0.1670E+01  0.0000E+00
    45.000  0.1780E+01  0.0000E+00
    50.000  0.1920E+01  0.0000E+00
    55.000  0.2090E+01  0.0000E+00
    60.000  0.2289E+01  0.0000E+00
    65.000  0.2509E+01  0.0000E+00
    70.000  0.2736E+01  0.0000E+00
    75.000  0.2956E+01  0.0000E+00
    80.000  0.3151E+01  0.0000E+00
    85.000  0.3305E+01  0.0000E+00
    90.000  0.3408E+01  0.0000E+00
    95.000  0.3450E+01  0.0000E+00
   100.000  0.3432E+01  0.0000E+00
   105.000  0.3358E+01  0.0000E+00
   110.000  0.3237E+01  0.0000E+00
   115.000  0.3082E+01  0.0000E+00
   120.000  0.2907E+01  0.0000E+00
   125.000  0.2727E+01  0.0000E+00
   130.000  0.2554E+01  0.0000E+00
   135.000  0.2399E+01  0.0000E+00
   140.000  0.2268E+01  0.0000E+00
   145.000  0.2164E+01  0.0000E+00
   150.000  0.2087E+01  0.0000E+00
   155.000  0.2033E+01  0.0000E+00
   160.000  0.1999E+01  0.0000E+00
   165.000  0.1979E+01  0.0000E+00
   170.000  0.1969E+01  0.0000E+00
   175.000  0.1964E+01  0.0000E+00
   180.000  0.1963E+01  0.0000E+00
