#  FA07K 2700 MEV P(202) CHI/DP=49261/24376   SU07         SM05  12/20/ 8  
#     PI0N  DSG  AT Elab =   850.00      12/20/ 8  
#     Acm     Obs,Err
     0.000  0.1381E+01  0.0000E+00
     5.000  0.1395E+01  0.0000E+00
    10.000  0.1434E+01  0.0000E+00
    15.000  0.1485E+01  0.0000E+00
    20.000  0.1533E+01  0.0000E+00
    25.000  0.1562E+01  0.0000E+00
    30.000  0.1563E+01  0.0000E+00
    35.000  0.1534E+01  0.0000E+00
    40.000  0.1482E+01  0.0000E+00
    45.000  0.1422E+01  0.0000E+00
    50.000  0.1375E+01  0.0000E+00
    55.000  0.1359E+01  0.0000E+00
    60.000  0.1389E+01  0.0000E+00
    65.000  0.1473E+01  0.0000E+00
    70.000  0.1610E+01  0.0000E+00
    75.000  0.1789E+01  0.0000E+00
    80.000  0.1993E+01  0.0000E+00
    85.000  0.2200E+01  0.0000E+00
    90.000  0.2388E+01  0.0000E+00
    95.000  0.2538E+01  0.0000E+00
   100.000  0.2635E+01  0.0000E+00
   105.000  0.2675E+01  0.0000E+00
   110.000  0.2658E+01  0.0000E+00
   115.000  0.2592E+01  0.0000E+00
   120.000  0.2491E+01  0.0000E+00
   125.000  0.2370E+01  0.0000E+00
   130.000  0.2242E+01  0.0000E+00
   135.000  0.2120E+01  0.0000E+00
   140.000  0.2009E+01  0.0000E+00
   145.000  0.1913E+01  0.0000E+00
   150.000  0.1830E+01  0.0000E+00
   155.000  0.1758E+01  0.0000E+00
   160.000  0.1695E+01  0.0000E+00
   165.000  0.1642E+01  0.0000E+00
   170.000  0.1600E+01  0.0000E+00
   175.000  0.1573E+01  0.0000E+00
   180.000  0.1564E+01  0.0000E+00
