#  FA07K 2700 MEV P(202) CHI/DP=49261/24376   SU07         SM05  12/20/ 8  
#     PI0N  DSG  AT Elab =   900.00      12/20/ 8  
#     Acm     Obs,Err
     0.000  0.8332E+00  0.0000E+00
     5.000  0.8692E+00  0.0000E+00
    10.000  0.9688E+00  0.0000E+00
    15.000  0.1109E+01  0.0000E+00
    20.000  0.1258E+01  0.0000E+00
    25.000  0.1383E+01  0.0000E+00
    30.000  0.1458E+01  0.0000E+00
    35.000  0.1467E+01  0.0000E+00
    40.000  0.1414E+01  0.0000E+00
    45.000  0.1313E+01  0.0000E+00
    50.000  0.1191E+01  0.0000E+00
    55.000  0.1078E+01  0.0000E+00
    60.000  0.1003E+01  0.0000E+00
    65.000  0.9864E+00  0.0000E+00
    70.000  0.1038E+01  0.0000E+00
    75.000  0.1156E+01  0.0000E+00
    80.000  0.1325E+01  0.0000E+00
    85.000  0.1523E+01  0.0000E+00
    90.000  0.1723E+01  0.0000E+00
    95.000  0.1898E+01  0.0000E+00
   100.000  0.2029E+01  0.0000E+00
   105.000  0.2099E+01  0.0000E+00
   110.000  0.2106E+01  0.0000E+00
   115.000  0.2055E+01  0.0000E+00
   120.000  0.1956E+01  0.0000E+00
   125.000  0.1826E+01  0.0000E+00
   130.000  0.1682E+01  0.0000E+00
   135.000  0.1538E+01  0.0000E+00
   140.000  0.1403E+01  0.0000E+00
   145.000  0.1281E+01  0.0000E+00
   150.000  0.1173E+01  0.0000E+00
   155.000  0.1077E+01  0.0000E+00
   160.000  0.9920E+00  0.0000E+00
   165.000  0.9190E+00  0.0000E+00
   170.000  0.8615E+00  0.0000E+00
   175.000  0.8243E+00  0.0000E+00
   180.000  0.8113E+00  0.0000E+00
