# Proton-Neutron Scattering
# Angle vs. Cross-section (millibarns)
# 500 MeV

  0.000  0.6943E+01     
  9.000  0.5959E+01     
 18.000  0.5239E+01     
 27.000  0.4852E+01     
 36.000  0.4355E+01     
 45.000  0.3693E+01     
 54.000  0.2963E+01     
 63.000  0.2303E+01     
 72.000  0.1796E+01     
 81.000  0.1456E+01     
 90.000  0.1254E+01     
 99.000  0.1159E+01     
108.000  0.1163E+01     
117.000  0.1291E+01     
126.000  0.1604E+01     
135.000  0.2165E+01     
144.000  0.2972E+01     
153.000  0.3897E+01     
162.000  0.4916E+01     
171.000  0.7357E+01     
180.000  0.1063E+02