# Proton-Neutron Scattering
# Angle vs. Cross-section (millibarns)
# 750 MeV

  0.000  0.1236E+02     
  9.000  0.1075E+02     
 18.000  0.9074E+01     
 27.000  0.7368E+01     
 36.000  0.5570E+01     
 45.000  0.3901E+01     
 54.000  0.2564E+01     
 63.000  0.1636E+01     
 72.000  0.1061E+01     
 81.000  0.7382E+00     
 90.000  0.5887E+00     
 99.000  0.5561E+00     
108.000  0.5989E+00     
117.000  0.7011E+00     
126.000  0.8883E+00     
135.000  0.1229E+01     
144.000  0.1815E+01     
153.000  0.2662E+01     
162.000  0.3595E+01     
171.000  0.5386E+01     
180.000  0.8951E+01