#  FA07K 2700 MEV P(202) CHI/DP=49261/24376   SU07         SM05  12/20/ 8  
#     PI+N  DSG  AT Elab =   160.00      12/20/ 8  
#     Acm     Obs,Err
     0.000  0.5060E+01  0.0000E+00
     5.000  0.5057E+01  0.0000E+00
    10.000  0.5049E+01  0.0000E+00
    15.000  0.5035E+01  0.0000E+00
    20.000  0.5018E+01  0.0000E+00
    25.000  0.4997E+01  0.0000E+00
    30.000  0.4976E+01  0.0000E+00
    35.000  0.4955E+01  0.0000E+00
    40.000  0.4935E+01  0.0000E+00
    45.000  0.4916E+01  0.0000E+00
    50.000  0.4901E+01  0.0000E+00
    55.000  0.4889E+01  0.0000E+00
    60.000  0.4880E+01  0.0000E+00
    65.000  0.4875E+01  0.0000E+00
    70.000  0.4873E+01  0.0000E+00
    75.000  0.4874E+01  0.0000E+00
    80.000  0.4878E+01  0.0000E+00
    85.000  0.4885E+01  0.0000E+00
    90.000  0.4893E+01  0.0000E+00
    95.000  0.4903E+01  0.0000E+00
   100.000  0.4913E+01  0.0000E+00
   105.000  0.4924E+01  0.0000E+00
   110.000  0.4934E+01  0.0000E+00
   115.000  0.4945E+01  0.0000E+00
   120.000  0.4954E+01  0.0000E+00
   125.000  0.4963E+01  0.0000E+00
   130.000  0.4971E+01  0.0000E+00
   135.000  0.4978E+01  0.0000E+00
   140.000  0.4984E+01  0.0000E+00
   145.000  0.4989E+01  0.0000E+00
   150.000  0.4993E+01  0.0000E+00
   155.000  0.4997E+01  0.0000E+00
   160.000  0.5000E+01  0.0000E+00
   165.000  0.5002E+01  0.0000E+00
   170.000  0.5004E+01  0.0000E+00
   175.000  0.5005E+01  0.0000E+00
   180.000  0.5005E+01  0.0000E+00
