#  FA07K 2700 MEV P(202) CHI/DP=49261/24376   SU07         SM05  12/20/ 8  
#     PI+N  DSG  AT Elab =   180.00      12/20/ 8  
#     Acm     Obs,Err
     0.000  0.7502E+01  0.0000E+00
     5.000  0.7481E+01  0.0000E+00
    10.000  0.7424E+01  0.0000E+00
    15.000  0.7338E+01  0.0000E+00
    20.000  0.7235E+01  0.0000E+00
    25.000  0.7130E+01  0.0000E+00
    30.000  0.7033E+01  0.0000E+00
    35.000  0.6955E+01  0.0000E+00
    40.000  0.6902E+01  0.0000E+00
    45.000  0.6874E+01  0.0000E+00
    50.000  0.6873E+01  0.0000E+00
    55.000  0.6896E+01  0.0000E+00
    60.000  0.6939E+01  0.0000E+00
    65.000  0.6997E+01  0.0000E+00
    70.000  0.7067E+01  0.0000E+00
    75.000  0.7143E+01  0.0000E+00
    80.000  0.7222E+01  0.0000E+00
    85.000  0.7300E+01  0.0000E+00
    90.000  0.7374E+01  0.0000E+00
    95.000  0.7441E+01  0.0000E+00
   100.000  0.7499E+01  0.0000E+00
   105.000  0.7548E+01  0.0000E+00
   110.000  0.7585E+01  0.0000E+00
   115.000  0.7612E+01  0.0000E+00
   120.000  0.7628E+01  0.0000E+00
   125.000  0.7634E+01  0.0000E+00
   130.000  0.7632E+01  0.0000E+00
   135.000  0.7623E+01  0.0000E+00
   140.000  0.7609E+01  0.0000E+00
   145.000  0.7593E+01  0.0000E+00
   150.000  0.7575E+01  0.0000E+00
   155.000  0.7558E+01  0.0000E+00
   160.000  0.7543E+01  0.0000E+00
   165.000  0.7531E+01  0.0000E+00
   170.000  0.7521E+01  0.0000E+00
   175.000  0.7516E+01  0.0000E+00
   180.000  0.7514E+01  0.0000E+00
