#  FA07K 2700 MEV P(202) CHI/DP=49261/24376   SU07         SM05  12/20/ 8  
#     PI+N  DSG  AT Elab =   260.00      12/20/ 8  
#     Acm     Obs,Err
     0.000  0.5056E+01  0.0000E+00
     5.000  0.4994E+01  0.0000E+00
    10.000  0.4857E+01  0.0000E+00
    15.000  0.4764E+01  0.0000E+00
    20.000  0.4834E+01  0.0000E+00
    25.000  0.5138E+01  0.0000E+00
    30.000  0.5684E+01  0.0000E+00
    35.000  0.6437E+01  0.0000E+00
    40.000  0.7344E+01  0.0000E+00
    45.000  0.8348E+01  0.0000E+00
    50.000  0.9397E+01  0.0000E+00
    55.000  0.1045E+02  0.0000E+00
    60.000  0.1148E+02  0.0000E+00
    65.000  0.1245E+02  0.0000E+00
    70.000  0.1335E+02  0.0000E+00
    75.000  0.1415E+02  0.0000E+00
    80.000  0.1486E+02  0.0000E+00
    85.000  0.1546E+02  0.0000E+00
    90.000  0.1595E+02  0.0000E+00
    95.000  0.1632E+02  0.0000E+00
   100.000  0.1658E+02  0.0000E+00
   105.000  0.1673E+02  0.0000E+00
   110.000  0.1677E+02  0.0000E+00
   115.000  0.1671E+02  0.0000E+00
   120.000  0.1656E+02  0.0000E+00
   125.000  0.1634E+02  0.0000E+00
   130.000  0.1606E+02  0.0000E+00
   135.000  0.1575E+02  0.0000E+00
   140.000  0.1542E+02  0.0000E+00
   145.000  0.1509E+02  0.0000E+00
   150.000  0.1478E+02  0.0000E+00
   155.000  0.1450E+02  0.0000E+00
   160.000  0.1426E+02  0.0000E+00
   165.000  0.1406E+02  0.0000E+00
   170.000  0.1392E+02  0.0000E+00
   175.000  0.1384E+02  0.0000E+00
   180.000  0.1381E+02  0.0000E+00
