#  FA07K 2700 MEV P(202) CHI/DP=49261/24376   SU07         SM05  12/20/ 8  
#     PI+N  DSG  AT Elab =   340.00      12/20/ 8  
#     Acm     Obs,Err
     0.000  0.1672E+02  0.0000E+00
     5.000  0.1632E+02  0.0000E+00
    10.000  0.1534E+02  0.0000E+00
    15.000  0.1427E+02  0.0000E+00
    20.000  0.1349E+02  0.0000E+00
    25.000  0.1317E+02  0.0000E+00
    30.000  0.1326E+02  0.0000E+00
    35.000  0.1367E+02  0.0000E+00
    40.000  0.1428E+02  0.0000E+00
    45.000  0.1500E+02  0.0000E+00
    50.000  0.1575E+02  0.0000E+00
    55.000  0.1650E+02  0.0000E+00
    60.000  0.1719E+02  0.0000E+00
    65.000  0.1782E+02  0.0000E+00
    70.000  0.1834E+02  0.0000E+00
    75.000  0.1876E+02  0.0000E+00
    80.000  0.1905E+02  0.0000E+00
    85.000  0.1922E+02  0.0000E+00
    90.000  0.1925E+02  0.0000E+00
    95.000  0.1917E+02  0.0000E+00
   100.000  0.1896E+02  0.0000E+00
   105.000  0.1864E+02  0.0000E+00
   110.000  0.1822E+02  0.0000E+00
   115.000  0.1771E+02  0.0000E+00
   120.000  0.1713E+02  0.0000E+00
   125.000  0.1650E+02  0.0000E+00
   130.000  0.1584E+02  0.0000E+00
   135.000  0.1516E+02  0.0000E+00
   140.000  0.1449E+02  0.0000E+00
   145.000  0.1386E+02  0.0000E+00
   150.000  0.1327E+02  0.0000E+00
   155.000  0.1275E+02  0.0000E+00
   160.000  0.1230E+02  0.0000E+00
   165.000  0.1195E+02  0.0000E+00
   170.000  0.1169E+02  0.0000E+00
   175.000  0.1154E+02  0.0000E+00
   180.000  0.1148E+02  0.0000E+00
