#  FA07K 2700 MEV P(202) CHI/DP=49261/24376   SU07         SM05  12/20/ 8  
#     PI+N  DSG  AT Elab =   380.00      12/20/ 8  
#     Acm     Obs,Err
     0.000  0.2142E+02  0.0000E+00
     5.000  0.2070E+02  0.0000E+00
    10.000  0.1893E+02  0.0000E+00
    15.000  0.1690E+02  0.0000E+00
    20.000  0.1521E+02  0.0000E+00
    25.000  0.1406E+02  0.0000E+00
    30.000  0.1340E+02  0.0000E+00
    35.000  0.1309E+02  0.0000E+00
    40.000  0.1300E+02  0.0000E+00
    45.000  0.1304E+02  0.0000E+00
    50.000  0.1313E+02  0.0000E+00
    55.000  0.1323E+02  0.0000E+00
    60.000  0.1331E+02  0.0000E+00
    65.000  0.1334E+02  0.0000E+00
    70.000  0.1331E+02  0.0000E+00
    75.000  0.1320E+02  0.0000E+00
    80.000  0.1302E+02  0.0000E+00
    85.000  0.1276E+02  0.0000E+00
    90.000  0.1244E+02  0.0000E+00
    95.000  0.1206E+02  0.0000E+00
   100.000  0.1165E+02  0.0000E+00
   105.000  0.1120E+02  0.0000E+00
   110.000  0.1073E+02  0.0000E+00
   115.000  0.1025E+02  0.0000E+00
   120.000  0.9766E+01  0.0000E+00
   125.000  0.9290E+01  0.0000E+00
   130.000  0.8824E+01  0.0000E+00
   135.000  0.8376E+01  0.0000E+00
   140.000  0.7951E+01  0.0000E+00
   145.000  0.7556E+01  0.0000E+00
   150.000  0.7196E+01  0.0000E+00
   155.000  0.6878E+01  0.0000E+00
   160.000  0.6609E+01  0.0000E+00
   165.000  0.6393E+01  0.0000E+00
   170.000  0.6235E+01  0.0000E+00
   175.000  0.6139E+01  0.0000E+00
   180.000  0.6106E+01  0.0000E+00
