#  FA07K 2700 MEV P(202) CHI/DP=49261/24376   SU07         SM05  12/20/ 8  
#     PI+N  DSG  AT Elab =   400.00      12/20/ 8  
#     Acm     Obs,Err
     0.000  0.2188E+02  0.0000E+00
     5.000  0.2104E+02  0.0000E+00
    10.000  0.1902E+02  0.0000E+00
    15.000  0.1673E+02  0.0000E+00
    20.000  0.1485E+02  0.0000E+00
    25.000  0.1356E+02  0.0000E+00
    30.000  0.1277E+02  0.0000E+00
    35.000  0.1234E+02  0.0000E+00
    40.000  0.1212E+02  0.0000E+00
    45.000  0.1202E+02  0.0000E+00
    50.000  0.1198E+02  0.0000E+00
    55.000  0.1194E+02  0.0000E+00
    60.000  0.1187E+02  0.0000E+00
    65.000  0.1176E+02  0.0000E+00
    70.000  0.1160E+02  0.0000E+00
    75.000  0.1136E+02  0.0000E+00
    80.000  0.1106E+02  0.0000E+00
    85.000  0.1071E+02  0.0000E+00
    90.000  0.1031E+02  0.0000E+00
    95.000  0.9869E+01  0.0000E+00
   100.000  0.9412E+01  0.0000E+00
   105.000  0.8950E+01  0.0000E+00
   110.000  0.8492E+01  0.0000E+00
   115.000  0.8048E+01  0.0000E+00
   120.000  0.7622E+01  0.0000E+00
   125.000  0.7218E+01  0.0000E+00
   130.000  0.6838E+01  0.0000E+00
   135.000  0.6483E+01  0.0000E+00
   140.000  0.6154E+01  0.0000E+00
   145.000  0.5854E+01  0.0000E+00
   150.000  0.5583E+01  0.0000E+00
   155.000  0.5345E+01  0.0000E+00
   160.000  0.5144E+01  0.0000E+00
   165.000  0.4983E+01  0.0000E+00
   170.000  0.4864E+01  0.0000E+00
   175.000  0.4792E+01  0.0000E+00
   180.000  0.4768E+01  0.0000E+00
