#  FA07K 2700 MEV P(202) CHI/DP=49261/24376   SU07         SM05  12/20/ 8  
#     PI+N  DSG  AT Elab =   500.00      12/20/ 8  
#     Acm     Obs,Err
     0.000  0.2039E+02  0.0000E+00
     5.000  0.1921E+02  0.0000E+00
    10.000  0.1657E+02  0.0000E+00
    15.000  0.1399E+02  0.0000E+00
    20.000  0.1217E+02  0.0000E+00
    25.000  0.1111E+02  0.0000E+00
    30.000  0.1054E+02  0.0000E+00
    35.000  0.1024E+02  0.0000E+00
    40.000  0.1006E+02  0.0000E+00
    45.000  0.9926E+01  0.0000E+00
    50.000  0.9782E+01  0.0000E+00
    55.000  0.9599E+01  0.0000E+00
    60.000  0.9361E+01  0.0000E+00
    65.000  0.9059E+01  0.0000E+00
    70.000  0.8689E+01  0.0000E+00
    75.000  0.8259E+01  0.0000E+00
    80.000  0.7779E+01  0.0000E+00
    85.000  0.7268E+01  0.0000E+00
    90.000  0.6745E+01  0.0000E+00
    95.000  0.6232E+01  0.0000E+00
   100.000  0.5748E+01  0.0000E+00
   105.000  0.5308E+01  0.0000E+00
   110.000  0.4924E+01  0.0000E+00
   115.000  0.4599E+01  0.0000E+00
   120.000  0.4334E+01  0.0000E+00
   125.000  0.4124E+01  0.0000E+00
   130.000  0.3962E+01  0.0000E+00
   135.000  0.3841E+01  0.0000E+00
   140.000  0.3751E+01  0.0000E+00
   145.000  0.3686E+01  0.0000E+00
   150.000  0.3640E+01  0.0000E+00
   155.000  0.3606E+01  0.0000E+00
   160.000  0.3581E+01  0.0000E+00
   165.000  0.3564E+01  0.0000E+00
   170.000  0.3552E+01  0.0000E+00
   175.000  0.3545E+01  0.0000E+00
   180.000  0.3543E+01  0.0000E+00
