#  FA07K 2700 MEV P(202) CHI/DP=49261/24376   SU07         SM05  12/20/ 8  
#     PI+N  DSG  AT Elab =   550.00      12/20/ 8  
#     Acm     Obs,Err
     0.000  0.2048E+02  0.0000E+00
     5.000  0.1914E+02  0.0000E+00
    10.000  0.1627E+02  0.0000E+00
    15.000  0.1363E+02  0.0000E+00
    20.000  0.1194E+02  0.0000E+00
    25.000  0.1102E+02  0.0000E+00
    30.000  0.1057E+02  0.0000E+00
    35.000  0.1035E+02  0.0000E+00
    40.000  0.1020E+02  0.0000E+00
    45.000  0.1007E+02  0.0000E+00
    50.000  0.9894E+01  0.0000E+00
    55.000  0.9664E+01  0.0000E+00
    60.000  0.9363E+01  0.0000E+00
    65.000  0.8988E+01  0.0000E+00
    70.000  0.8544E+01  0.0000E+00
    75.000  0.8042E+01  0.0000E+00
    80.000  0.7496E+01  0.0000E+00
    85.000  0.6930E+01  0.0000E+00
    90.000  0.6364E+01  0.0000E+00
    95.000  0.5821E+01  0.0000E+00
   100.000  0.5321E+01  0.0000E+00
   105.000  0.4878E+01  0.0000E+00
   110.000  0.4499E+01  0.0000E+00
   115.000  0.4188E+01  0.0000E+00
   120.000  0.3943E+01  0.0000E+00
   125.000  0.3757E+01  0.0000E+00
   130.000  0.3622E+01  0.0000E+00
   135.000  0.3529E+01  0.0000E+00
   140.000  0.3469E+01  0.0000E+00
   145.000  0.3433E+01  0.0000E+00
   150.000  0.3415E+01  0.0000E+00
   155.000  0.3409E+01  0.0000E+00
   160.000  0.3410E+01  0.0000E+00
   165.000  0.3414E+01  0.0000E+00
   170.000  0.3419E+01  0.0000E+00
   175.000  0.3423E+01  0.0000E+00
   180.000  0.3424E+01  0.0000E+00
