#  FA07K 2700 MEV P(202) CHI/DP=49261/24376   SU07         SM05  12/20/ 8  
#     PI+N  DSG  AT Elab =   650.00      12/20/ 8  
#     Acm     Obs,Err
     0.000  0.2109E+02  0.0000E+00
     5.000  0.1942E+02  0.0000E+00
    10.000  0.1614E+02  0.0000E+00
    15.000  0.1352E+02  0.0000E+00
    20.000  0.1211E+02  0.0000E+00
    25.000  0.1152E+02  0.0000E+00
    30.000  0.1135E+02  0.0000E+00
    35.000  0.1135E+02  0.0000E+00
    40.000  0.1137E+02  0.0000E+00
    45.000  0.1134E+02  0.0000E+00
    50.000  0.1122E+02  0.0000E+00
    55.000  0.1099E+02  0.0000E+00
    60.000  0.1066E+02  0.0000E+00
    65.000  0.1022E+02  0.0000E+00
    70.000  0.9698E+01  0.0000E+00
    75.000  0.9102E+01  0.0000E+00
    80.000  0.8460E+01  0.0000E+00
    85.000  0.7798E+01  0.0000E+00
    90.000  0.7144E+01  0.0000E+00
    95.000  0.6519E+01  0.0000E+00
   100.000  0.5942E+01  0.0000E+00
   105.000  0.5424E+01  0.0000E+00
   110.000  0.4970E+01  0.0000E+00
   115.000  0.4582E+01  0.0000E+00
   120.000  0.4252E+01  0.0000E+00
   125.000  0.3976E+01  0.0000E+00
   130.000  0.3743E+01  0.0000E+00
   135.000  0.3548E+01  0.0000E+00
   140.000  0.3384E+01  0.0000E+00
   145.000  0.3245E+01  0.0000E+00
   150.000  0.3131E+01  0.0000E+00
   155.000  0.3037E+01  0.0000E+00
   160.000  0.2963E+01  0.0000E+00
   165.000  0.2907E+01  0.0000E+00
   170.000  0.2868E+01  0.0000E+00
   175.000  0.2845E+01  0.0000E+00
   180.000  0.2838E+01  0.0000E+00
