#  FA07K 2700 MEV P(202) CHI/DP=49261/24376   SU07         SM05  12/20/ 8  
#     PI+N  DSG  AT Elab =   750.00      12/20/ 8  
#     Acm     Obs,Err
     0.000  0.1821E+02  0.0000E+00
     5.000  0.1641E+02  0.0000E+00
    10.000  0.1317E+02  0.0000E+00
    15.000  0.1098E+02  0.0000E+00
    20.000  0.1004E+02  0.0000E+00
    25.000  0.9815E+01  0.0000E+00
    30.000  0.9878E+01  0.0000E+00
    35.000  0.1001E+02  0.0000E+00
    40.000  0.1012E+02  0.0000E+00
    45.000  0.1016E+02  0.0000E+00
    50.000  0.1011E+02  0.0000E+00
    55.000  0.9977E+01  0.0000E+00
    60.000  0.9763E+01  0.0000E+00
    65.000  0.9486E+01  0.0000E+00
    70.000  0.9160E+01  0.0000E+00
    75.000  0.8802E+01  0.0000E+00
    80.000  0.8423E+01  0.0000E+00
    85.000  0.8035E+01  0.0000E+00
    90.000  0.7644E+01  0.0000E+00
    95.000  0.7253E+01  0.0000E+00
   100.000  0.6864E+01  0.0000E+00
   105.000  0.6474E+01  0.0000E+00
   110.000  0.6085E+01  0.0000E+00
   115.000  0.5694E+01  0.0000E+00
   120.000  0.5304E+01  0.0000E+00
   125.000  0.4916E+01  0.0000E+00
   130.000  0.4536E+01  0.0000E+00
   135.000  0.4171E+01  0.0000E+00
   140.000  0.3827E+01  0.0000E+00
   145.000  0.3514E+01  0.0000E+00
   150.000  0.3239E+01  0.0000E+00
   155.000  0.3005E+01  0.0000E+00
   160.000  0.2817E+01  0.0000E+00
   165.000  0.2674E+01  0.0000E+00
   170.000  0.2574E+01  0.0000E+00
   175.000  0.2516E+01  0.0000E+00
   180.000  0.2497E+01  0.0000E+00
