#  FA07K 2700 MEV P(202) CHI/DP=49261/24376   SU07         SM05  12/20/ 8  
#     PI+N  DSG  AT Elab =   800.00      12/20/ 8  
#     Acm     Obs,Err
     0.000  0.1739E+02  0.0000E+00
     5.000  0.1549E+02  0.0000E+00
    10.000  0.1217E+02  0.0000E+00
    15.000  0.9963E+01  0.0000E+00
    20.000  0.8934E+01  0.0000E+00
    25.000  0.8487E+01  0.0000E+00
    30.000  0.8233E+01  0.0000E+00
    35.000  0.7994E+01  0.0000E+00
    40.000  0.7706E+01  0.0000E+00
    45.000  0.7356E+01  0.0000E+00
    50.000  0.6957E+01  0.0000E+00
    55.000  0.6534E+01  0.0000E+00
    60.000  0.6115E+01  0.0000E+00
    65.000  0.5728E+01  0.0000E+00
    70.000  0.5394E+01  0.0000E+00
    75.000  0.5126E+01  0.0000E+00
    80.000  0.4925E+01  0.0000E+00
    85.000  0.4782E+01  0.0000E+00
    90.000  0.4683E+01  0.0000E+00
    95.000  0.4607E+01  0.0000E+00
   100.000  0.4531E+01  0.0000E+00
   105.000  0.4437E+01  0.0000E+00
   110.000  0.4310E+01  0.0000E+00
   115.000  0.4142E+01  0.0000E+00
   120.000  0.3936E+01  0.0000E+00
   125.000  0.3698E+01  0.0000E+00
   130.000  0.3442E+01  0.0000E+00
   135.000  0.3185E+01  0.0000E+00
   140.000  0.2944E+01  0.0000E+00
   145.000  0.2735E+01  0.0000E+00
   150.000  0.2567E+01  0.0000E+00
   155.000  0.2445E+01  0.0000E+00
   160.000  0.2367E+01  0.0000E+00
   165.000  0.2325E+01  0.0000E+00
   170.000  0.2307E+01  0.0000E+00
   175.000  0.2302E+01  0.0000E+00
   180.000  0.2301E+01  0.0000E+00
