#  FA07K 2700 MEV P(202) CHI/DP=49261/24376   SU07         SM05  12/20/ 8  
#     PI+N  DSG  AT Elab =   850.00      12/20/ 8  
#     Acm     Obs,Err
     0.000  0.1704E+02  0.0000E+00
     5.000  0.1505E+02  0.0000E+00
    10.000  0.1170E+02  0.0000E+00
    15.000  0.9589E+01  0.0000E+00
    20.000  0.8621E+01  0.0000E+00
    25.000  0.8160E+01  0.0000E+00
    30.000  0.7827E+01  0.0000E+00
    35.000  0.7460E+01  0.0000E+00
    40.000  0.7004E+01  0.0000E+00
    45.000  0.6458E+01  0.0000E+00
    50.000  0.5845E+01  0.0000E+00
    55.000  0.5203E+01  0.0000E+00
    60.000  0.4576E+01  0.0000E+00
    65.000  0.4008E+01  0.0000E+00
    70.000  0.3535E+01  0.0000E+00
    75.000  0.3178E+01  0.0000E+00
    80.000  0.2947E+01  0.0000E+00
    85.000  0.2834E+01  0.0000E+00
    90.000  0.2820E+01  0.0000E+00
    95.000  0.2873E+01  0.0000E+00
   100.000  0.2959E+01  0.0000E+00
   105.000  0.3045E+01  0.0000E+00
   110.000  0.3104E+01  0.0000E+00
   115.000  0.3116E+01  0.0000E+00
   120.000  0.3076E+01  0.0000E+00
   125.000  0.2988E+01  0.0000E+00
   130.000  0.2864E+01  0.0000E+00
   135.000  0.2726E+01  0.0000E+00
   140.000  0.2596E+01  0.0000E+00
   145.000  0.2491E+01  0.0000E+00
   150.000  0.2427E+01  0.0000E+00
   155.000  0.2408E+01  0.0000E+00
   160.000  0.2428E+01  0.0000E+00
   165.000  0.2473E+01  0.0000E+00
   170.000  0.2526E+01  0.0000E+00
   175.000  0.2567E+01  0.0000E+00
   180.000  0.2582E+01  0.0000E+00
