0.0 0.000000
25.0 0.000000
50.0 0.059854
75.0 1.421466
100.0 2.783077
125.0 4.144689
150.0 5.506300
175.0 6.448950
200.0 7.391600
225.0 8.254454
250.0 9.117308
275.0 13.017603
300.0 16.917898
325.0 21.945389
350.0 26.972880
375.0 33.167470
400.0 39.362060
425.0 47.945710
450.0 56.529360
475.0 68.110590
500.0 79.691820
525.0 89.158230
550.0 98.624640
575.0 108.490070
600.0 118.355500
625.0 127.946640
650.0 137.537780
675.0 146.221190
700.0 154.904600
725.0 162.226300
750.0 169.548000
775.0 176.515700
800.0 183.483400
825.0 187.678000
850.0 191.872600
875.0 195.493600
900.0 199.114600
925.0 201.334100
950.0 203.553600
975.0 205.773100
1000.0 207.992600
1025.0 210.212100
