0.0 0.000000
25.0 0.000000
50.0 1.660822
75.0 4.453511
100.0 7.246199
125.0 10.038888
150.0 12.831576
175.0 15.664071
200.0 18.496566
225.0 21.420073
250.0 24.343580
275.0 33.079960
300.0 41.816340
325.0 53.487580
350.0 65.158820
375.0 79.241710
400.0 93.324600
425.0 111.514040
450.0 129.703480
475.0 152.659200
500.0 175.614920
525.0 195.897460
550.0 216.180000
575.0 233.925800
600.0 251.671600
625.0 268.996500
650.0 286.321400
675.0 301.155000
700.0 315.988600
725.0 329.047700
750.0 342.106800
775.0 353.027300
800.0 363.947800
825.0 373.161900
850.0 382.376000
875.0 391.556000
900.0 400.736000
925.0 408.107350
950.0 415.478700
975.0 422.850050
1000.0 430.221400
1025.0 437.592750
