0.0 0.000000
25.0 0.000000
50.0 0.000000
75.0 0.641941
100.0 1.347785
125.0 2.053629
150.0 2.759472
175.0 3.285224
200.0 3.810976
225.0 4.217635
250.0 4.624294
275.0 6.558830
300.0 8.493366
325.0 11.127941
350.0 13.762516
375.0 17.314978
400.0 20.867440
425.0 25.793824
450.0 30.720208
475.0 37.552084
500.0 44.383960
525.0 50.486750
550.0 56.589540
575.0 62.419290
600.0 68.249040
625.0 73.884170
650.0 79.519300
675.0 84.715870
700.0 89.912440
725.0 93.825040
750.0 97.737640
775.0 101.255280
800.0 104.772920
825.0 107.488850
850.0 110.204780
875.0 112.194490
900.0 114.184200
925.0 115.433200
950.0 116.682200
975.0 117.931200
1000.0 119.180200
1025.0 120.429200
