## pi+ -> ho-165
## File generated by MakeTextFiles.cxx
## KE    pipro_xs   
0        0             
50       0             
100      0             
150      0             
200      0             
250      0             
300      0             
350      0             
400      168.53        
450      349.392       
500      378.165       
550      419.27        
600      466.541       
650      517.922       
700      573.414       
750      624.795       
800      665.9         
850      692.618       
900      711.115       
950      725.502       
1000     741.944       
