# K+N
# Angle vs. Cross-section (millibarns)
# 100 MeV

  0.000  0.2468E+00
  5.000  0.2493E+00
 10.000  0.2569E+00
 15.000  0.2693E+00
 20.000  0.2862E+00
 25.000  0.3071E+00
 30.000  0.3314E+00
 35.000  0.3586E+00
 40.000  0.3877E+00
 45.000  0.4181E+00
 50.000  0.4488E+00
 55.000  0.4788E+00
 60.000  0.5072E+00
 65.000  0.5329E+00
 70.000  0.5551E+00
 75.000  0.5729E+00
 80.000  0.5853E+00
 85.000  0.5918E+00
 90.000  0.5919E+00
 95.000  0.5851E+00
100.000  0.5716E+00
105.000  0.5515E+00
110.000  0.5254E+00
115.000  0.4941E+00
120.000  0.4585E+00
125.000  0.4201E+00
130.000  0.3802E+00
135.000  0.3403E+00
140.000  0.3016E+00
145.000  0.2653E+00
150.000  0.2326E+00
155.000  0.2040E+00
160.000  0.1803E+00
165.000  0.1617E+00
170.000  0.1483E+00
175.000  0.1403E+00
180.000  0.1376E+00
