# K+N
# Angle vs. Cross-section (millibarns)
# 1500 MeV

  0.000  0.5410E+01
  5.000  0.5288E+01
 10.000  0.4940E+01
 15.000  0.4410E+01
 20.000  0.3765E+01
 25.000  0.3074E+01
 30.000  0.2400E+01
 35.000  0.1792E+01
 40.000  0.1283E+01
 45.000  0.8871E+00
 50.000  0.6054E+00
 55.000  0.4266E+00
 60.000  0.3304E+00
 65.000  0.2917E+00
 70.000  0.2850E+00
 75.000  0.2897E+00
 80.000  0.2928E+00
 85.000  0.2887E+00
 90.000  0.2773E+00
 95.000  0.2614E+00
100.000  0.2438E+00
105.000  0.2269E+00
110.000  0.2122E+00
115.000  0.2006E+00
120.000  0.1923E+00
125.000  0.1867E+00
130.000  0.1823E+00
135.000  0.1780E+00
140.000  0.1734E+00
145.000  0.1698E+00
150.000  0.1692E+00
155.000  0.1736E+00
160.000  0.1836E+00
165.000  0.1975E+00
170.000  0.2119E+00
175.000  0.2227E+00
180.000  0.2267E+00
