# K+N
# Angle vs. Cross-section (millibarns)
# 1800 MeV

  0.000  0.8425E+01
  5.000  0.8215E+01
 10.000  0.7618E+01
 15.000  0.6717E+01
 20.000  0.5629E+01
 25.000  0.4479E+01
 30.000  0.3378E+01
 35.000  0.2406E+01
 40.000  0.1613E+01
 45.000  0.1018E+01
 50.000  0.6157E+00
 55.000  0.3807E+00
 60.000  0.2738E+00
 65.000  0.2499E+00
 70.000  0.2668E+00
 75.000  0.2929E+00
 80.000  0.3113E+00
 85.000  0.3181E+00
 90.000  0.3172E+00
 95.000  0.3140E+00
100.000  0.3113E+00
105.000  0.3091E+00
110.000  0.3061E+00
115.000  0.3015E+00
120.000  0.2958E+00
125.000  0.2902E+00
130.000  0.2857E+00
135.000  0.2835E+00
140.000  0.2852E+00
145.000  0.2935E+00
150.000  0.3111E+00
155.000  0.3400E+00
160.000  0.3790E+00
165.000  0.4231E+00
170.000  0.4644E+00
175.000  0.4939E+00
180.000  0.5046E+00
