# K+N
# Angle vs. Cross-section (millibarns)
# 1000 MeV

  0.000  0.2784E+01
  5.000  0.2747E+01
 10.000  0.2640E+01
 15.000  0.2473E+01
 20.000  0.2263E+01
 25.000  0.2025E+01
 30.000  0.1777E+01
 35.000  0.1531E+01
 40.000  0.1298E+01
 45.000  0.1086E+01
 50.000  0.8990E+00
 55.000  0.7394E+00
 60.000  0.6074E+00
 65.000  0.5008E+00
 70.000  0.4165E+00
 75.000  0.3500E+00
 80.000  0.2965E+00
 85.000  0.2517E+00
 90.000  0.2124E+00
 95.000  0.1769E+00
100.000  0.1450E+00
105.000  0.1177E+00
110.000  0.9656E-01
115.000  0.8260E-01
120.000  0.7615E-01
125.000  0.7664E-01
130.000  0.8286E-01
135.000  0.9336E-01
140.000  0.1067E+00
145.000  0.1215E+00
150.000  0.1362E+00
155.000  0.1496E+00
160.000  0.1605E+00
165.000  0.1683E+00
170.000  0.1732E+00
175.000  0.1756E+00
180.000  0.1763E+00
