# K+N
# Angle vs. Cross-section (millibarns)
# 200 MeV

  0.000  0.3026E+00
  5.000  0.3059E+00
 10.000  0.3155E+00
 15.000  0.3308E+00
 20.000  0.3509E+00
 25.000  0.3747E+00
 30.000  0.4013E+00
 35.000  0.4298E+00
 40.000  0.4597E+00
 45.000  0.4903E+00
 50.000  0.5212E+00
 55.000  0.5519E+00
 60.000  0.5819E+00
 65.000  0.6109E+00
 70.000  0.6384E+00
 75.000  0.6638E+00
 80.000  0.6865E+00
 85.000  0.7054E+00
 90.000  0.7194E+00
 95.000  0.7273E+00
100.000  0.7276E+00
105.000  0.7193E+00
110.000  0.7016E+00
115.000  0.6743E+00
120.000  0.6379E+00
125.000  0.5937E+00
130.000  0.5434E+00
135.000  0.4893E+00
140.000  0.4336E+00
145.000  0.3787E+00
150.000  0.3267E+00
155.000  0.2797E+00
160.000  0.2391E+00
165.000  0.2062E+00
170.000  0.1821E+00
175.000  0.1674E+00
180.000  0.1624E+00
