# K+N
# Angle vs. Cross-section (millibarns)
# 300 MeV

  0.000  0.5766E+00
  5.000  0.5790E+00
 10.000  0.5856E+00
 15.000  0.5953E+00
 20.000  0.6069E+00
 25.000  0.6187E+00
 30.000  0.6298E+00
 35.000  0.6393E+00
 40.000  0.6470E+00
 45.000  0.6530E+00
 50.000  0.6575E+00
 55.000  0.6609E+00
 60.000  0.6637E+00
 65.000  0.6667E+00
 70.000  0.6706E+00
 75.000  0.6762E+00
 80.000  0.6838E+00
 85.000  0.6934E+00
 90.000  0.7042E+00
 95.000  0.7148E+00
100.000  0.7233E+00
105.000  0.7277E+00
110.000  0.7261E+00
115.000  0.7168E+00
120.000  0.6993E+00
125.000  0.6735E+00
130.000  0.6400E+00
135.000  0.6002E+00
140.000  0.5555E+00
145.000  0.5078E+00
150.000  0.4589E+00
155.000  0.4110E+00
160.000  0.3667E+00
165.000  0.3285E+00
170.000  0.2990E+00
175.000  0.2804E+00
180.000  0.2740E+00
