# K+N
# Angle vs. Cross-section (millibarns)
# 600 MeV

  0.000  0.1583E+01
  5.000  0.1576E+01
 10.000  0.1553E+01
 15.000  0.1516E+01
 20.000  0.1466E+01
 25.000  0.1406E+01
 30.000  0.1337E+01
 35.000  0.1260E+01
 40.000  0.1178E+01
 45.000  0.1092E+01
 50.000  0.1006E+01
 55.000  0.9208E+00
 60.000  0.8393E+00
 65.000  0.7637E+00
 70.000  0.6963E+00
 75.000  0.6387E+00
 80.000  0.5918E+00
 85.000  0.5555E+00
 90.000  0.5283E+00
 95.000  0.5085E+00
100.000  0.4939E+00
105.000  0.4829E+00
110.000  0.4748E+00
115.000  0.4691E+00
120.000  0.4664E+00
125.000  0.4666E+00
130.000  0.4697E+00
135.000  0.4746E+00
140.000  0.4794E+00
145.000  0.4817E+00
150.000  0.4794E+00
155.000  0.4712E+00
160.000  0.4575E+00
165.000  0.4406E+00
170.000  0.4243E+00
175.000  0.4124E+00
180.000  0.4080E+00
