#  FA07K 2700 MEV P(202) CHI/DP=49261/24376   SU07         SM05  12/20/ 8  
#     PI0P  DSG  AT Elab =   180.00      12/20/ 8  
#     Acm     Obs,Err
     0.000  0.4214E+00  0.0000E+00
     5.000  0.4236E+00  0.0000E+00
    10.000  0.4302E+00  0.0000E+00
    15.000  0.4410E+00  0.0000E+00
    20.000  0.4557E+00  0.0000E+00
    25.000  0.4740E+00  0.0000E+00
    30.000  0.4953E+00  0.0000E+00
    35.000  0.5191E+00  0.0000E+00
    40.000  0.5449E+00  0.0000E+00
    45.000  0.5720E+00  0.0000E+00
    50.000  0.5999E+00  0.0000E+00
    55.000  0.6280E+00  0.0000E+00
    60.000  0.6556E+00  0.0000E+00
    65.000  0.6823E+00  0.0000E+00
    70.000  0.7076E+00  0.0000E+00
    75.000  0.7310E+00  0.0000E+00
    80.000  0.7523E+00  0.0000E+00
    85.000  0.7710E+00  0.0000E+00
    90.000  0.7871E+00  0.0000E+00
    95.000  0.8003E+00  0.0000E+00
   100.000  0.8107E+00  0.0000E+00
   105.000  0.8184E+00  0.0000E+00
   110.000  0.8234E+00  0.0000E+00
   115.000  0.8260E+00  0.0000E+00
   120.000  0.8264E+00  0.0000E+00
   125.000  0.8250E+00  0.0000E+00
   130.000  0.8221E+00  0.0000E+00
   135.000  0.8182E+00  0.0000E+00
   140.000  0.8135E+00  0.0000E+00
   145.000  0.8084E+00  0.0000E+00
   150.000  0.8033E+00  0.0000E+00
   155.000  0.7984E+00  0.0000E+00
   160.000  0.7941E+00  0.0000E+00
   165.000  0.7906E+00  0.0000E+00
   170.000  0.7879E+00  0.0000E+00
   175.000  0.7863E+00  0.0000E+00
   180.000  0.7857E+00  0.0000E+00
