#  FA07K 2700 MEV P(202) CHI/DP=49261/24376   SU07         SM05  12/20/ 8  
#     PI0P  DSG  AT Elab =   200.00      12/20/ 8  
#     Acm     Obs,Err
     0.000  0.9170E+00  0.0000E+00
     5.000  0.9233E+00  0.0000E+00
    10.000  0.9419E+00  0.0000E+00
    15.000  0.9722E+00  0.0000E+00
    20.000  0.1013E+01  0.0000E+00
    25.000  0.1064E+01  0.0000E+00
    30.000  0.1123E+01  0.0000E+00
    35.000  0.1188E+01  0.0000E+00
    40.000  0.1257E+01  0.0000E+00
    45.000  0.1330E+01  0.0000E+00
    50.000  0.1404E+01  0.0000E+00
    55.000  0.1477E+01  0.0000E+00
    60.000  0.1548E+01  0.0000E+00
    65.000  0.1615E+01  0.0000E+00
    70.000  0.1678E+01  0.0000E+00
    75.000  0.1735E+01  0.0000E+00
    80.000  0.1785E+01  0.0000E+00
    85.000  0.1828E+01  0.0000E+00
    90.000  0.1862E+01  0.0000E+00
    95.000  0.1889E+01  0.0000E+00
   100.000  0.1907E+01  0.0000E+00
   105.000  0.1917E+01  0.0000E+00
   110.000  0.1919E+01  0.0000E+00
   115.000  0.1915E+01  0.0000E+00
   120.000  0.1904E+01  0.0000E+00
   125.000  0.1890E+01  0.0000E+00
   130.000  0.1871E+01  0.0000E+00
   135.000  0.1850E+01  0.0000E+00
   140.000  0.1829E+01  0.0000E+00
   145.000  0.1807E+01  0.0000E+00
   150.000  0.1786E+01  0.0000E+00
   155.000  0.1768E+01  0.0000E+00
   160.000  0.1752E+01  0.0000E+00
   165.000  0.1739E+01  0.0000E+00
   170.000  0.1729E+01  0.0000E+00
   175.000  0.1723E+01  0.0000E+00
   180.000  0.1721E+01  0.0000E+00
