#  FA07K 2700 MEV P(202) CHI/DP=49261/24376   SU07         SM05  12/20/ 8  
#     PI0P  DSG  AT Elab =   220.00      12/20/ 8  
#     Acm     Obs,Err
     0.000  0.1750E+01  0.0000E+00
     5.000  0.1764E+01  0.0000E+00
    10.000  0.1807E+01  0.0000E+00
    15.000  0.1877E+01  0.0000E+00
    20.000  0.1971E+01  0.0000E+00
    25.000  0.2086E+01  0.0000E+00
    30.000  0.2218E+01  0.0000E+00
    35.000  0.2364E+01  0.0000E+00
    40.000  0.2518E+01  0.0000E+00
    45.000  0.2677E+01  0.0000E+00
    50.000  0.2837E+01  0.0000E+00
    55.000  0.2993E+01  0.0000E+00
    60.000  0.3143E+01  0.0000E+00
    65.000  0.3283E+01  0.0000E+00
    70.000  0.3410E+01  0.0000E+00
    75.000  0.3523E+01  0.0000E+00
    80.000  0.3618E+01  0.0000E+00
    85.000  0.3695E+01  0.0000E+00
    90.000  0.3752E+01  0.0000E+00
    95.000  0.3789E+01  0.0000E+00
   100.000  0.3806E+01  0.0000E+00
   105.000  0.3803E+01  0.0000E+00
   110.000  0.3783E+01  0.0000E+00
   115.000  0.3746E+01  0.0000E+00
   120.000  0.3696E+01  0.0000E+00
   125.000  0.3635E+01  0.0000E+00
   130.000  0.3567E+01  0.0000E+00
   135.000  0.3495E+01  0.0000E+00
   140.000  0.3422E+01  0.0000E+00
   145.000  0.3352E+01  0.0000E+00
   150.000  0.3287E+01  0.0000E+00
   155.000  0.3229E+01  0.0000E+00
   160.000  0.3179E+01  0.0000E+00
   165.000  0.3140E+01  0.0000E+00
   170.000  0.3111E+01  0.0000E+00
   175.000  0.3093E+01  0.0000E+00
   180.000  0.3088E+01  0.0000E+00
