#  FA07K 2700 MEV P(202) CHI/DP=49261/24376   SU07         SM05  12/20/ 8  
#     PI0P  DSG  AT Elab =   260.00      12/20/ 8  
#     Acm     Obs,Err
     0.000  0.5404E+01  0.0000E+00
     5.000  0.5460E+01  0.0000E+00
    10.000  0.5629E+01  0.0000E+00
    15.000  0.5901E+01  0.0000E+00
    20.000  0.6267E+01  0.0000E+00
    25.000  0.6712E+01  0.0000E+00
    30.000  0.7220E+01  0.0000E+00
    35.000  0.7774E+01  0.0000E+00
    40.000  0.8356E+01  0.0000E+00
    45.000  0.8947E+01  0.0000E+00
    50.000  0.9531E+01  0.0000E+00
    55.000  0.1009E+02  0.0000E+00
    60.000  0.1062E+02  0.0000E+00
    65.000  0.1109E+02  0.0000E+00
    70.000  0.1151E+02  0.0000E+00
    75.000  0.1186E+02  0.0000E+00
    80.000  0.1212E+02  0.0000E+00
    85.000  0.1231E+02  0.0000E+00
    90.000  0.1240E+02  0.0000E+00
    95.000  0.1241E+02  0.0000E+00
   100.000  0.1232E+02  0.0000E+00
   105.000  0.1215E+02  0.0000E+00
   110.000  0.1190E+02  0.0000E+00
   115.000  0.1158E+02  0.0000E+00
   120.000  0.1120E+02  0.0000E+00
   125.000  0.1078E+02  0.0000E+00
   130.000  0.1033E+02  0.0000E+00
   135.000  0.9875E+01  0.0000E+00
   140.000  0.9422E+01  0.0000E+00
   145.000  0.8988E+01  0.0000E+00
   150.000  0.8587E+01  0.0000E+00
   155.000  0.8231E+01  0.0000E+00
   160.000  0.7929E+01  0.0000E+00
   165.000  0.7687E+01  0.0000E+00
   170.000  0.7511E+01  0.0000E+00
   175.000  0.7404E+01  0.0000E+00
   180.000  0.7368E+01  0.0000E+00
