#  FA07K 2700 MEV P(202) CHI/DP=49261/24376   SU07         SM05  12/20/ 8  
#     PI0P  DSG  AT Elab =   300.00      12/20/ 8  
#     Acm     Obs,Err
     0.000  0.1142E+02  0.0000E+00
     5.000  0.1155E+02  0.0000E+00
    10.000  0.1194E+02  0.0000E+00
    15.000  0.1258E+02  0.0000E+00
    20.000  0.1344E+02  0.0000E+00
    25.000  0.1450E+02  0.0000E+00
    30.000  0.1570E+02  0.0000E+00
    35.000  0.1702E+02  0.0000E+00
    40.000  0.1841E+02  0.0000E+00
    45.000  0.1982E+02  0.0000E+00
    50.000  0.2122E+02  0.0000E+00
    55.000  0.2256E+02  0.0000E+00
    60.000  0.2379E+02  0.0000E+00
    65.000  0.2490E+02  0.0000E+00
    70.000  0.2584E+02  0.0000E+00
    75.000  0.2659E+02  0.0000E+00
    80.000  0.2712E+02  0.0000E+00
    85.000  0.2741E+02  0.0000E+00
    90.000  0.2747E+02  0.0000E+00
    95.000  0.2729E+02  0.0000E+00
   100.000  0.2686E+02  0.0000E+00
   105.000  0.2620E+02  0.0000E+00
   110.000  0.2534E+02  0.0000E+00
   115.000  0.2430E+02  0.0000E+00
   120.000  0.2311E+02  0.0000E+00
   125.000  0.2181E+02  0.0000E+00
   130.000  0.2043E+02  0.0000E+00
   135.000  0.1904E+02  0.0000E+00
   140.000  0.1765E+02  0.0000E+00
   145.000  0.1633E+02  0.0000E+00
   150.000  0.1510E+02  0.0000E+00
   155.000  0.1400E+02  0.0000E+00
   160.000  0.1306E+02  0.0000E+00
   165.000  0.1230E+02  0.0000E+00
   170.000  0.1174E+02  0.0000E+00
   175.000  0.1141E+02  0.0000E+00
   180.000  0.1129E+02  0.0000E+00
