#  FA07K 2700 MEV P(202) CHI/DP=49261/24376   SU07         SM05  12/20/ 8  
#     PI0P  DSG  AT Elab =   320.00      12/20/ 8  
#     Acm     Obs,Err
     0.000  0.1274E+02  0.0000E+00
     5.000  0.1289E+02  0.0000E+00
    10.000  0.1332E+02  0.0000E+00
    15.000  0.1402E+02  0.0000E+00
    20.000  0.1497E+02  0.0000E+00
    25.000  0.1613E+02  0.0000E+00
    30.000  0.1748E+02  0.0000E+00
    35.000  0.1895E+02  0.0000E+00
    40.000  0.2051E+02  0.0000E+00
    45.000  0.2211E+02  0.0000E+00
    50.000  0.2370E+02  0.0000E+00
    55.000  0.2522E+02  0.0000E+00
    60.000  0.2664E+02  0.0000E+00
    65.000  0.2789E+02  0.0000E+00
    70.000  0.2894E+02  0.0000E+00
    75.000  0.2977E+02  0.0000E+00
    80.000  0.3033E+02  0.0000E+00
    85.000  0.3061E+02  0.0000E+00
    90.000  0.3060E+02  0.0000E+00
    95.000  0.3030E+02  0.0000E+00
   100.000  0.2971E+02  0.0000E+00
   105.000  0.2885E+02  0.0000E+00
   110.000  0.2775E+02  0.0000E+00
   115.000  0.2644E+02  0.0000E+00
   120.000  0.2496E+02  0.0000E+00
   125.000  0.2334E+02  0.0000E+00
   130.000  0.2165E+02  0.0000E+00
   135.000  0.1992E+02  0.0000E+00
   140.000  0.1821E+02  0.0000E+00
   145.000  0.1657E+02  0.0000E+00
   150.000  0.1505E+02  0.0000E+00
   155.000  0.1367E+02  0.0000E+00
   160.000  0.1250E+02  0.0000E+00
   165.000  0.1155E+02  0.0000E+00
   170.000  0.1085E+02  0.0000E+00
   175.000  0.1042E+02  0.0000E+00
   180.000  0.1028E+02  0.0000E+00
