#  FA07K 2700 MEV P(202) CHI/DP=49261/24376   SU07         SM05  12/20/ 8  
#     PI0P  DSG  AT Elab =   340.00      12/20/ 8  
#     Acm     Obs,Err
     0.000  0.1194E+02  0.0000E+00
     5.000  0.1207E+02  0.0000E+00
    10.000  0.1245E+02  0.0000E+00
    15.000  0.1308E+02  0.0000E+00
    20.000  0.1393E+02  0.0000E+00
    25.000  0.1498E+02  0.0000E+00
    30.000  0.1620E+02  0.0000E+00
    35.000  0.1755E+02  0.0000E+00
    40.000  0.1900E+02  0.0000E+00
    45.000  0.2049E+02  0.0000E+00
    50.000  0.2198E+02  0.0000E+00
    55.000  0.2342E+02  0.0000E+00
    60.000  0.2475E+02  0.0000E+00
    65.000  0.2594E+02  0.0000E+00
    70.000  0.2693E+02  0.0000E+00
    75.000  0.2770E+02  0.0000E+00
    80.000  0.2820E+02  0.0000E+00
    85.000  0.2843E+02  0.0000E+00
    90.000  0.2836E+02  0.0000E+00
    95.000  0.2801E+02  0.0000E+00
   100.000  0.2738E+02  0.0000E+00
   105.000  0.2649E+02  0.0000E+00
   110.000  0.2536E+02  0.0000E+00
   115.000  0.2403E+02  0.0000E+00
   120.000  0.2253E+02  0.0000E+00
   125.000  0.2091E+02  0.0000E+00
   130.000  0.1922E+02  0.0000E+00
   135.000  0.1749E+02  0.0000E+00
   140.000  0.1578E+02  0.0000E+00
   145.000  0.1413E+02  0.0000E+00
   150.000  0.1260E+02  0.0000E+00
   155.000  0.1121E+02  0.0000E+00
   160.000  0.1002E+02  0.0000E+00
   165.000  0.9054E+01  0.0000E+00
   170.000  0.8343E+01  0.0000E+00
   175.000  0.7908E+01  0.0000E+00
   180.000  0.7761E+01  0.0000E+00
