#  FA07K 2700 MEV P(202) CHI/DP=49261/24376   SU07         SM05  12/20/ 8  
#     PI0P  DSG  AT Elab =   360.00      12/20/ 8  
#     Acm     Obs,Err
     0.000  0.1019E+02  0.0000E+00
     5.000  0.1029E+02  0.0000E+00
    10.000  0.1059E+02  0.0000E+00
    15.000  0.1107E+02  0.0000E+00
    20.000  0.1174E+02  0.0000E+00
    25.000  0.1258E+02  0.0000E+00
    30.000  0.1355E+02  0.0000E+00
    35.000  0.1465E+02  0.0000E+00
    40.000  0.1584E+02  0.0000E+00
    45.000  0.1707E+02  0.0000E+00
    50.000  0.1832E+02  0.0000E+00
    55.000  0.1954E+02  0.0000E+00
    60.000  0.2067E+02  0.0000E+00
    65.000  0.2168E+02  0.0000E+00
    70.000  0.2253E+02  0.0000E+00
    75.000  0.2318E+02  0.0000E+00
    80.000  0.2359E+02  0.0000E+00
    85.000  0.2376E+02  0.0000E+00
    90.000  0.2368E+02  0.0000E+00
    95.000  0.2334E+02  0.0000E+00
   100.000  0.2275E+02  0.0000E+00
   105.000  0.2194E+02  0.0000E+00
   110.000  0.2092E+02  0.0000E+00
   115.000  0.1973E+02  0.0000E+00
   120.000  0.1840E+02  0.0000E+00
   125.000  0.1696E+02  0.0000E+00
   130.000  0.1546E+02  0.0000E+00
   135.000  0.1393E+02  0.0000E+00
   140.000  0.1241E+02  0.0000E+00
   145.000  0.1095E+02  0.0000E+00
   150.000  0.9583E+01  0.0000E+00
   155.000  0.8347E+01  0.0000E+00
   160.000  0.7281E+01  0.0000E+00
   165.000  0.6414E+01  0.0000E+00
   170.000  0.5775E+01  0.0000E+00
   175.000  0.5383E+01  0.0000E+00
   180.000  0.5251E+01  0.0000E+00
