#  FA07K 2700 MEV P(202) CHI/DP=49261/24376   SU07         SM05  12/20/ 8  
#     PI0P  DSG  AT Elab =   380.00      12/20/ 8  
#     Acm     Obs,Err
     0.000  0.8442E+01  0.0000E+00
     5.000  0.8514E+01  0.0000E+00
    10.000  0.8728E+01  0.0000E+00
    15.000  0.9083E+01  0.0000E+00
    20.000  0.9573E+01  0.0000E+00
    25.000  0.1019E+02  0.0000E+00
    30.000  0.1093E+02  0.0000E+00
    35.000  0.1176E+02  0.0000E+00
    40.000  0.1268E+02  0.0000E+00
    45.000  0.1365E+02  0.0000E+00
    50.000  0.1464E+02  0.0000E+00
    55.000  0.1562E+02  0.0000E+00
    60.000  0.1654E+02  0.0000E+00
    65.000  0.1737E+02  0.0000E+00
    70.000  0.1807E+02  0.0000E+00
    75.000  0.1860E+02  0.0000E+00
    80.000  0.1894E+02  0.0000E+00
    85.000  0.1907E+02  0.0000E+00
    90.000  0.1898E+02  0.0000E+00
    95.000  0.1868E+02  0.0000E+00
   100.000  0.1818E+02  0.0000E+00
   105.000  0.1748E+02  0.0000E+00
   110.000  0.1662E+02  0.0000E+00
   115.000  0.1561E+02  0.0000E+00
   120.000  0.1448E+02  0.0000E+00
   125.000  0.1327E+02  0.0000E+00
   130.000  0.1200E+02  0.0000E+00
   135.000  0.1072E+02  0.0000E+00
   140.000  0.9438E+01  0.0000E+00
   145.000  0.8206E+01  0.0000E+00
   150.000  0.7051E+01  0.0000E+00
   155.000  0.6006E+01  0.0000E+00
   160.000  0.5101E+01  0.0000E+00
   165.000  0.4365E+01  0.0000E+00
   170.000  0.3821E+01  0.0000E+00
   175.000  0.3488E+01  0.0000E+00
   180.000  0.3375E+01  0.0000E+00
