#  FA07K 2700 MEV P(202) CHI/DP=49261/24376   SU07         SM05  12/20/ 8  
#     PI0P  DSG  AT Elab =   600.00      12/20/ 8  
#     Acm     Obs,Err
     0.000  0.1287E+01  0.0000E+00
     5.000  0.1289E+01  0.0000E+00
    10.000  0.1295E+01  0.0000E+00
    15.000  0.1305E+01  0.0000E+00
    20.000  0.1320E+01  0.0000E+00
    25.000  0.1339E+01  0.0000E+00
    30.000  0.1369E+01  0.0000E+00
    35.000  0.1414E+01  0.0000E+00
    40.000  0.1481E+01  0.0000E+00
    45.000  0.1579E+01  0.0000E+00
    50.000  0.1710E+01  0.0000E+00
    55.000  0.1877E+01  0.0000E+00
    60.000  0.2076E+01  0.0000E+00
    65.000  0.2296E+01  0.0000E+00
    70.000  0.2526E+01  0.0000E+00
    75.000  0.2748E+01  0.0000E+00
    80.000  0.2946E+01  0.0000E+00
    85.000  0.3101E+01  0.0000E+00
    90.000  0.3202E+01  0.0000E+00
    95.000  0.3237E+01  0.0000E+00
   100.000  0.3202E+01  0.0000E+00
   105.000  0.3099E+01  0.0000E+00
   110.000  0.2932E+01  0.0000E+00
   115.000  0.2712E+01  0.0000E+00
   120.000  0.2453E+01  0.0000E+00
   125.000  0.2170E+01  0.0000E+00
   130.000  0.1880E+01  0.0000E+00
   135.000  0.1596E+01  0.0000E+00
   140.000  0.1332E+01  0.0000E+00
   145.000  0.1097E+01  0.0000E+00
   150.000  0.8982E+00  0.0000E+00
   155.000  0.7369E+00  0.0000E+00
   160.000  0.6126E+00  0.0000E+00
   165.000  0.5224E+00  0.0000E+00
   170.000  0.4622E+00  0.0000E+00
   175.000  0.4279E+00  0.0000E+00
   180.000  0.4169E+00  0.0000E+00
