#  FA07K 2700 MEV P(202) CHI/DP=49261/24376   SU07         SM05  12/20/ 8  
#     PI0P  DSG  AT Elab =   650.00      12/20/ 8  
#     Acm     Obs,Err
     0.000  0.7879E+00  0.0000E+00
     5.000  0.7992E+00  0.0000E+00
    10.000  0.8317E+00  0.0000E+00
    15.000  0.8820E+00  0.0000E+00
    20.000  0.9456E+00  0.0000E+00
    25.000  0.1019E+01  0.0000E+00
    30.000  0.1100E+01  0.0000E+00
    35.000  0.1191E+01  0.0000E+00
    40.000  0.1296E+01  0.0000E+00
    45.000  0.1419E+01  0.0000E+00
    50.000  0.1565E+01  0.0000E+00
    55.000  0.1737E+01  0.0000E+00
    60.000  0.1934E+01  0.0000E+00
    65.000  0.2149E+01  0.0000E+00
    70.000  0.2371E+01  0.0000E+00
    75.000  0.2587E+01  0.0000E+00
    80.000  0.2780E+01  0.0000E+00
    85.000  0.2934E+01  0.0000E+00
    90.000  0.3036E+01  0.0000E+00
    95.000  0.3075E+01  0.0000E+00
   100.000  0.3045E+01  0.0000E+00
   105.000  0.2947E+01  0.0000E+00
   110.000  0.2786E+01  0.0000E+00
   115.000  0.2574E+01  0.0000E+00
   120.000  0.2326E+01  0.0000E+00
   125.000  0.2059E+01  0.0000E+00
   130.000  0.1792E+01  0.0000E+00
   135.000  0.1542E+01  0.0000E+00
   140.000  0.1320E+01  0.0000E+00
   145.000  0.1138E+01  0.0000E+00
   150.000  0.9968E+00  0.0000E+00
   155.000  0.8965E+00  0.0000E+00
   160.000  0.8316E+00  0.0000E+00
   165.000  0.7942E+00  0.0000E+00
   170.000  0.7755E+00  0.0000E+00
   175.000  0.7678E+00  0.0000E+00
   180.000  0.7659E+00  0.0000E+00
