#  FA07K 2700 MEV P(202) CHI/DP=49261/24376   SU07         SM05  12/20/ 8  
#     PI0P  DSG  AT Elab =   750.00      12/20/ 8  
#     Acm     Obs,Err
     0.000  0.7015E+00  0.0000E+00
     5.000  0.7351E+00  0.0000E+00
    10.000  0.8331E+00  0.0000E+00
    15.000  0.9883E+00  0.0000E+00
    20.000  0.1190E+01  0.0000E+00
    25.000  0.1427E+01  0.0000E+00
    30.000  0.1688E+01  0.0000E+00
    35.000  0.1967E+01  0.0000E+00
    40.000  0.2256E+01  0.0000E+00
    45.000  0.2554E+01  0.0000E+00
    50.000  0.2855E+01  0.0000E+00
    55.000  0.3155E+01  0.0000E+00
    60.000  0.3448E+01  0.0000E+00
    65.000  0.3722E+01  0.0000E+00
    70.000  0.3965E+01  0.0000E+00
    75.000  0.4164E+01  0.0000E+00
    80.000  0.4307E+01  0.0000E+00
    85.000  0.4384E+01  0.0000E+00
    90.000  0.4389E+01  0.0000E+00
    95.000  0.4321E+01  0.0000E+00
   100.000  0.4185E+01  0.0000E+00
   105.000  0.3992E+01  0.0000E+00
   110.000  0.3756E+01  0.0000E+00
   115.000  0.3495E+01  0.0000E+00
   120.000  0.3227E+01  0.0000E+00
   125.000  0.2969E+01  0.0000E+00
   130.000  0.2736E+01  0.0000E+00
   135.000  0.2538E+01  0.0000E+00
   140.000  0.2379E+01  0.0000E+00
   145.000  0.2257E+01  0.0000E+00
   150.000  0.2169E+01  0.0000E+00
   155.000  0.2106E+01  0.0000E+00
   160.000  0.2063E+01  0.0000E+00
   165.000  0.2034E+01  0.0000E+00
   170.000  0.2014E+01  0.0000E+00
   175.000  0.2003E+01  0.0000E+00
   180.000  0.1999E+01  0.0000E+00
