#  FA07K 2700 MEV P(202) CHI/DP=49261/24376   SU07         SM05  12/20/ 8  
#     PI0P  DSG  AT Elab =   850.00      12/20/ 8  
#     Acm     Obs,Err
     0.000  0.4454E+00  0.0000E+00
     5.000  0.4640E+00  0.0000E+00
    10.000  0.5172E+00  0.0000E+00
    15.000  0.5970E+00  0.0000E+00
    20.000  0.6936E+00  0.0000E+00
    25.000  0.7977E+00  0.0000E+00
    30.000  0.9041E+00  0.0000E+00
    35.000  0.1013E+01  0.0000E+00
    40.000  0.1128E+01  0.0000E+00
    45.000  0.1257E+01  0.0000E+00
    50.000  0.1408E+01  0.0000E+00
    55.000  0.1584E+01  0.0000E+00
    60.000  0.1784E+01  0.0000E+00
    65.000  0.1999E+01  0.0000E+00
    70.000  0.2216E+01  0.0000E+00
    75.000  0.2419E+01  0.0000E+00
    80.000  0.2592E+01  0.0000E+00
    85.000  0.2721E+01  0.0000E+00
    90.000  0.2799E+01  0.0000E+00
    95.000  0.2827E+01  0.0000E+00
   100.000  0.2810E+01  0.0000E+00
   105.000  0.2763E+01  0.0000E+00
   110.000  0.2702E+01  0.0000E+00
   115.000  0.2644E+01  0.0000E+00
   120.000  0.2601E+01  0.0000E+00
   125.000  0.2583E+01  0.0000E+00
   130.000  0.2587E+01  0.0000E+00
   135.000  0.2606E+01  0.0000E+00
   140.000  0.2622E+01  0.0000E+00
   145.000  0.2620E+01  0.0000E+00
   150.000  0.2586E+01  0.0000E+00
   155.000  0.2512E+01  0.0000E+00
   160.000  0.2406E+01  0.0000E+00
   165.000  0.2284E+01  0.0000E+00
   170.000  0.2169E+01  0.0000E+00
   175.000  0.2087E+01  0.0000E+00
   180.000  0.2058E+01  0.0000E+00
