# PI-P
# Cos(ang) vs. Cross-section (millibarns)
# 140 MeV

180.000  0.1576E+01
154.158  0.1380E+01
143.130  0.1204E+01
134.427  0.1051E+01
126.870  0.9202E+00
120.000  0.8127E+00
113.578  0.7295E+00
107.457  0.6716E+00
101.537  0.6402E+00
 95.739  0.6367E+00
 90.000  0.6625E+00
 84.261  0.7196E+00
 78.463  0.8100E+00
 72.543  0.9365E+00
 66.422  0.1102E+01
 60.000  0.1313E+01
 53.130  0.1574E+01
 45.573  0.1902E+01
 36.870  0.2335E+01
 25.842  0.3065E+01
  0.000  0.2922E+01
