# PI-P
# Cos(ang) vs. Cross-section (millibarns)
# 1060 MeV

180.000  0.1028E+00
154.158  0.6943E+00
143.130  0.8130E+00
134.427  0.7092E+00
126.870  0.5454E+00
120.000  0.4066E+00
113.578  0.3220E+00
107.457  0.2866E+00
101.537  0.2795E+00
 95.739  0.2759E+00
 90.000  0.2566E+00
 84.261  0.2137E+00
 78.463  0.1572E+00
 72.543  0.1205E+00
 66.422  0.1644E+00
 60.000  0.3792E+00
 53.130  0.8809E+00
 45.573  0.1806E+01
 36.870  0.3317E+01
 25.842  0.5648E+01
  0.000  0.9599E+01
