# PI-P
# Cos(ang) vs. Cross-section (millibarns)
# 1500 MeV

180.000  0.2300E+00
154.158  0.8001E-01
143.130  0.7844E-01
134.427  0.1350E+00
126.870  0.1963E+00
120.000  0.2409E+00
113.578  0.2650E+00
107.457  0.2729E+00
101.537  0.2713E+00
 95.739  0.2653E+00
 90.000  0.2551E+00
 84.261  0.2364E+00
 78.463  0.2031E+00
 72.543  0.1567E+00
 66.422  0.1185E+00
 60.000  0.1438E+00
 53.130  0.3348E+00
 45.573  0.8695E+00
 36.870  0.2103E+01
 25.842  0.4898E+01
  0.000  0.1172E+02
