# PI-P
# Cos(ang) vs. Cross-section (millibarns)
# 100 MeV

180.000  0.2874E+00
154.158  0.2728E+00
143.130  0.2609E+00
134.427  0.2523E+00
126.870  0.2472E+00
120.000  0.2463E+00
113.578  0.2500E+00
107.457  0.2590E+00
101.537  0.2739E+00
 95.739  0.2955E+00
 90.000  0.3247E+00
 84.261  0.3627E+00
 78.463  0.4107E+00
 72.543  0.4704E+00
 66.422  0.5443E+00
 60.000  0.6362E+00
 53.130  0.7525E+00
 45.573  0.9078E+00
 36.870  0.1145E+01
 25.842  0.1699E+01
  0.000  0.1140E+01
