# PI-P
# Cos(ang) vs. Cross-section (millibarns)
# 1020 MeV

180.000  0.6572E-01
154.158  0.8436E+00
143.130  0.1019E+01
134.427  0.9004E+00
126.870  0.6899E+00
120.000  0.4979E+00
113.578  0.3688E+00
107.457  0.3046E+00
101.537  0.2842E+00
 95.739  0.2789E+00
 90.000  0.2625E+00
 84.261  0.2209E+00
 78.463  0.1596E+00
 72.543  0.1115E+00
 66.422  0.1434E+00
 60.000  0.3586E+00
 53.130  0.8957E+00
 45.573  0.1921E+01
 36.870  0.3625E+01
 25.842  0.6239E+01
  0.000  0.1050E+02
