# PI-P
# Cos(ang) vs. Cross-section (millibarns)
# 150 MeV

180.000  0.2044E+01
154.158  0.1774E+01
143.130  0.1533E+01
134.427  0.1322E+01
126.870  0.1142E+01
120.000  0.9924E+00
113.578  0.8755E+00
107.457  0.7918E+00
101.537  0.7422E+00
 95.739  0.7283E+00
 90.000  0.7513E+00
 84.261  0.8131E+00
 78.463  0.9157E+00
 72.543  0.1062E+01
 66.422  0.1254E+01
 60.000  0.1498E+01
 53.130  0.1800E+01
 45.573  0.2174E+01
 36.870  0.2652E+01
 25.842  0.3404E+01
  0.000  0.3421E+01
