# PI-P
# Cos(ang) vs. Cross-section (millibarns)
# 180 MeV

180.000  0.3032E+01
154.158  0.2581E+01
143.130  0.2182E+01
134.427  0.1835E+01
126.870  0.1540E+01
120.000  0.1297E+01
113.578  0.1105E+01
107.457  0.9659E+00
101.537  0.8783E+00
 95.739  0.8430E+00
 90.000  0.8599E+00
 84.261  0.9296E+00
 78.463  0.1052E+01
 72.543  0.1229E+01
 66.422  0.1461E+01
 60.000  0.1749E+01
 53.130  0.2096E+01
 45.573  0.2506E+01
 36.870  0.2993E+01
 25.842  0.3621E+01
  0.000  0.4038E+01
