# PI-P
# Cos(ang) vs. Cross-section (millibarns)
# 1460 MeV

180.000  0.2689E+00
154.158  0.1054E+00
143.130  0.1040E+00
134.427  0.1618E+00
126.870  0.2244E+00
120.000  0.2699E+00
113.578  0.2935E+00
107.457  0.2985E+00
101.537  0.2911E+00
 95.739  0.2769E+00
 90.000  0.2575E+00
 84.261  0.2300E+00
 78.463  0.1905E+00
 72.543  0.1420E+00
 66.422  0.1072E+00
 60.000  0.1423E+00
 53.130  0.3508E+00
 45.573  0.9118E+00
 36.870  0.2175E+01
 25.842  0.4956E+01
  0.000  0.1155E+02
