# PI-P
# Cos(ang) vs. Cross-section (millibarns)
# 10 MeV

180.000  0.2343E+00
154.158  0.2455E+00
143.130  0.2577E+00
134.427  0.2711E+00
126.870  0.2860E+00
120.000  0.3027E+00
113.578  0.3216E+00
107.457  0.3433E+00
101.537  0.3687E+00
 95.739  0.3990E+00
 90.000  0.4358E+00
 84.261  0.4818E+00
 78.463  0.5411E+00
 72.543  0.6208E+00
 66.422  0.7334E+00
 60.000  0.9040E+00
 53.130  0.1190E+01
 45.573  0.1746E+01
 36.870  0.3166E+01
 25.842  0.9898E+01
  0.000  0.1883E+00