# PI-P
# Cos(ang) vs. Cross-section (millibarns)
# 1340 MeV

180.000  0.3646E+00
154.158  0.2313E+00
143.130  0.2283E+00
134.427  0.2666E+00
126.870  0.3111E+00
120.000  0.3472E+00
113.578  0.3676E+00
107.457  0.3690E+00
101.537  0.3518E+00
 95.739  0.3188E+00
 90.000  0.2729E+00
 84.261  0.2165E+00
 78.463  0.1535E+00
 72.543  0.9564E-01
 66.422  0.7323E-01
 60.000  0.1461E+00
 53.130  0.4175E+00
 45.573  0.1061E+01
 36.870  0.2405E+01
 25.842  0.5170E+01
  0.000  0.1132E+02
