# PI-P
# Cos(ang) vs. Cross-section (millibarns)
# 1140 MeV

180.000  0.2213E+00
154.158  0.5410E+00
143.130  0.5894E+00
134.427  0.5159E+00
126.870  0.4213E+00
120.000  0.3535E+00
113.578  0.3219E+00
107.457  0.3146E+00
101.537  0.3129E+00
 95.739  0.2998E+00
 90.000  0.2652E+00
 84.261  0.2091E+00
 78.463  0.1453E+00
 72.543  0.1051E+00
 66.422  0.1412E+00
 60.000  0.3295E+00
 53.130  0.7679E+00
 45.573  0.1581E+01
 36.870  0.2951E+01
 25.842  0.5242E+01
  0.000  0.9591E+01
