# PI-P
# Cos(ang) vs. Cross-section (millibarns)
# 160 MeV

180.000  0.2484E+01
154.158  0.2140E+01
143.130  0.1834E+01
134.427  0.1566E+01
126.870  0.1337E+01
120.000  0.1148E+01
113.578  0.9984E+00
107.457  0.8899E+00
101.537  0.8232E+00
 95.739  0.7994E+00
 90.000  0.8196E+00
 84.261  0.8853E+00
 78.463  0.9982E+00
 72.543  0.1161E+01
 66.422  0.1375E+01
 60.000  0.1646E+01
 53.130  0.1979E+01
 45.573  0.2385E+01
 36.870  0.2890E+01
 25.842  0.3633E+01
  0.000  0.3812E+01
