# PI-P
# Cos(ang) vs. Cross-section (millibarns)
# 210 MeV

180.000  0.2894E+01
154.158  0.2430E+01
143.130  0.2024E+01
134.427  0.1675E+01
126.870  0.1382E+01
120.000  0.1145E+01
113.578  0.9618E+00
107.457  0.8318E+00
101.537  0.7537E+00
 95.739  0.7259E+00
 90.000  0.7471E+00
 84.261  0.8155E+00
 78.463  0.9294E+00
 72.543  0.1087E+01
 66.422  0.1286E+01
 60.000  0.1523E+01
 53.130  0.1798E+01
 45.573  0.2105E+01
 36.870  0.2441E+01
 25.842  0.2799E+01
  0.000  0.3256E+01
