# PI-P
# Cos(ang) vs. Cross-section (millibarns)
# 280 MeV

180.000  0.1610E+01
154.158  0.1322E+01
143.130  0.1079E+01
134.427  0.8807E+00
126.870  0.7240E+00
120.000  0.6073E+00
113.578  0.5287E+00
107.457  0.4859E+00
101.537  0.4763E+00
 95.739  0.4969E+00
 90.000  0.5442E+00
 84.261  0.6142E+00
 78.463  0.7023E+00
 72.543  0.8035E+00
 66.422  0.9120E+00
 60.000  0.1022E+01
 53.130  0.1126E+01
 45.573  0.1216E+01
 36.870  0.1282E+01
 25.842  0.1308E+01
  0.000  0.1393E+01
