# PI-P
# Cos(ang) vs. Cross-section (millibarns)
# 20 MeV

180.000  0.1227E+00
154.158  0.1323E+00
143.130  0.1423E+00
134.427  0.1527E+00
126.870  0.1637E+00
120.000  0.1753E+00
113.578  0.1878E+00
107.457  0.2015E+00
101.537  0.2166E+00
 95.739  0.2337E+00
 90.000  0.2534E+00
 84.261  0.2767E+00
 78.463  0.3052E+00
 72.543  0.3415E+00
 66.422  0.3901E+00
 60.000  0.4600E+00
 53.130  0.5708E+00
 45.573  0.7744E+00
 36.870  0.1260E+01
 25.842  0.3377E+01
  0.000  0.1943E+00