# PI-P
# Cos(ang) vs. Cross-section (millibarns)
# 260 MeV

180.000  0.1923E+01
154.158  0.1587E+01
143.130  0.1301E+01
134.427  0.1062E+01
126.870  0.8698E+00
120.000  0.7216E+00
113.578  0.6159E+00
107.457  0.5503E+00
101.537  0.5227E+00
 95.739  0.5300E+00
 90.000  0.5693E+00
 84.261  0.6368E+00
 78.463  0.7285E+00
 72.543  0.8399E+00
 66.422  0.9657E+00
 60.000  0.1100E+01
 53.130  0.1237E+01
 45.573  0.1369E+01
 36.870  0.1484E+01
 25.842  0.1557E+01
  0.000  0.1741E+01
