# PI-P
# Cos(ang) vs. Cross-section (millibarns)
# 220 MeV

180.000  0.2710E+01
154.158  0.2266E+01
143.130  0.1879E+01
134.427  0.1549E+01
126.870  0.1274E+01
120.000  0.1053E+01
113.578  0.8834E+00
107.457  0.7653E+00
101.537  0.6965E+00
 95.739  0.6752E+00
 90.000  0.6995E+00
 84.261  0.7671E+00
 78.463  0.8757E+00
 72.543  0.1023E+01
 66.422  0.1205E+01
 60.000  0.1419E+01
 53.130  0.1661E+01
 45.573  0.1926E+01
 36.870  0.2207E+01
 25.842  0.2486E+01
  0.000  0.2900E+01
