# PI-P
# Cos(ang) vs. Cross-section (millibarns)
# 40 MeV

180.000  0.2843E-01
154.158  0.4235E-01
143.130  0.5623E-01
134.427  0.7014E-01
126.870  0.8416E-01
120.000  0.9839E-01
113.578  0.1130E+00
107.457  0.1280E+00
101.537  0.1438E+00
 95.739  0.1605E+00
 90.000  0.1785E+00
 84.261  0.1984E+00
 78.463  0.2210E+00
 72.543  0.2474E+00
 66.422  0.2799E+00
 60.000  0.3224E+00
 53.130  0.3834E+00
 45.573  0.4843E+00
 36.870  0.6993E+00
 25.842  0.1513E+01
  0.000  0.2558E+00