# PI-P
# Cos(ang) vs. Cross-section (millibarns)
# 580 MeV

180.000  0.1566E+01
154.158  0.1239E+01
143.130  0.9318E+00
134.427  0.6560E+00
126.870  0.4216E+00
120.000  0.2379E+00
113.578  0.1134E+00
107.457  0.5481E-01
101.537  0.6703E-01
 95.739  0.1521E+00
 90.000  0.3095E+00
 84.261  0.5368E+00
 78.463  0.8307E+00
 72.543  0.1189E+01
 66.422  0.1612E+01
 60.000  0.2105E+01
 53.130  0.2682E+01
 45.573  0.3374E+01
 36.870  0.4240E+01
 25.842  0.5427E+01
  0.000  0.6994E+01
