# PI-P
# Cos(ang) vs. Cross-section (millibarns)
# 740 MeV

180.000  0.1536E+00
154.158  0.8087E+00
143.130  0.1088E+01
134.427  0.1106E+01
126.870  0.9638E+00
120.000  0.7454E+00
113.578  0.5177E+00
107.457  0.3288E+00
101.537  0.2088E+00
 95.739  0.1698E+00
 90.000  0.2091E+00
 84.261  0.3120E+00
 78.463  0.4577E+00
 72.543  0.6259E+00
 66.422  0.8048E+00
 60.000  0.1001E+01
 53.130  0.1251E+01
 45.573  0.1646E+01
 36.870  0.2369E+01
 25.842  0.3803E+01
  0.000  0.6545E+01
