# PI-P
# Cos(ang) vs. Cross-section (millibarns)
# 700 MeV

180.000  0.2392E+00
154.158  0.6717E+00
143.130  0.8555E+00
134.427  0.8584E+00
126.870  0.7460E+00
120.000  0.5772E+00
113.578  0.4011E+00
107.457  0.2559E+00
101.537  0.1684E+00
 95.739  0.1532E+00
 90.000  0.2135E+00
 84.261  0.3433E+00
 78.463  0.5299E+00
 72.543  0.7584E+00
 66.422  0.1016E+01
 60.000  0.1299E+01
 53.130  0.1617E+01
 45.573  0.2011E+01
 36.870  0.2575E+01
 25.842  0.3527E+01
  0.000  0.5288E+01
