# PI-P
# Cos(ang) vs. Cross-section (millibarns)
# 820 MeV

180.000  0.1867E+00
154.158  0.1517E+01
143.130  0.2027E+01
134.427  0.2020E+01
126.870  0.1729E+01
120.000  0.1326E+01
113.578  0.9295E+00
107.457  0.6095E+00
101.537  0.3974E+00
 95.739  0.2921E+00
 90.000  0.2691E+00
 84.261  0.2918E+00
 78.463  0.3250E+00
 72.543  0.3514E+00
 66.422  0.3900E+00
 60.000  0.5179E+00
 53.130  0.8979E+00
 45.573  0.1818E+01
 36.870  0.3762E+01
 25.842  0.7558E+01
  0.000  0.1444E+02
