# PI-P
# Cos(ang) vs. Cross-section (millibarns)
# 80 MeV

180.000  0.6325E-01
154.158  0.7462E-01
143.130  0.8639E-01
134.427  0.9879E-01
126.870  0.1121E+00
120.000  0.1265E+00
113.578  0.1425E+00
107.457  0.1603E+00
101.537  0.1804E+00
 95.739  0.2032E+00
 90.000  0.2294E+00
 84.261  0.2596E+00
 78.463  0.2949E+00
 72.543  0.3364E+00
 66.422  0.3861E+00
 60.000  0.4472E+00
 53.130  0.5258E+00
 45.573  0.6360E+00
 36.870  0.8223E+00
 25.842  0.1339E+01
  0.000  0.6634E+00