# PI-P
# Cos(ang) vs. Cross-section (millibarns)
# 860 MeV

180.000  0.2571E+00
154.158  0.1841E+01
143.130  0.2390E+01
134.427  0.2322E+01
126.870  0.1945E+01
120.000  0.1468E+01
113.578  0.1024E+01
107.457  0.6824E+00
101.537  0.4627E+00
 95.739  0.3493E+00
 90.000  0.3041E+00
 84.261  0.2821E+00
 78.463  0.2490E+00
 72.543  0.2010E+00
 66.422  0.1868E+00
 60.000  0.3321E+00
 53.130  0.8685E+00
 45.573  0.2171E+01
 36.870  0.4815E+01
 25.842  0.9695E+01
  0.000  0.1824E+02
