# PI-P
# Cos(ang) vs. Cross-section (millibarns)
# 980 MeV

180.000  0.6503E-01
154.158  0.1083E+01
143.130  0.1338E+01
134.427  0.1205E+01
126.870  0.9334E+00
120.000  0.6668E+00
113.578  0.4707E+00
107.457  0.3577E+00
101.537  0.3092E+00
 95.739  0.2922E+00
 90.000  0.2727E+00
 84.261  0.2274E+00
 78.463  0.1546E+00
 72.543  0.8514E-01
 66.422  0.9140E-01
 60.000  0.2949E+00
 53.130  0.8679E+00
 45.573  0.2030E+01
 36.870  0.4040E+01
 25.842  0.7201E+01
  0.000  0.1231E+02
