# PI-P
# Cos(ang) vs. Cross-section (millibarns)
# 1260 MeV

180.000  0.3604E+00
154.158  0.3597E+00
143.130  0.3629E+00
134.427  0.3585E+00
126.870  0.3578E+00
120.000  0.3652E+00
113.578  0.3753E+00
107.457  0.3784E+00
101.537  0.3662E+00
 95.739  0.3342E+00
 90.000  0.2823E+00
 84.261  0.2143E+00
 78.463  0.1402E+00
 72.543  0.8125E-01
 66.422  0.7683E-01
 60.000  0.1917E+00
 53.130  0.5251E+00
 45.573  0.1232E+01
 36.870  0.2596E+01
 25.842  0.5237E+01
  0.000  0.1089E+02
