# PI-P
# Cos(ang) vs. Cross-section (millibarns)
# 1220 MeV

180.000  0.3280E+00
154.158  0.4259E+00
143.130  0.4383E+00
134.427  0.4081E+00
126.870  0.3766E+00
120.000  0.3618E+00
113.578  0.3616E+00
107.457  0.3641E+00
101.537  0.3564E+00
 95.739  0.3297E+00
 90.000  0.2808E+00
 84.261  0.2131E+00
 78.463  0.1391E+00
 72.543  0.8429E-01
 66.422  0.9310E-01
 60.000  0.2335E+00
 53.130  0.6028E+00
 45.573  0.1344E+01
 36.870  0.2705E+01
 25.842  0.5231E+01
  0.000  0.1048E+02
