# PI-P
# Cos(ang) vs. Cross-section (millibarns)
# 1420 MeV

180.000  0.3070E+00
154.158  0.1380E+00
143.130  0.1361E+00
134.427  0.1923E+00
126.870  0.2536E+00
120.000  0.2988E+00
113.578  0.3218E+00
107.457  0.3245E+00
101.537  0.3121E+00
 95.739  0.2902E+00
 90.000  0.2612E+00
 84.261  0.2242E+00
 78.463  0.1774E+00
 72.543  0.1261E+00
 66.422  0.9473E-01
 60.000  0.1403E+00
 53.130  0.3672E+00
 45.573  0.9548E+00
 36.870  0.2247E+01
 25.842  0.5026E+01
  0.000  0.1145E+02
