# PI-P
# Cos(ang) vs. Cross-section (millibarns)
# 120 MeV

180.000  0.7753E+00
154.158  0.6962E+00
143.130  0.6261E+00
134.427  0.5655E+00
126.870  0.5152E+00
120.000  0.4757E+00
113.578  0.4481E+00
107.457  0.4330E+00
101.537  0.4315E+00
 95.739  0.4449E+00
 90.000  0.4742E+00
 84.261  0.5212E+00
 78.463  0.5877E+00
 72.543  0.6759E+00
 66.422  0.7889E+00
 60.000  0.9311E+00
 53.130  0.1110E+01
 45.573  0.1340E+01
 36.870  0.1665E+01
 25.842  0.2305E+01
  0.000  0.1905E+01
