# PI-P
# Cos(ang) vs. Cross-section (millibarns)
# 170 MeV

180.000  0.2827E+01
154.158  0.2420E+01
143.130  0.2059E+01
134.427  0.1743E+01
126.870  0.1475E+01
120.000  0.1252E+01
113.578  0.1077E+01
107.457  0.9494E+00
101.537  0.8695E+00
 95.739  0.8382E+00
 90.000  0.8562E+00
 84.261  0.9245E+00
 78.463  0.1044E+01
 72.543  0.1217E+01
 66.422  0.1445E+01
 60.000  0.1731E+01
 53.130  0.2080E+01
 45.573  0.2498E+01
 36.870  0.3006E+01
 25.842  0.3706E+01
  0.000  0.4023E+01
