# PI-P
# Cos(ang) vs. Cross-section (millibarns)
# 270 MeV

180.000  0.1757E+01
154.158  0.1447E+01
143.130  0.1183E+01
134.427  0.9655E+00
126.870  0.7918E+00
120.000  0.6601E+00
113.578  0.5685E+00
107.457  0.5148E+00
101.537  0.4965E+00
 95.739  0.5106E+00
 90.000  0.5538E+00
 84.261  0.6224E+00
 78.463  0.7118E+00
 72.543  0.8174E+00
 66.422  0.9336E+00
 60.000  0.1054E+01
 53.130  0.1173E+01
 45.573  0.1282E+01
 36.870  0.1370E+01
 25.842  0.1416E+01
  0.000  0.1548E+01
