# PI-P
# Cos(ang) vs. Cross-section (millibarns)
# 200 MeV

180.000  0.3034E+01
154.158  0.2558E+01
143.130  0.2140E+01
134.427  0.1779E+01
126.870  0.1475E+01
120.000  0.1227E+01
113.578  0.1033E+01
107.457  0.8946E+00
101.537  0.8092E+00
 95.739  0.7763E+00
 90.000  0.7950E+00
 84.261  0.8643E+00
 78.463  0.9830E+00
 72.543  0.1150E+01
 66.422  0.1364E+01
 60.000  0.1625E+01
 53.130  0.1930E+01
 45.573  0.2278E+01
 36.870  0.2671E+01
 25.842  0.3118E+01
  0.000  0.3598E+01
