# PI-P
# Cos(ang) vs. Cross-section (millibarns)
# 250 MeV

180.000  0.2106E+01
154.158  0.1743E+01
143.130  0.1432E+01
134.427  0.1171E+01
126.870  0.9583E+00
120.000  0.7924E+00
113.578  0.6714E+00
107.457  0.5932E+00
101.537  0.5556E+00
 95.739  0.5560E+00
 90.000  0.5913E+00
 84.261  0.6583E+00
 78.463  0.7532E+00
 72.543  0.8716E+00
 66.422  0.1009E+01
 60.000  0.1160E+01
 53.130  0.1319E+01
 45.573  0.1477E+01
 36.870  0.1624E+01
 25.842  0.1734E+01
  0.000  0.1975E+01
