# PI-P
# Cos(ang) vs. Cross-section (millibarns)
# 340 MeV

180.000  0.1116E+01
154.158  0.9024E+00
143.130  0.7290E+00
134.427  0.5943E+00
126.870  0.4965E+00
120.000  0.4337E+00
113.578  0.4038E+00
107.457  0.4047E+00
101.537  0.4334E+00
 95.739  0.4868E+00
 90.000  0.5606E+00
 84.261  0.6501E+00
 78.463  0.7497E+00
 72.543  0.8534E+00
 66.422  0.9549E+00
 60.000  0.1047E+01
 53.130  0.1124E+01
 45.573  0.1180E+01
 36.870  0.1211E+01
 25.842  0.1232E+01
  0.000  0.1182E+01
