# PI-P
# Cos(ang) vs. Cross-section (millibarns)
# 300 MeV

180.000  0.1370E+01
154.158  0.1120E+01
143.130  0.9118E+00
134.427  0.7448E+00
126.870  0.6165E+00
120.000  0.5252E+00
113.578  0.4687E+00
107.457  0.4448E+00
101.537  0.4508E+00
 95.739  0.4835E+00
 90.000  0.5392E+00
 84.261  0.6136E+00
 78.463  0.7018E+00
 72.543  0.7982E+00
 66.422  0.8970E+00
 60.000  0.9915E+00
 53.130  0.1075E+01
 45.573  0.1140E+01
 36.870  0.1178E+01
 25.842  0.1181E+01
  0.000  0.1193E+01
