# PI-P
# Cos(ang) vs. Cross-section (millibarns)
# 460 MeV

180.000  0.1445E+01
154.158  0.1102E+01
143.130  0.8169E+00
134.427  0.5901E+00
126.870  0.4206E+00
120.000  0.3068E+00
113.578  0.2468E+00
107.457  0.2381E+00
101.537  0.2769E+00
 95.739  0.3586E+00
 90.000  0.4769E+00
 84.261  0.6245E+00
 78.463  0.7932E+00
 72.543  0.9749E+00
 66.422  0.1162E+01
 60.000  0.1349E+01
 53.130  0.1532E+01
 45.573  0.1714E+01
 36.870  0.1913E+01
 25.842  0.2196E+01
  0.000  0.2450E+01
