# PI-P
# Cos(ang) vs. Cross-section (millibarns)
# 420 MeV

180.000  0.1294E+01
154.158  0.1005E+01
143.130  0.7671E+00
134.427  0.5808E+00
126.870  0.4440E+00
120.000  0.3551E+00
113.578  0.3119E+00
107.457  0.3121E+00
101.537  0.3523E+00
 95.739  0.4284E+00
 90.000  0.5349E+00
 84.261  0.6653E+00
 78.463  0.8125E+00
 72.543  0.9689E+00
 66.422  0.1127E+01
 60.000  0.1280E+01
 53.130  0.1423E+01
 45.573  0.1553E+01
 36.870  0.1681E+01
 25.842  0.1850E+01
  0.000  0.1945E+01
