# PI-P
# Cos(ang) vs. Cross-section (millibarns)
# 500 MeV

180.000  0.1574E+01
154.158  0.1189E+01
143.130  0.8647E+00
134.427  0.6025E+00
126.870  0.4029E+00
120.000  0.2650E+00
113.578  0.1876E+00
107.457  0.1683E+00
101.537  0.2040E+00
 95.739  0.2896E+00
 90.000  0.4187E+00
 84.261  0.5836E+00
 78.463  0.7763E+00
 72.543  0.9889E+00
 66.422  0.1215E+01
 60.000  0.1452E+01
 53.130  0.1701E+01
 45.573  0.1973E+01
 36.870  0.2301E+01
 25.842  0.2784E+01
  0.000  0.3316E+01
