# PI-P
# Cos(ang) vs. Cross-section (millibarns)
# 60 MeV

180.000  0.6271E-03
154.158  0.1755E-01
143.130  0.3430E-01
134.427  0.5102E-01
126.870  0.6784E-01
120.000  0.8491E-01
113.578  0.1024E+00
107.457  0.1206E+00
101.537  0.1396E+00
 95.739  0.1599E+00
 90.000  0.1818E+00
 84.261  0.2058E+00
 78.463  0.2326E+00
 72.543  0.2634E+00
 66.422  0.3000E+00
 60.000  0.3454E+00
 53.130  0.4060E+00
 45.573  0.4974E+00
 36.870  0.6704E+00
 25.842  0.1236E+01
  0.000  0.3958E+00
