# PI-P
# Cos(ang) vs. Cross-section (millibarns)
# 70 MeV

180.000  0.1727E-01
154.158  0.3306E-01
143.130  0.4884E-01
134.427  0.6476E-01
126.870  0.8104E-01
120.000  0.9786E-01
113.578  0.1155E+00
107.457  0.1342E+00
101.537  0.1542E+00
 95.739  0.1761E+00
 90.000  0.2002E+00
 84.261  0.2271E+00
 78.463  0.2576E+00
 72.543  0.2930E+00
 66.422  0.3350E+00
 60.000  0.3867E+00
 53.130  0.4541E+00
 45.573  0.5519E+00
 36.870  0.7266E+00
 25.842  0.1254E+01
  0.000  0.5094E+00
