# PI-P
# Cos(ang) vs. Cross-section (millibarns)
# 780 MeV

180.000  0.1437E+00
154.158  0.1099E+01
143.130  0.1488E+01
134.427  0.1502E+01
126.870  0.1297E+01
120.000  0.9970E+00
113.578  0.6915E+00
107.457  0.4411E+00
101.537  0.2781E+00
 95.739  0.2099E+00
 90.000  0.2243E+00
 84.261  0.2958E+00
 78.463  0.3948E+00
 72.543  0.4989E+00
 66.422  0.6052E+00
 60.000  0.7462E+00
 53.130  0.1010E+01
 45.573  0.1572E+01
 36.870  0.2753E+01
 25.842  0.5158E+01
  0.000  0.9673E+01
