# PI-P
# Cos(ang) vs. Cross-section (millibarns)
# 940 MeV

180.000  0.1218E+00
154.158  0.1422E+01
143.130  0.1781E+01
134.427  0.1640E+01
126.870  0.1297E+01
120.000  0.9351E+00
113.578  0.6458E+00
107.457  0.4586E+00
101.537  0.3613E+00
 95.739  0.3191E+00
 90.000  0.2898E+00
 84.261  0.2391E+00
 78.463  0.1549E+00
 72.543  0.6182E-01
 66.422  0.3651E-01
 60.000  0.2202E+00
 53.130  0.8287E+00
 45.573  0.2158E+01
 36.870  0.4588E+01
 25.842  0.8592E+01
  0.000  0.1517E+02
