# PI+D -> 2P
# Cos(ang) vs. Cross-section (millibarns)
# 350 MeV

     0.000  0.2844E+00
     9.000  0.2879E+00
    18.000  0.2941E+00
    27.000  0.2935E+00
    36.000  0.2785E+00
    45.000  0.2488E+00
    54.000  0.2102E+00
    63.000  0.1706E+00
    72.000  0.1368E+00
    81.000  0.1140E+00
    90.000  0.1059E+00
    99.000  0.1140E+00
   108.000  0.1368E+00
   117.000  0.1706E+00
   126.000  0.2102E+00
   135.000  0.2488E+00
   144.000  0.2785E+00
   153.000  0.2935E+00
   162.000  0.2941E+00
   171.000  0.2879E+00
   180.000  0.2844E+00

