# PI+D -> 2P
# Cos(ang) vs. Cross-section (millibarns)
# 175 MeV

     0.000  0.2703E+01
     9.000  0.2691E+01
    18.000  0.2643E+01
    27.000  0.2533E+01
    36.000  0.2337E+01
    45.000  0.2053E+01
    54.000  0.1707E+01 
    63.000  0.1349E+01
    72.000  0.1037E+01
    81.000  0.8258E+00
    90.000  0.7511E+00
    99.000  0.8258E+00
   108.000  0.1037E+01 
   117.000  0.1349E+01
   126.000  0.1707E+01
   135.000  0.2053E+01
   144.000  0.2337E+01
   153.000  0.2533E+01
   162.000  0.2643E+01
   171.000  0.2691E+01
   180.000  0.2703E+01

