# PI+D -> 2P
# Cos(ang) vs. Cross-section (millibarns)
# 225 MeV

     0.000  0.1278E+01
     9.000  0.1285E+01
    18.000  0.1293E+01
    27.000  0.1278E+01
    36.000  0.1215E+01
    45.000  0.1094E+01
    54.000  0.9275E+00
    63.000  0.7454E+00
    72.000  0.5827E+00
    81.000  0.4709E+00
    90.000  0.4312E+00
    99.000  0.4709E+00
   108.000  0.5827E+00
   117.000  0.7454E+00
   126.000  0.9275E+00
   135.000  0.1094E+01
   144.000  0.1215E+01
   153.000  0.1278E+01
   162.000  0.1293E+01
   171.000  0.1285E+01
   180.000  0.1278E+01

