# PI+D -> 2P
# Cos(ang) vs. Cross-section (millibarns)
# 400 MeV

     0.000  0.1721E+00
     9.000  0.1767E+00
    18.000  0.1860E+00
    27.000  0.1905E+00
    36.000  0.1833E+00
    45.000  0.1647E+00
    54.000  0.1401E+00
    63.000  0.1156E+00
    72.000  0.9495E-01
    81.000  0.8087E-01
    90.000  0.7580E-01
    99.000  0.8086E-01
   108.000  0.9495E-01
   117.000  0.1156E+00
   126.000  0.1401E+00
   135.000  0.1647E+00
   144.000  0.1833E+00
   153.000  0.1905E+00
   162.000  0.1860E+00
   171.000  0.1767E+00
   180.000  0.1721E+00

