# PI+D -> 2P
# Cos(ang) vs. Cross-section (millibarns)
# 50 MeV


     0.000  0.1971E+01
     9.000  0.1934E+01
    18.000  0.1826E+01
    27.000  0.1658E+01
    36.000  0.1445E+01
    45.000  0.1209E+01
    54.000  0.9721E+00
    63.000  0.7583E+00
    72.000  0.5885E+00
    81.000  0.4793E+00
    90.000  0.4417E+00
    99.000  0.4793E+00
   108.000  0.5885E+00
   117.000  0.7583E+00
   126.000  0.9721E+00
   135.000  0.1209E+01
   144.000  0.1445E+01
   153.000  0.1657E+01
   162.000  0.1826E+01
   171.000  0.1934E+01
   180.000  0.1971E+01
