# PI+D -> 2P
# Cos(ang) vs. Cross-section (millibarns)
# 500 MeV

     0.000  0.5648E-01
     9.000  0.6325E-01
    18.000  0.7817E-01
    27.000  0.8994E-01
    36.000  0.9101E-01
    45.000  0.8255E-01
    54.000  0.7075E-01
    63.000  0.5989E-01
    72.000  0.5065E-01
    81.000  0.4350E-01
    90.000  0.4064E-01
    99.000  0.4350E-01
   108.000  0.5065E-01
   117.000  0.5989E-01
   126.000  0.7074E-01
   135.000  0.8255E-01
   144.000  0.9101E-01
   153.000  0.8994E-01
   162.000  0.7817E-01
   171.000  0.6325E-01
   180.000  0.5648E-01

