# PI+D -> 2P
# Cos(ang) vs. Cross-section (millibarns)
# 125 MeV

     0.000  0.3860E+01
     9.000  0.3800E+01
    18.000  0.3622E+01
    27.000  0.3333E+01
    36.000  0.2949E+01
    45.000  0.2496E+01
    54.000  0.2019E+01
    63.000  0.1567E+01
    72.000  0.1196E+01
    81.000  0.9525E+00
    90.000  0.8675E+00
    99.000  0.9525E+00
   108.000  0.1196E+01
   117.000  0.1567E+01
   126.000  0.2019E+01
   135.000  0.2496E+01
   144.000  0.2948E+01
   153.000  0.3333E+01
   162.000  0.3622E+01
   171.000  0.3800E+01
   180.000  0.3860E+01 
