# Proton-Proton Scattering
# Angle vs. Cross-section (millibarns)
# 400 MeV

  0.000  0.6089E+01     
  9.000  0.4816E+01     
 18.000  0.4295E+01     
 27.000  0.4163E+01     
 36.000  0.4080E+01     
 45.000  0.4025E+01     
 54.000  0.3953E+01     
 63.000  0.3854E+01     
 72.000  0.3754E+01     
 81.000  0.3683E+01     
 90.000  0.3658E+01     
 99.000  0.3683E+01     
108.000  0.3754E+01     
117.000  0.3854E+01     
126.000  0.3953E+01     
135.000  0.4025E+01     
144.000  0.4080E+01     
153.000  0.4163E+01     
162.000  0.4295E+01     
171.000  0.4815E+01   
180.000  0.6089E+01