# Proton-Proton Scattering
# Angle vs. Cross-section (millibarns)
# 700 MeV

  0.000  0.1217E+02     
  9.000  0.1125E+02     
 18.000  0.9422E+01     
 27.000  0.7774E+01     
 36.000  0.6246E+01     
 45.000  0.4863E+01     
 54.000  0.3662E+01    
 63.000  0.2740E+01     
 72.000  0.2121E+01     
 81.000  0.1763E+01    
 90.000  0.1643E+01     
 99.000  0.1763E+01     
108.000  0.2121E+01   
117.000  0.2740E+01     
126.000  0.3662E+01     
135.000  0.4863E+01     
144.000  0.6245E+01     
153.000  0.7773E+01    
162.000  0.9422E+01     
171.000  0.1125E+02     
180.000  0.1217E+02