     0.010  0.1808E+05  				 
    15.000  0.6492E+03  				 
    30.000  0.3095E+03  				 
    45.000  0.1914E+03  				 
    60.000  0.1351E+03  				 
    75.000  0.1037E+03  				 
    90.000  0.8449E+02  				 
   105.000  0.7188E+02  				 
   120.000  0.6317E+02  				 
   135.000  0.5691E+02  				 
   150.000  0.5226E+02  				 
   165.000  0.4870E+02  				 
   180.000  0.4592E+02  				 
   195.000  0.4370E+02  				 
   210.000  0.4188E+02  				 
   225.000  0.4037E+02  				 
   240.000  0.3910E+02  				 
   255.000  0.3801E+02  				 
   270.000  0.3707E+02  				 
   285.000  0.3625E+02  				 
   300.000  0.3556E+02  				 
   315.000  0.3495E+02  				 
   330.000  0.3440E+02  				 
   345.000  0.3392E+02  				 
   360.000  0.3349E+02  				 
   375.000  0.3310E+02  				 
   390.000  0.3275E+02  				 
   405.000  0.3244E+02  				 
   420.000  0.3217E+02  				 
   435.000  0.3192E+02  				 
   450.000  0.3170E+02  				 
   465.000  0.3149E+02  				 
   480.000  0.3131E+02  				 
   495.000  0.3113E+02  				 
   510.000  0.3096E+02  				 
   525.000  0.3078E+02  				 
   540.000  0.3060E+02  				 
   555.000  0.3041E+02  				 
   570.000  0.3020E+02  				 
   585.000  0.2997E+02  				 
   600.000  0.2973E+02  				 
   615.000  0.2947E+02  				 
   630.000  0.2921E+02  				 
   645.000  0.2894E+02  				 
   660.000  0.2868E+02  				 
   675.000  0.2842E+02  				 
   690.000  0.2817E+02  				 
   705.000  0.2792E+02  				 
   720.000  0.2768E+02  				 
   735.000  0.2745E+02  				 
   750.000  0.2721E+02  				 
   765.000  0.2698E+02  				 
   780.000  0.2674E+02  				 
   795.000  0.2651E+02  				 
   810.000  0.2627E+02  				 
   825.000  0.2604E+02  				 
   840.000  0.2580E+02  				 
   855.000  0.2557E+02  				 
   870.000  0.2534E+02  				 
   885.000  0.2511E+02  				 
   900.000  0.2489E+02  				 
   915.000  0.2467E+02  				 
   930.000  0.2445E+02  				 
   945.000  0.2424E+02  				 
   960.000  0.2404E+02  				 
   975.000  0.2385E+02  				 
   990.000  0.2367E+02  				 
  1005.000  0.2349E+02  				 
  1020.000  0.2333E+02  				 
  1035.000  0.2317E+02  				 
  1050.000  0.2302E+02  				 
  1065.000  0.2289E+02  				 
  1080.000  0.2276E+02  				 
  1095.000  0.2265E+02  				 
  1110.000  0.2254E+02  				 
  1125.000  0.2245E+02  				 
  1140.000  0.2236E+02  				 
  1155.000  0.2229E+02  				 
  1170.000  0.2222E+02  				 
  1185.000  0.2217E+02  				 
  1200.000  0.2212E+02  				 
  1215.000  0.2208E+02  				 
  1230.000  0.2205E+02  				 
  1245.000  0.2203E+02  				 
  1260.000  0.2201E+02  				 
  1275.000  0.2200E+02  				 
  1290.000  0.2200E+02  				 
  1305.000  0.2200E+02  				 
  1320.000  0.2200E+02  				 
  1335.000  0.2201E+02  				 
  1350.000  0.2202E+02  				 
  1365.000  0.2204E+02  				 
  1380.000  0.2206E+02  				 
  1395.000  0.2208E+02  				 
  1410.000  0.2211E+02  				 
  1425.000  0.2213E+02  				 
  1440.000  0.2216E+02  				 
  1455.000  0.2219E+02  				 
  1470.000  0.2222E+02  				 
  1485.000  0.2225E+02  				 
  1500.000  0.2228E+02  				 
  1515.000  0.2231E+02  				 
  1530.000  0.2234E+02  				 
  1545.000  0.2237E+02  				 
  1560.000  0.2240E+02  				 
  1575.000  0.2243E+02  				 
  1590.000  0.2246E+02  				 
  1605.000  0.2249E+02  				 
  1620.000  0.2252E+02  				 
  1635.000  0.2254E+02  				 
  1650.000  0.2257E+02  				 
  1665.000  0.2260E+02  				 
  1680.000  0.2263E+02  				 
  1695.000  0.2265E+02  				 
  1710.000  0.2268E+02  				 
  1725.000  0.2270E+02  				 
  1740.000  0.2272E+02  				 
  1755.000  0.2275E+02  				 
  1770.000  0.2277E+02  				 
  1785.000  0.2279E+02  				 
  1800.000  0.2281E+02  				 
