0.0 0.000000
25.0 38.557839
50.0 76.325289
75.0 108.361344
100.0 140.562302
125.0 172.873193
150.0 194.577447
175.0 214.618448
200.0 232.164568
225.0 241.540495
250.0 248.027820
275.0 251.130932
300.0 254.234044
325.0 256.000225
350.0 255.761009
375.0 254.056926
400.0 252.352843
425.0 248.879622
450.0 245.406400
475.0 251.378600
500.0 257.350800
525.0 257.585000
550.0 257.819200
575.0 254.911200
600.0 252.003200
625.0 247.533800
650.0 243.064400
675.0 238.829300
700.0 234.594200
725.0 231.998400
750.0 229.402600
775.0 227.197200
800.0 224.991800
825.0 225.089400
850.0 225.187000
875.0 223.859900
900.0 222.532800
925.0 218.619650
950.0 214.706500
975.0 210.793350
1000.0 206.880200
1025.0 202.967050
