0.0 0.000000
25.0 17.793867
50.0 37.084900
75.0 53.829845
100.0 67.049042
125.0 77.917740
150.0 84.594152
175.0 89.476952
200.0 91.669331
225.0 94.846375
250.0 97.940447
275.0 99.717963
300.0 101.495479
325.0 103.895751
350.0 107.230158
375.0 109.857750
400.0 112.485342
425.0 115.157271
450.0 117.829200
475.0 119.200000
500.0 120.570800
525.0 119.857000
550.0 119.143200
575.0 116.807010
600.0 114.470820
625.0 111.063960
650.0 107.657100
675.0 105.288540
700.0 102.919980
725.0 100.170190
750.0 97.420400
775.0 96.130680
800.0 94.840960
825.0 94.281260
850.0 93.721560
875.0 93.032070
900.0 92.342580
925.0 89.909090
950.0 87.475600
975.0 85.042110
1000.0 82.608620
1025.0 80.175130
