## pi+ -> ho-165
## File generated by MakeTextFiles.cxx
## KE    cex_xs     
0        14.2656       
50       51.3563       
100      398.718       
150      454.21        
200      413.105       
250      378.165       
300      357.613       
350      343.226       
400      168.53        
450      0             
500      0             
550      0             
600      0             
650      0             
700      0             
750      0             
800      0             
850      0             
900      0             
950      0             
1000     0             
