0.0 0.000000
25.0 5.618014
50.0 13.878380
75.0 21.284997
100.0 28.012695
125.0 34.287779
150.0 39.232917
175.0 42.656506
200.0 43.797770
225.0 44.581468
250.0 45.059311
275.0 44.671297
300.0 44.283283
325.0 43.809655
350.0 43.207607
375.0 42.353184
400.0 41.498761
425.0 41.128820
450.0 40.758880
475.0 40.401600
500.0 40.044320
525.0 38.670390
550.0 37.296460
575.0 35.806350
600.0 34.316240
625.0 33.014930
650.0 31.713620
675.0 30.049220
700.0 28.384820
725.0 27.315890
750.0 26.246960
775.0 26.058160
800.0 25.869360
825.0 25.712500
850.0 25.555640
875.0 24.910800
900.0 24.265960
925.0 23.403260
950.0 22.540560
975.0 21.677860
1000.0 20.815160
1025.0 19.952460
