0.0 0.000000
25.0 11.354138
50.0 24.586055
75.0 36.248169
100.0 45.584670
125.0 53.370762
150.0 58.389036
175.0 62.221933
200.0 64.276766
225.0 66.120062
250.0 67.677111
275.0 68.300706
300.0 68.924301
325.0 69.749263
350.0 70.876275
375.0 71.807350
400.0 72.738425
425.0 72.988112
450.0 73.237800
475.0 73.058240
500.0 72.878680
525.0 71.337520
550.0 69.796360
575.0 67.701580
600.0 65.606800
625.0 63.192810
650.0 60.778820
675.0 58.494510
700.0 56.210200
725.0 54.968290
750.0 53.726380
775.0 52.988210
800.0 52.250040
825.0 52.165250
850.0 52.080460
875.0 51.272470
900.0 50.464480
925.0 48.791145
950.0 47.117810
975.0 45.444475
1000.0 43.771140
1025.0 42.097805
