0.0 0.000000
25.0 1.053474
50.0 3.360812
75.0 6.656912
100.0 9.767197
125.0 12.484986
150.0 14.193501
175.0 15.443794
200.0 16.271111
225.0 17.098428
250.0 17.184449
275.0 16.327001
300.0 15.469553
325.0 14.612106
350.0 13.922304
375.0 12.273089
400.0 10.623875
425.0 9.738441
450.0 8.853008
475.0 8.587876
500.0 8.322744
525.0 7.955022
550.0 7.587300
575.0 7.247243
600.0 6.907186
625.0 6.585573
650.0 6.263960
675.0 6.002289
700.0 5.740618
725.0 5.574625
750.0 5.408632
775.0 5.340620
800.0 5.272608
825.0 5.212666
850.0 5.152724
875.0 4.995952
900.0 4.839180
925.0 4.513533
950.0 4.187886
975.0 3.862239
1000.0 3.536592
1025.0 3.210945
