0.0 0.000000
25.0 8.722758
50.0 17.835488
75.0 25.356245
100.0 32.452037
125.0 39.264520
150.0 42.724195
175.0 43.559340
200.0 40.457691
225.0 39.067836
250.0 37.713811
275.0 34.791308
300.0 31.868804
325.0 28.983016
350.0 26.152302
375.0 23.213785
400.0 20.275268
425.0 22.862424
450.0 25.449580
475.0 24.602360
500.0 23.755140
525.0 22.920730
550.0 22.086320
575.0 21.145780
600.0 20.205240
625.0 19.281160
650.0 18.357080
675.0 17.418370
700.0 16.479660
725.0 15.983770
750.0 15.487880
775.0 15.383570
800.0 15.279260
825.0 15.220700
850.0 15.162140
875.0 14.968180
900.0 14.774220
925.0 14.158470
950.0 13.542720
975.0 12.926970
1000.0 12.311220
1025.0 11.695470
