0.0 0.000000
25.0 25.375815
50.0 50.213536
75.0 71.404103
100.0 89.522569
125.0 105.592970
150.0 118.972364
175.0 129.281366
200.0 134.984782
225.0 140.199272
250.0 144.642804
275.0 146.491421
300.0 148.340038
325.0 151.088750
350.0 155.187602
375.0 154.931222
400.0 154.674842
425.0 156.601921
450.0 158.529000
475.0 160.883800
500.0 163.238600
525.0 163.431900
550.0 163.625200
575.0 160.861000
600.0 158.096800
625.0 153.933300
650.0 149.769800
675.0 146.527800
700.0 143.285800
725.0 140.464600
750.0 137.643400
775.0 136.107700
800.0 134.572000
825.0 134.116900
850.0 133.661800
875.0 132.285400
900.0 130.909000
925.0 127.871750
950.0 124.834500
975.0 121.797250
1000.0 118.760000
1025.0 115.722750
