## pi+ -> ho-165
## File generated by MakeTextFiles.cxx
## KE    cex_frac   
0        0.0294849     
50       0.036878      
100      0.262666      
150      0.307608      
200      0.365728      
250      0.407724      
300      0.424744      
350      0.436306      
400      0.219256      
450      0             
500      0             
550      0             
600      0             
650      0             
700      0             
750      0             
800      0             
850      0             
900      0             
950      0             
1000     0             
