0.0 0.000000
25.0 371.300719
50.0 711.469045
75.0 975.524439
100.0 1148.028014
125.0 1259.497043
150.0 1257.686391
175.0 1210.928625
200.0 1096.750186
225.0 1048.278440
250.0 1007.289542
275.0 930.525343
300.0 853.761143
325.0 793.129889
350.0 756.698051
375.0 727.103941
400.0 697.509831
425.0 684.095716
450.0 670.681600
475.0 627.334400
500.0 583.987200
525.0 555.453400
550.0 526.919600
575.0 509.744600
600.0 492.569600
625.0 480.273900
650.0 467.978200
675.0 459.605400
700.0 451.232600
725.0 442.528000
750.0 433.823400
775.0 428.085400
800.0 422.347400
825.0 414.169800
850.0 405.992200
875.0 399.161200
900.0 392.330200
925.0 386.123750
950.0 379.917300
975.0 373.710850
1000.0 367.504400
1025.0 361.297950
