0.0 34.019924
25.0 44.093802
50.0 61.108919
75.0 75.653515
100.0 82.104049
125.0 83.158541
150.0 79.059453
175.0 75.406087
200.0 72.421306
225.0 63.390359
250.0 52.669351
275.0 41.234264
300.0 29.799177
325.0 20.870132
350.0 15.700152
375.0 11.834032
400.0 7.967911
425.0 8.262145
450.0 8.556378
475.0 6.872918
500.0 5.189458
525.0 4.463007
550.0 3.736556
575.0 3.388884
600.0 3.041212
625.0 2.850908
650.0 2.660604
675.0 2.605709
700.0 2.550814
725.0 2.576432
750.0 2.602050
775.0 2.596560
800.0 2.591070
825.0 2.530685
850.0 2.470300
875.0 2.387956
900.0 2.305612
925.0 2.184842
950.0 2.064071
975.0 1.943301
1000.0 1.822530
1025.0 1.701760
