0.0 67.966712
25.0 138.663849
50.0 207.446495
75.0 261.568135
100.0 275.188919
125.0 282.952060
150.0 275.652690
175.0 273.155172
200.0 275.090134
225.0 277.025096
250.0 270.316393
275.0 252.606662
300.0 234.896932
325.0 217.187201
350.0 195.001164
375.0 175.206307
400.0 155.411450
425.0 136.352085
450.0 117.292720
475.0 102.676490
500.0 88.060260
525.0 79.873860
550.0 71.687460
575.0 67.422540
600.0 63.157620
625.0 61.809430
650.0 60.461240
675.0 60.124200
700.0 59.787160
725.0 59.067690
750.0 58.348220
775.0 57.790790
800.0 57.233360
825.0 56.060170
850.0 54.886980
875.0 53.337850
900.0 51.788720
925.0 49.964115
950.0 48.139510
975.0 46.314905
1000.0 44.490300
1025.0 42.665695
