    0.000   0.0000E+00  			  
    15.000  0.2584E+01  			  
    30.000  0.5169E+01  			  
    45.000  0.9567E+01  			  
    60.000  0.1652E+02  			  
    75.000  0.2716E+02  			  
    90.000  0.4294E+02  			  
   105.000  0.6576E+02  			  
   120.000  0.9693E+02  			  
   135.000  0.1355E+03  			  
   150.000  0.1741E+03  			  
   165.000  0.2001E+03  			  
   180.000  0.2043E+03  			  
   195.000  0.1896E+03  			  
   210.000  0.1657E+03  			  
   225.000  0.1407E+03  			  
   240.000  0.1185E+03  			  
   255.000  0.9997E+02  			  
   270.000  0.8494E+02  			  
   285.000  0.7282E+02  			  
   300.000  0.6302E+02  			  
   315.000  0.5502E+02  			  
   330.000  0.4843E+02  			  
   345.000  0.4296E+02  			  
   360.000  0.3836E+02  			  
   375.000  0.3446E+02  			  
   390.000  0.3111E+02  			  
   405.000  0.2822E+02  			  
   420.000  0.2571E+02  			  
   435.000  0.2351E+02  			  
   450.000  0.2156E+02  			  
   465.000  0.1985E+02  			  
   480.000  0.1832E+02  			  
   495.000  0.1695E+02  			  
   510.000  0.1573E+02  			  
   525.000  0.1463E+02  			  
   540.000  0.1364E+02  			  
   555.000  0.1274E+02  			  
   570.000  0.1191E+02  			  
   585.000  0.1115E+02  			  
   600.000  0.1044E+02  			  
   615.000  0.9768E+01  			  
   630.000  0.9141E+01  			  
   645.000  0.8559E+01  			  
   660.000  0.8038E+01  			  
   675.000  0.7609E+01  			  
   690.000  0.7326E+01  			  
   705.000  0.7247E+01  			  
   720.000  0.7419E+01  			  
   735.000  0.7846E+01  			  
   750.000  0.8473E+01  			  
   765.000  0.9202E+01  			  
   780.000  0.9930E+01  			  
   795.000  0.1058E+02  			  
   810.000  0.1113E+02  			  
   825.000  0.1156E+02  			  
   840.000  0.1189E+02  			  
   855.000  0.1214E+02  			  
   870.000  0.1232E+02  			  
   885.000  0.1246E+02  			  
   900.000  0.1256E+02  			  
   915.000  0.1265E+02  			  
   930.000  0.1273E+02  			  
   945.000  0.1281E+02  			  
   960.000  0.1290E+02  			  
   975.000  0.1300E+02  
   990.000  0.1304E+02  
  1005.000  0.1319E+02  			  
  1020.000  0.1337E+02  			  
  1035.000  0.1358E+02  			  
  1050.000  0.1382E+02  			  
  1065.000  0.1410E+02  			  
  1080.000  0.1440E+02  			  
  1095.000  0.1474E+02  			  
  1110.000  0.1511E+02  			  
  1125.000  0.1550E+02  			  
  1140.000  0.1590E+02  			  
  1155.000  0.1631E+02  			  
  1170.000  0.1671E+02  			  
  1185.000  0.1710E+02  			  
  1200.000  0.1745E+02  			  
  1215.000  0.1775E+02  			  
  1230.000  0.1800E+02  			  
  1245.000  0.1818E+02  			  
  1260.000  0.1828E+02  			  
  1275.000  0.1830E+02  			  
  1290.000  0.1825E+02  			  
  1305.000  0.1812E+02  			  
  1320.000  0.1793E+02  			  
  1335.000  0.1768E+02  			  
  1350.000  0.1739E+02  			  
  1365.000  0.1706E+02  			  
  1380.000  0.1670E+02  			  
  1395.000  0.1633E+02  			  
  1410.000  0.1596E+02  			  
  1425.000  0.1558E+02  			  
  1440.000  0.1521E+02  			  
  1455.000  0.1484E+02  			  
  1470.000  0.1449E+02  			  
  1485.000  0.1415E+02  			  
  1500.000  0.1382E+02  			  
  1515.000  0.1351E+02  			  
  1530.000  0.1321E+02  			  
  1545.000  0.1293E+02  			  
  1560.000  0.1267E+02  			  
  1575.000  0.1242E+02  			  
  1590.000  0.1218E+02  			  
  1605.000  0.1196E+02  			  
  1620.000  0.1175E+02  			  
  1635.000  0.1155E+02  			  
  1650.000  0.1136E+02  			  
  1665.000  0.1119E+02  			  
  1680.000  0.1103E+02  			  
  1695.000  0.1088E+02  			  
  1710.000  0.1073E+02  			  
  1725.000  0.1060E+02  			  
  1740.000  0.1048E+02  			  
  1755.000  0.1036E+02  			  
  1770.000  0.1026E+02  			  
  1785.000  0.1016E+02  			  
  1800.000  0.1007E+02  
  
  
