     0.000  0.000       
    15.000  0.3825E+01  			       
    30.000  0.4523E+01  			       
    45.000  0.5580E+01  			       
    60.000  0.6867E+01  			       
    75.000  0.8327E+01  			       
    90.000  0.9839E+01  			       
   105.000  0.1117E+02  			       
   120.000  0.1202E+02  			       
   135.000  0.1219E+02  			       
   150.000  0.1171E+02  			       
   165.000  0.1073E+02  			       
   180.000  0.9412E+01  			       
   195.000  0.7939E+01  			       
   210.000  0.6509E+01  			       
   225.000  0.5265E+01  			       
   240.000  0.4253E+01  			       
   255.000  0.3459E+01  			       
   270.000  0.2842E+01  			       
   285.000  0.2364E+01  			       
   300.000  0.1990E+01  			       
   315.000  0.1695E+01  			       
   330.000  0.1460E+01  			       
   345.000  0.1269E+01  			       
   360.000  0.1114E+01  			       
   375.000  0.9840E+00  			       
   390.000  0.8752E+00  			       
   405.000  0.7824E+00  			       
   420.000  0.7023E+00  			       
   435.000  0.6323E+00  			       
   450.000  0.5703E+00  			       
   465.000  0.5148E+00  			       
   480.000  0.4646E+00  			       
   495.000  0.4187E+00  			       
   510.000  0.3764E+00  			       
   525.000  0.3373E+00  			       
   540.000  0.3011E+00  			       
   555.000  0.2676E+00  			       
   570.000  0.2371E+00  			       
   585.000  0.2095E+00  			       
   600.000  0.1854E+00  			       
   615.000  0.1652E+00  			       
   630.000  0.1496E+00  			       
   645.000  0.1394E+00  			       
   660.000  0.1355E+00  			       
   675.000  0.1391E+00  			       
   690.000  0.1514E+00  			       
   705.000  0.1738E+00  			       
   720.000  0.2080E+00  			       
   735.000  0.2556E+00  			       
   750.000  0.3187E+00  			       
   765.000  0.3994E+00  			       
   780.000  0.4999E+00  			       
   795.000  0.6229E+00  			       
   810.000  0.7711E+00  			       
   825.000  0.9473E+00  			       
   840.000  0.1155E+01  			       
   855.000  0.1397E+01  			       
   870.000  0.1678E+01  			       
   885.000  0.2000E+01  			       
   900.000  0.2369E+01  			       
   915.000  0.2789E+01  			       
   930.000  0.3265E+01  			       
   945.000  0.3801E+01  			       
   960.000  0.4402E+01  			       
   975.000  0.5075E+01  			       
   990.000  0.5825E+01  			       
  1005.000  0.6659E+01  			       
  1020.000  0.7582E+01  			       
  1035.000  0.8602E+01  			       
  1050.000  0.9727E+01  			       
  1065.000  0.1096E+02  			       
  1080.000  0.1232E+02  			       
  1095.000  0.1380E+02  			       
  1110.000  0.1542E+02  			       
  1125.000  0.1719E+02  			       
  1140.000  0.1911E+02  			       
  1155.000  0.2119E+02  			       
  1170.000  0.2345E+02  			       
  1185.000  0.2590E+02  			       
  1200.000  0.2855E+02  			       
  1215.000  0.3140E+02  			       
  1230.000  0.3448E+02  			       
  1245.000  0.3779E+02  			       
  1260.000  0.4135E+02  			       
  1275.000  0.4517E+02  			       
  1290.000  0.4926E+02  			       
  1305.000  0.5364E+02  			       
  1320.000  0.5833E+02  			       
  1335.000  0.6334E+02  			       
  1350.000  0.6869E+02  			       
  1365.000  0.7439E+02  			       
  1380.000  0.8047E+02  			       
  1395.000  0.8693E+02  			       
  1410.000  0.9380E+02  			       
  1425.000  0.1011E+03  			       
  1440.000  0.1088E+03  			       
  1455.000  0.1171E+03  			       
  1470.000  0.1258E+03  			       
  1485.000  0.1350E+03  			       
  1500.000  0.1447E+03  			       
  1515.000  0.1550E+03  			       
  1530.000  0.1659E+03  			       
  1545.000  0.1774E+03  			       
  1560.000  0.1895E+03  			       
  1575.000  0.2023E+03  			       
  1590.000  0.2158E+03  			       
  1605.000  0.2300E+03  			       
  1620.000  0.2449E+03  			       
  1635.000  0.2606E+03  			       
  1650.000  0.2771E+03  			       
  1665.000  0.2944E+03  			       
  1680.000  0.3125E+03  			       
  1695.000  0.3316E+03  			       
  1710.000  0.3516E+03  			       
  1725.000  0.3726E+03  			       
  1740.000  0.3945E+03  			       
  1755.000  0.4175E+03  			       
  1770.000  0.4416E+03  			       
  1785.000  0.4667E+03  			       
  1800.000  0.4930E+03  
