# PI-P
# Cos(ang) vs. Cross-section (millibarns)
# 1100 MeV

180.000  0.1592E+00
154.158  0.6031E+00
143.130  0.6810E+00
134.427  0.5917E+00
126.870  0.4649E+00
120.000  0.3655E+00
113.578  0.3115E+00
107.457  0.2935E+00
101.537  0.2913E+00
 95.739  0.2842E+00
 90.000  0.2580E+00
 84.261  0.2095E+00
 78.463  0.1514E+00
 72.543  0.1161E+00
 66.422  0.1604E+00
 60.000  0.3657E+00
 53.130  0.8356E+00
 45.573  0.1695E+01
 36.870  0.3106E+01
 25.842  0.5355E+01
  0.000  0.9385E+01
