# PI-P
# Cos(ang) vs. Cross-section (millibarns)
# 1380 MeV

180.000  0.3407E+00
154.158  0.1795E+00
143.130  0.1769E+00
134.427  0.2271E+00
126.870  0.2830E+00
120.000  0.3255E+00
113.578  0.3477E+00
107.457  0.3491E+00
101.537  0.3332E+00
 95.739  0.3046E+00
 90.000  0.2665E+00
 84.261  0.2196E+00
 78.463  0.1647E+00
 72.543  0.1101E+00
 66.422  0.8252E-01
 60.000  0.1403E+00
 53.130  0.3877E+00
 45.573  0.1003E+01
 36.870  0.2323E+01
 25.842  0.5101E+01
  0.000  0.1139E+02
