# PI-P
# Cos(ang) vs. Cross-section (millibarns)
# 1180 MeV

180.000  0.2797E+00
154.158  0.4858E+00
143.130  0.5130E+00
134.427  0.4591E+00
126.870  0.3957E+00
120.000  0.3555E+00
113.578  0.3414E+00
107.457  0.3407E+00
101.537  0.3369E+00
 95.739  0.3169E+00
 90.000  0.2742E+00
 84.261  0.2110E+00
 78.463  0.1410E+00
 72.543  0.9314E-01
 66.422  0.1163E+00
 60.000  0.2822E+00
 53.130  0.6871E+00
 45.573  0.1463E+01
 36.870  0.2823E+01
 25.842  0.5221E+01
  0.000  0.1001E+02
