# PI-P
# Cos(ang) vs. Cross-section (millibarns)
# 190 MeV

180.000  0.3092E+01
154.158  0.2619E+01
143.130  0.2202E+01
134.427  0.1841E+01
126.870  0.1534E+01
120.000  0.1283E+01
113.578  0.1086E+01
107.457  0.9435E+00
101.537  0.8545E+00
 95.739  0.8188E+00
 90.000  0.8360E+00
 84.261  0.9058E+00
 78.463  0.1028E+01
 72.543  0.1202E+01
 66.422  0.1428E+01
 60.000  0.1706E+01
 53.130  0.2037E+01
 45.573  0.2423E+01
 36.870  0.2868E+01
 25.842  0.3408E+01
  0.000  0.3878E+01
