# PI-P
# Cos(ang) vs. Cross-section (millibarns)
# 1300 MeV

180.000  0.3726E+00
154.158  0.2926E+00
143.130  0.2911E+00
134.427  0.3108E+00
126.870  0.3363E+00
120.000  0.3609E+00
113.578  0.3777E+00
107.457  0.3800E+00
101.537  0.3641E+00
 95.739  0.3298E+00
 90.000  0.2790E+00
 84.261  0.2150E+00
 78.463  0.1450E+00
 72.543  0.8528E-01
 66.422  0.7035E-01
 60.000  0.1622E+00
 53.130  0.4624E+00
 45.573  0.1137E+01
 36.870  0.2495E+01
 25.842  0.5218E+01
  0.000  0.1117E+02
