# PI-P
# Cos(ang) vs. Cross-section (millibarns)
# 130 MeV

180.000  0.1141E+01
154.158  0.1010E+01
143.130  0.8929E+00
134.427  0.7908E+00
126.870  0.7044E+00
120.000  0.6345E+00
113.578  0.5818E+00
107.457  0.5475E+00
101.537  0.5326E+00
 95.739  0.5385E+00
 90.000  0.5666E+00
 84.261  0.6185E+00
 78.463  0.6965E+00
 72.543  0.8031E+00
 66.422  0.9414E+00
 60.000  0.1116E+01
 53.130  0.1335E+01
 45.573  0.1614E+01
 36.870  0.1992E+01
 25.842  0.2681E+01
  0.000  0.2397E+01
