# PI-P
# Cos(ang) vs. Cross-section (millibarns)
# 110 MeV

180.000  0.4915E+00
154.158  0.4508E+00
143.130  0.4153E+00
134.427  0.3855E+00
126.870  0.3621E+00
120.000  0.3455E+00
113.578  0.3365E+00
107.457  0.3357E+00
101.537  0.3442E+00
 95.739  0.3627E+00
 90.000  0.3924E+00
 84.261  0.4347E+00
 78.463  0.4911E+00
 72.543  0.5636E+00
 66.422  0.6549E+00
 60.000  0.7692E+00
 53.130  0.9134E+00
 45.573  0.1102E+01
 36.870  0.1379E+01
 25.842  0.1972E+01
  0.000  0.1482E+01
