# PI-P
# Cos(ang) vs. Cross-section (millibarns)
# 290 MeV

180.000  0.1481E+01
154.158  0.1213E+01
143.130  0.9890E+00
134.427  0.8072E+00
126.870  0.6658E+00
120.000  0.5626E+00
113.578  0.4957E+00
107.457  0.4629E+00
101.537  0.4614E+00
 95.739  0.4882E+00
 90.000  0.5396E+00
 84.261  0.6116E+00
 78.463  0.6992E+00
 72.543  0.7973E+00
 66.422  0.9000E+00
 60.000  0.1001E+01
 53.130  0.1093E+01
 45.573  0.1169E+01
 36.870  0.1218E+01
 25.842  0.1230E+01
  0.000  0.1275E+01
