# PI-P
# Cos(ang) vs. Cross-section (millibarns)
# 240 MeV

180.000  0.2302E+01
154.158  0.1911E+01
143.130  0.1574E+01
134.427  0.1290E+01
126.870  0.1056E+01
120.000  0.8720E+00
113.578  0.7351E+00
107.457  0.6436E+00
101.537  0.5957E+00
 95.739  0.5888E+00
 90.000  0.6203E+00
 84.261  0.6871E+00
 78.463  0.7859E+00
 72.543  0.9128E+00
 66.422  0.1064E+01
 60.000  0.1234E+01
 53.130  0.1417E+01
 45.573  0.1607E+01
 36.870  0.1793E+01
 25.842  0.1948E+01
  0.000  0.2248E+01
