# PI-P
# Cos(ang) vs. Cross-section (millibarns)
# 230 MeV

180.000  0.2506E+01
154.158  0.2088E+01
143.130  0.1726E+01
134.427  0.1418E+01
126.870  0.1163E+01
120.000  0.9597E+00
113.578  0.8064E+00
107.457  0.7014E+00
101.537  0.6429E+00
 95.739  0.6288E+00
 90.000  0.6565E+00
 84.261  0.7236E+00
 78.463  0.8270E+00
 72.543  0.9635E+00
 66.422  0.1129E+01
 60.000  0.1320E+01
 53.130  0.1532E+01
 45.573  0.1758E+01
 36.870  0.1988E+01
 25.842  0.2199E+01
  0.000  0.2559E+01
