# PI-P
# Cos(ang) vs. Cross-section (millibarns)
# 380 MeV

180.000  0.1138E+01
154.158  0.9031E+00
143.130  0.7127E+00
134.427  0.5655E+00
126.870  0.4597E+00
120.000  0.3935E+00
113.578  0.3649E+00
107.457  0.3716E+00
101.537  0.4107E+00
 95.739  0.4785E+00
 90.000  0.5703E+00
 84.261  0.6807E+00
 78.463  0.8035E+00
 72.543  0.9318E+00
 66.422  0.1059E+01
 60.000  0.1178E+01
 53.130  0.1283E+01
 45.573  0.1370E+01
 36.870  0.1441E+01
 25.842  0.1528E+01
  0.000  0.1520E+01
