# PI-P
# Cos(ang) vs. Cross-section (millibarns)
# 30 MeV

180.000  0.6608E-01
154.158  0.7757E-01
143.130  0.8918E-01
134.427  0.1010E+00
126.870  0.1130E+00
120.000  0.1255E+00
113.578  0.1384E+00
107.457  0.1520E+00
101.537  0.1665E+00
 95.739  0.1822E+00
 90.000  0.1996E+00
 84.261  0.2193E+00
 78.463  0.2422E+00
 72.543  0.2701E+00
 66.422  0.3057E+00
 60.000  0.3544E+00
 53.130  0.4277E+00
 45.573  0.5555E+00
 36.870  0.8434E+00
 25.842  0.2011E+01
  0.000  0.2170E+00