# PI-P
# Cos(ang) vs. Cross-section (millibarns)
# 50 MeV

180.000  0.5952E-02
154.158  0.2194E-01
143.130  0.3777E-01
134.427  0.5356E-01
126.870  0.6938E-01
120.000  0.8538E-01
113.578  0.1017E+00
107.457  0.1185E+00
101.537  0.1359E+00
 95.739  0.1544E+00
 90.000  0.1741E+00
 84.261  0.1957E+00
 78.463  0.2198E+00
 72.543  0.2476E+00
 66.422  0.2808E+00
 60.000  0.3230E+00
 53.130  0.3811E+00
 45.573  0.4727E+00
 36.870  0.6567E+00
 25.842  0.1305E+01
  0.000  0.3136E+00