# PI-P
# Cos(ang) vs. Cross-section (millibarns)
# 540 MeV

180.000  0.1710E+01
154.158  0.1308E+01
143.130  0.9573E+00
134.427  0.6648E+00
126.870  0.4331E+00
120.000  0.2640E+00
113.578  0.1586E+00
107.457  0.1171E+00
101.537  0.1384E+00
 95.739  0.2194E+00
 90.000  0.3553E+00
 84.261  0.5399E+00
 78.463  0.7670E+00
 72.543  0.1031E+01
 66.422  0.1330E+01
 60.000  0.1665E+01
 53.130  0.2046E+01
 45.573  0.2496E+01
 36.870  0.3068E+01
 25.842  0.3901E+01
  0.000  0.4919E+01
