# PI-P
# Cos(ang) vs. Cross-section (millibarns)
# 620 MeV

180.000  0.9864E+00
154.158  0.9237E+00
143.130  0.8014E+00
134.427  0.6417E+00
126.870  0.4686E+00
120.000  0.3055E+00
113.578  0.1742E+00
107.457  0.9293E-01
101.537  0.7621E-01
 95.739  0.1336E+00
 90.000  0.2701E+00
 84.261  0.4862E+00
 78.463  0.7799E+00
 72.543  0.1148E+01
 66.422  0.1589E+01
 60.000  0.2103E+01
 53.130  0.2701E+01
 45.573  0.3404E+01
 36.870  0.4260E+01
 25.842  0.5386E+01
  0.000  0.7005E+01
