# PI-P
# Cos(ang) vs. Cross-section (millibarns)
# 900 MeV

180.000  0.2223E+00
154.158  0.1769E+01
143.130  0.2243E+01
134.427  0.2118E+01
126.870  0.1722E+01
120.000  0.1267E+01
113.578  0.8740E+00
107.457  0.5938E+00
101.537  0.4283E+00
 95.739  0.3472E+00
 90.000  0.3052E+00
 84.261  0.2582E+00
 78.463  0.1810E+00
 72.543  0.8642E-01
 66.422  0.4505E-01
 60.000  0.2061E+00
 53.130  0.8179E+00
 45.573  0.2250E+01
 36.870  0.5022E+01
 25.842  0.9857E+01
  0.000  0.1805E+02
