0.0 0.000000
25.0 174.359686
50.0 333.361385
75.0 449.569756
100.0 541.962436
125.0 618.477989
150.0 648.054246
175.0 660.877649
200.0 648.571770
225.0 620.228526
250.0 587.536797
275.0 553.488497
300.0 519.440196
325.0 487.727622
350.0 459.518637
375.0 438.224777
400.0 416.930917
425.0 403.974059
450.0 391.017200
475.0 387.885000
500.0 384.752800
525.0 383.246500
550.0 381.740200
575.0 382.094300
600.0 382.448400
625.0 384.408600
650.0 386.368800
675.0 390.633200
700.0 394.897600
725.0 399.366500
750.0 403.835400
775.0 410.778200
800.0 417.721000
825.0 423.516600
850.0 429.312200
875.0 432.579000
900.0 435.845800
925.0 434.060250
950.0 432.274700
975.0 430.489150
1000.0 428.703600
1025.0 426.918050
