0.0 0.000000
25.0 639.732111
50.0 1293.489507
75.0 1727.722614
100.0 2058.020751
125.0 2319.028909
150.0 2442.885841
175.0 2471.016636
200.0 2355.558225
225.0 2243.203861
250.0 2135.346561
275.0 2042.373467
300.0 1949.400374
325.0 1868.971143
350.0 1807.357703
375.0 1740.436797
400.0 1673.515890
425.0 1637.461945
450.0 1601.408000
475.0 1603.106000
500.0 1604.804000
525.0 1608.922000
550.0 1613.040000
575.0 1617.451000
600.0 1621.862000
625.0 1626.351000
650.0 1630.840000
675.0 1635.485000
700.0 1640.130000
725.0 1649.517000
750.0 1658.904000
775.0 1670.224000
800.0 1681.544000
825.0 1692.649000
850.0 1703.754000
875.0 1709.805000
900.0 1715.856000
925.0 1715.114500
950.0 1714.373000
975.0 1713.631500
1000.0 1712.890000
1025.0 1712.148500
