0.0 0.000000
25.0 69.563360
50.0 145.294109
75.0 228.853232
100.0 293.829802
125.0 346.847561
150.0 371.192835
175.0 387.897862
200.0 393.142519
225.0 380.621682
250.0 361.922982
275.0 336.278314
300.0 310.633646
325.0 287.046311
350.0 266.544974
375.0 249.125471
400.0 231.705968
425.0 220.576484
450.0 209.447000
475.0 206.644000
500.0 203.841000
525.0 203.219400
550.0 202.597800
575.0 202.478700
600.0 202.359600
625.0 203.780000
650.0 205.200400
675.0 207.291800
700.0 209.383200
725.0 212.229800
750.0 215.076400
775.0 219.642600
800.0 224.208800
825.0 228.255100
850.0 232.301400
875.0 234.549700
900.0 236.798000
925.0 236.520600
950.0 236.243200
975.0 235.965800
1000.0 235.688400
1025.0 235.411000
