0.0 0.000000
25.0 300.906858
50.0 597.070147
75.0 797.154939
100.0 946.500673
125.0 1062.020368
150.0 1108.007638
175.0 1115.338011
200.0 1064.683039
225.0 1008.029216
250.0 951.316894
275.0 900.369427
300.0 849.421961
325.0 803.029811
350.0 763.470637
375.0 733.610491
400.0 703.750346
425.0 688.304273
450.0 672.858200
475.0 670.181300
500.0 667.504400
525.0 667.512500
550.0 667.520600
575.0 669.280800
600.0 671.041000
625.0 674.845300
650.0 678.649600
675.0 686.672000
700.0 694.694400
725.0 699.383000
750.0 704.071600
775.0 715.143900
800.0 726.216200
825.0 734.384600
850.0 742.553000
875.0 746.925200
900.0 751.297400
925.0 747.947300
950.0 744.597200
975.0 741.247100
1000.0 737.897000
1025.0 734.546900
