     0.000  0.0000E+00  				 
    15.000  0.1868E+01  				 
    30.000  0.1694E+01  				 
    45.000  0.1798E+01  				 
    60.000  0.2210E+01  				 
    75.000  0.3027E+01  				 
    90.000  0.4408E+01  				 
   105.000  0.6547E+01  				 
   120.000  0.9609E+01  				 
   135.000  0.1350E+02  				 
   150.000  0.1758E+02  				 
   165.000  0.2066E+02  				 
   180.000  0.2179E+02  				 
   195.000  0.2101E+02  				 
   210.000  0.1913E+02  				 
   225.000  0.1693E+02  				 
   240.000  0.1487E+02  				 
   255.000  0.1313E+02  				 
   270.000  0.1175E+02  				 
   285.000  0.1072E+02  				 
   300.000  0.1003E+02  				 
   315.000  0.9629E+01  				 
   330.000  0.9485E+01  				 
   345.000  0.9547E+01  				 
   360.000  0.9749E+01  				 
   375.000  0.1002E+02  				 
   390.000  0.1030E+02  				 
   405.000  0.1055E+02  				 
   420.000  0.1077E+02  				 
   435.000  0.1096E+02  				 
   450.000  0.1116E+02  				 
   465.000  0.1141E+02  				 
   480.000  0.1175E+02  				 
   495.000  0.1224E+02  				 
   510.000  0.1292E+02  				 
   525.000  0.1384E+02  				 
   540.000  0.1506E+02  				 
   555.000  0.1669E+02  				 
   570.000  0.1832E+02  				 
   585.000  0.1932E+02  				 
   600.000  0.1973E+02  				 
   615.000  0.1938E+02  				 
   630.000  0.1837E+02  				 
   645.000  0.1698E+02  				 
   660.000  0.1553E+02  				 
   675.000  0.1428E+02  				 
   690.000  0.1335E+02  				 
   705.000  0.1284E+02  				 
   720.000  0.1275E+02  				 
   735.000  0.1307E+02  				 
   750.000  0.1378E+02  				 
   765.000  0.1481E+02  				 
   780.000  0.1613E+02  				 
   795.000  0.1767E+02  				 
   810.000  0.1935E+02  				 
   825.000  0.2105E+02  				 
   840.000  0.2261E+02  				 
   855.000  0.2385E+02  				 
   870.000  0.2461E+02  				 
   885.000  0.2479E+02  				 
   900.000  0.2439E+02  				 
   915.000  0.2351E+02  				 
   930.000  0.2234E+02  				 
   945.000  0.2102E+02  				 
   960.000  0.1969E+02  				 
   975.000  0.1844E+02  				 
   990.000  0.1739E+02  	      
  1005.000  0.1641E+02  				 
  1020.000  0.1556E+02  				 
  1035.000  0.1485E+02  				 
  1050.000  0.1427E+02  				 
  1065.000  0.1378E+02  				 
  1080.000  0.1339E+02  				 
  1095.000  0.1308E+02  				 
  1110.000  0.1282E+02  				 
  1125.000  0.1260E+02  				 
  1140.000  0.1243E+02  				 
  1155.000  0.1228E+02  				 
  1170.000  0.1215E+02  				 
  1185.000  0.1203E+02  				 
  1200.000  0.1192E+02  				 
  1215.000  0.1181E+02  				 
  1230.000  0.1171E+02  				 
  1245.000  0.1160E+02  				 
  1260.000  0.1150E+02  				 
  1275.000  0.1139E+02  				 
  1290.000  0.1128E+02  				 
  1305.000  0.1117E+02  				 
  1320.000  0.1106E+02  				 
  1335.000  0.1094E+02  				 
  1350.000  0.1083E+02  				 
  1365.000  0.1073E+02  				 
  1380.000  0.1062E+02  				 
  1395.000  0.1052E+02  				 
  1410.000  0.1043E+02  				 
  1425.000  0.1034E+02  				 
  1440.000  0.1026E+02  				 
  1455.000  0.1019E+02  				 
  1470.000  0.1012E+02  				 
  1485.000  0.1006E+02  				 
  1500.000  0.1000E+02  				 
  1515.000  0.9952E+01  				 
  1530.000  0.9908E+01  				 
  1545.000  0.9870E+01  				 
  1560.000  0.9837E+01  				 
  1575.000  0.9810E+01  				 
  1590.000  0.9787E+01  				 
  1605.000  0.9768E+01  				 
  1620.000  0.9754E+01  				 
  1635.000  0.9743E+01  				 
  1650.000  0.9736E+01  				 
  1665.000  0.9733E+01  				 
  1680.000  0.9732E+01  				 
  1695.000  0.9734E+01  				 
  1710.000  0.9738E+01  				 
  1725.000  0.9744E+01  				 
  1740.000  0.9753E+01  				 
  1755.000  0.9763E+01  				 
  1770.000  0.9775E+01  				 
  1785.000  0.9789E+01  				 
  1800.000  0.9803E+01 
