     0.010  0.7191E-02  				   
    15.000  0.2252E+03  				   
    30.000  0.1030E+03  				   
    45.000  0.6588E+02  				   
    60.000  0.4901E+02  				   
    75.000  0.3980E+02  				   
    90.000  0.3423E+02  				   
   105.000  0.3068E+02  				   
   120.000  0.2834E+02  				   
   135.000  0.2678E+02  				   
   150.000  0.2574E+02  				   
   165.000  0.2505E+02  				   
   180.000  0.2459E+02  				   
   195.000  0.2430E+02  				   
   210.000  0.2411E+02  				   
   225.000  0.2399E+02  				   
   240.000  0.2392E+02  				   
   255.000  0.2388E+02  				   
   270.000  0.2387E+02  				   
   285.000  0.2387E+02  				   
   300.000  0.2394E+02  				   
   315.000  0.2402E+02  				   
   330.000  0.2411E+02  				   
   345.000  0.2420E+02  				   
   360.000  0.2430E+02  				   
   375.000  0.2440E+02  				   
   390.000  0.2451E+02  				   
   405.000  0.2463E+02  				   
   420.000  0.2476E+02  				   
   435.000  0.2490E+02  				   
   450.000  0.2504E+02  				   
   465.000  0.2518E+02  				   
   480.000  0.2532E+02  				   
   495.000  0.2546E+02  				   
   510.000  0.2558E+02  				   
   525.000  0.2568E+02  				   
   540.000  0.2575E+02  				   
   555.000  0.2578E+02  				   
   570.000  0.2577E+02  				   
   585.000  0.2572E+02  				   
   600.000  0.2564E+02  				   
   615.000  0.2552E+02  				   
   630.000  0.2539E+02  				   
   645.000  0.2526E+02  				   
   660.000  0.2513E+02  				   
   675.000  0.2501E+02  				   
   690.000  0.2492E+02  				   
   705.000  0.2483E+02  				   
   720.000  0.2476E+02  				   
   735.000  0.2470E+02  				   
   750.000  0.2464E+02  				   
   765.000  0.2458E+02  				   
   780.000  0.2453E+02  				   
   795.000  0.2446E+02  				   
   810.000  0.2440E+02  				   
   825.000  0.2433E+02  				   
   840.000  0.2426E+02  				   
   855.000  0.2418E+02  				   
   870.000  0.2410E+02  				   
   885.000  0.2401E+02  				   
   900.000  0.2392E+02  				   
   915.000  0.2383E+02  				   
   930.000  0.2373E+02  				   
   945.000  0.2364E+02  				   
   960.000  0.2354E+02  				   
   975.000  0.2344E+02  				   
   990.000  0.2334E+02  				   
  1005.000  0.2323E+02  				   
  1020.000  0.2313E+02  				   
  1035.000  0.2303E+02  				   
  1050.000  0.2292E+02  				   
  1065.000  0.2282E+02  				   
  1080.000  0.2271E+02  				   
  1095.000  0.2261E+02  				   
  1110.000  0.2251E+02  				   
  1125.000  0.2241E+02  				   
  1140.000  0.2230E+02  				   
  1155.000  0.2220E+02  				   
  1170.000  0.2210E+02  				   
  1185.000  0.2201E+02  				   
  1200.000  0.2191E+02  				   
  1215.000  0.2181E+02  				   
  1230.000  0.2171E+02  				   
  1245.000  0.2162E+02  				   
  1260.000  0.2152E+02  				   
  1275.000  0.2143E+02  				   
  1290.000  0.2134E+02  				   
  1305.000  0.2125E+02  				   
  1320.000  0.2116E+02  				   
  1335.000  0.2107E+02  				   
  1350.000  0.2098E+02  				   
  1365.000  0.2090E+02  				   
  1380.000  0.2081E+02  				   
  1395.000  0.2073E+02  				   
  1410.000  0.2065E+02  				   
  1425.000  0.2056E+02  				   
  1440.000  0.2048E+02  				   
  1455.000  0.2041E+02  				   
  1470.000  0.2033E+02  				   
  1485.000  0.2025E+02  				   
  1500.000  0.2018E+02  				   
  1515.000  0.2010E+02  				   
  1530.000  0.2003E+02  				   
  1545.000  0.1996E+02  				   
  1560.000  0.1989E+02  				   
  1575.000  0.1982E+02  				   
  1590.000  0.1976E+02  				   
  1605.000  0.1969E+02  				   
  1620.000  0.1963E+02  				   
  1635.000  0.1957E+02  				   
  1650.000  0.1951E+02  				   
  1665.000  0.1945E+02  				   
  1680.000  0.1939E+02  				   
  1695.000  0.1933E+02  				   
  1710.000  0.1928E+02  				   
  1725.000  0.1922E+02  				   
  1740.000  0.1917E+02  				   
  1755.000  0.1912E+02  				   
  1770.000  0.1907E+02  				   
  1785.000  0.1902E+02  				   
  1800.000  0.1898E+02 
  
   				   
