# Provided & maintained by Steve Dytman
#
# data used in GENIE for pN and nN total cross sections where N is average of p and n
# use PWA results of Arndt, et al. for pp elas, np elas, pp reac, and np reac
# no nn results, assume nn same as np for now, can be improved later
# KE is CM energy in MeV, cross sections CM all mb
#
# KE     pN tot     pN elas     pN reac      nN tot      nN elas     nN reac  
   0.  0.9040E+04  0.9040E+04  0.0000E+00  0.1808E+05  0.1808E+05  0.0000E+00
   5.  0.1163E+04  0.1163E+03  0.0000E+00  0.1635E+04  0.1635E+03  0.0000E+00
  10.  0.6476E+03  0.6476E+03  0.0000E+00  0.9455E+03  0.9455E+03  0.0000E+00
  15.  0.4372E+03  0.4372E+03  0.0000E+00  0.6492E+03  0.6492E+03  0.0000E+00
  30.  0.2062E+03  0.2062E+03  0.0000E+00  0.3095E+03  0.3095E+03  0.0000E+00
  45.  0.1286E+03  0.1286E+03  0.0000E+00  0.1914E+03  0.1914E+03  0.0000E+00
  60.  0.9205E+02  0.9206E+02  0.0000E+00  0.1351E+03  0.1351E+03  0.0000E+00
  75.  0.7175E+02  0.7175E+02  0.0000E+00  0.1037E+03  0.1037E+03  0.0000E+00
  90.  0.5936E+02  0.5936E+02  0.0000E+00  0.8449E+02  0.8449E+02  0.0000E+00
 105.  0.5128E+02  0.5128E+02  0.0000E+00  0.7188E+02  0.7188E+02  0.0000E+00
 120.  0.4575E+02  0.4575E+02  0.0000E+00  0.6317E+02  0.6317E+02  0.0000E+00
 135.  0.4185E+02  0.4185E+02  0.0000E+00  0.5691E+02  0.5691E+02  0.0000E+00
 150.  0.3900E+02  0.3900E+02  0.0000E+00  0.5226E+02  0.5226E+02  0.0000E+00
 165.  0.3688E+02  0.3688E+02  0.0000E+00  0.4870E+02  0.4870E+02  0.0000E+00
 180.  0.3525E+02  0.3525E+02  0.0000E+00  0.4592E+02  0.4592E+02  0.0000E+00
 195.  0.3400E+02  0.3400E+02  0.0000E+00  0.4370E+02  0.4370E+02  0.0000E+00
 210.  0.3300E+02  0.3300E+02  0.0000E+00  0.4188E+02  0.4188E+02  0.0000E+00
 225.  0.3218E+02  0.3218E+02  0.0000E+00  0.4037E+02  0.4037E+02  0.0000E+00
 240.  0.3151E+02  0.3151E+02  0.0000E+00  0.3910E+02  0.3910E+02  0.0000E+00
 255.  0.3094E+02  0.3094E+02  0.0000E+00  0.3801E+02  0.3801E+02  0.0000E+00
 270.  0.3047E+02  0.3047E+02  0.0000E+00  0.3707E+02  0.3707E+02  0.0000E+00
 285.  0.3006E+02  0.3006E+02  0.0000E+00  0.3625E+02  0.3625E+02  0.0000E+00
 300.  0.2985E+02  0.2975E+02  0.9892E-01  0.3563E+02  0.3556E+02  0.6595E-01
 315.  0.2969E+02  0.2949E+02  0.2095E+00  0.3509E+02  0.3495E+02  0.1398E+00
 330.  0.2959E+02  0.2926E+02  0.3338E+00  0.3462E+02  0.3440E+02  0.2230E+00
 345.  0.2953E+02  0.2906E+02  0.4745E+00  0.3424E+02  0.3392E+02  0.3176E+00
 360.  0.2953E+02  0.2890E+02  0.6351E+00  0.3392E+02  0.3349E+02  0.4258E+00
 375.  0.2957E+02  0.2875E+02  0.8198E+00  0.3365E+02  0.3310E+02  0.5506E+00
 390.  0.2966E+02  0.2863E+02  0.1033E+01  0.3344E+02  0.3275E+02  0.6950E+00
 405.  0.2981E+02  0.2853E+02  0.1279E+01  0.3330E+02  0.3244E+02  0.8628E+00
 420.  0.3003E+02  0.2847E+02  0.1566E+01  0.3323E+02  0.3217E+02  0.1058E+01
 435.  0.3031E+02  0.2841E+02  0.1899E+01  0.3321E+02  0.3192E+02  0.1286E+01
 450.  0.3066E+02  0.2837E+02  0.2286E+01  0.3325E+02  0.3170E+02  0.1551E+01
 465.  0.3107E+02  0.2833E+02  0.2734E+01  0.3335E+02  0.3149E+02  0.1857E+01
 480.  0.3156E+02  0.2831E+02  0.3249E+01  0.3352E+02  0.3131E+02  0.2211E+01
 495.  0.3213E+02  0.2829E+02  0.3836E+01  0.3374E+02  0.3113E+02  0.2614E+01
 510.  0.3277E+02  0.2827E+02  0.4497E+01  0.3403E+02  0.3096E+02  0.3069E+01
 525.  0.3346E+02  0.2823E+02  0.5228E+01  0.3435E+02  0.3078E+02  0.3573E+01
 540.  0.3420E+02  0.2817E+02  0.6022E+01  0.3472E+02  0.3060E+02  0.4121E+01
 555.  0.3496E+02  0.2810E+02  0.6865E+01  0.3511E+02  0.3041E+02  0.4705E+01
 570.  0.3573E+02  0.2799E+02  0.7743E+01  0.3552E+02  0.3020E+02  0.5316E+01
 585.  0.3649E+02  0.2784E+02  0.8641E+01  0.3591E+02  0.2997E+02  0.5942E+01
 600.  0.3722E+02  0.2768E+02  0.9536E+01  0.3630E+02  0.2973E+02  0.6573E+01
 615.  0.3791E+02  0.2749E+02  0.1042E+02  0.3667E+02  0.2947E+02  0.7199E+01
 630.  0.3857E+02  0.2730E+02  0.1127E+02  0.3702E+02  0.2921E+02  0.7809E+01
 645.  0.3918E+02  0.2710E+02  0.1208E+02  0.3733E+02  0.2894E+02  0.8394E+01
 660.  0.3973E+02  0.2690E+02  0.1283E+02  0.3763E+02  0.2868E+02  0.8947E+01
 675.  0.4023E+02  0.2672E+02  0.1352E+02  0.3788E+02  0.2842E+02  0.9462E+01
 690.  0.4068E+02  0.2655E+02  0.1414E+02  0.3811E+02  0.2817E+02  0.9936E+01
 705.  0.4106E+02  0.2638E+02  0.1468E+02  0.3829E+02  0.2792E+02  0.1037E+02
 720.  0.4139E+02  0.2622E+02  0.1517E+02  0.3844E+02  0.2768E+02  0.1076E+02
 735.  0.4167E+02  0.2608E+02  0.1559E+02  0.3857E+02  0.2745E+02  0.1112E+02
 750.  0.4189E+02  0.2592E+02  0.1597E+02  0.3866E+02  0.2721E+02  0.1145E+02
 765.  0.4207E+02  0.2578E+02  0.1629E+02  0.3873E+02  0.2698E+02  0.1175E+02
 780.  0.4221E+02  0.2564E+02  0.1658E+02  0.3877E+02  0.2674E+02  0.1203E+02
 795.  0.4231E+02  0.2549E+02  0.1683E+02  0.3880E+02  0.2651E+02  0.1229E+02
 810.  0.4239E+02  0.2533E+02  0.1706E+02  0.3881E+02  0.2627E+02  0.1254E+02
 825.  0.4245E+02  0.2519E+02  0.1726E+02  0.3882E+02  0.2604E+02  0.1278E+02
 840.  0.4249E+02  0.2503E+02  0.1745E+02  0.3881E+02  0.2580E+02  0.1301E+02
 855.  0.4251E+02  0.2488E+02  0.1764E+02  0.3880E+02  0.2557E+02  0.1323E+02
 870.  0.4253E+02  0.2472E+02  0.1781E+02  0.3879E+02  0.2534E+02  0.1345E+02
 885.  0.4253E+02  0.2456E+02  0.1797E+02  0.3878E+02  0.2511E+02  0.1367E+02
 900.  0.4253E+02  0.2440E+02  0.1813E+02  0.3877E+02  0.2489E+02  0.1388E+02
 915.  0.4253E+02  0.2425E+02  0.1828E+02  0.3876E+02  0.2467E+02  0.1409E+02
 930.  0.4253E+02  0.2409E+02  0.1843E+02  0.3875E+02  0.2445E+02  0.1430E+02
 945.  0.4252E+02  0.2394E+02  0.1858E+02  0.3874E+02  0.2424E+02  0.1450E+02
 960.  0.4252E+02  0.2379E+02  0.1873E+02  0.3875E+02  0.2404E+02  0.1471E+02
 975.  0.4252E+02  0.2365E+02  0.1888E+02  0.3876E+02  0.2385E+02  0.1491E+02
 990.  0.4251E+02  0.2351E+02  0.1901E+02  0.3877E+02  0.2367E+02  0.1510E+02
1005.  0.4252E+02  0.2336E+02  0.1916E+02  0.3879E+02  0.2349E+02  0.1530E+02
1020.  0.4251E+02  0.2323E+02  0.1928E+02  0.3881E+02  0.2333E+02  0.1548E+02
1035.  0.4252E+02  0.2310E+02  0.1942E+02  0.3884E+02  0.2317E+02  0.1567E+02
1050.  0.4253E+02  0.2297E+02  0.1956E+02  0.3887E+02  0.2302E+02  0.1585E+02
1065.  0.4254E+02  0.2285E+02  0.1968E+02  0.3891E+02  0.2289E+02  0.1602E+02
1080.  0.4253E+02  0.2274E+02  0.1980E+02  0.3894E+02  0.2276E+02  0.1618E+02
1095.  0.4255E+02  0.2263E+02  0.1992E+02  0.3899E+02  0.2265E+02  0.1634E+02
1110.  0.4256E+02  0.2253E+02  0.2003E+02  0.3903E+02  0.2254E+02  0.1649E+02
1125.  0.4258E+02  0.2243E+02  0.2015E+02  0.3909E+02  0.2245E+02  0.1664E+02
1140.  0.4257E+02  0.2233E+02  0.2024E+02  0.3913E+02  0.2236E+02  0.1677E+02
1155.  0.4260E+02  0.2225E+02  0.2035E+02  0.3919E+02  0.2229E+02  0.1690E+02
1170.  0.4261E+02  0.2216E+02  0.2044E+02  0.3924E+02  0.2222E+02  0.1702E+02
1185.  0.4262E+02  0.2209E+02  0.2053E+02  0.3930E+02  0.2217E+02  0.1713E+02
1200.  0.4263E+02  0.2201E+02  0.2062E+02  0.3936E+02  0.2212E+02  0.1724E+02
1215.  0.4265E+02  0.2194E+02  0.2070E+02  0.3941E+02  0.2208E+02  0.1733E+02
1230.  0.4265E+02  0.2188E+02  0.2077E+02  0.3947E+02  0.2205E+02  0.1742E+02
1245.  0.4267E+02  0.2183E+02  0.2085E+02  0.3953E+02  0.2203E+02  0.1750E+02
1260.  0.4267E+02  0.2176E+02  0.2091E+02  0.3958E+02  0.2201E+02  0.1757E+02
1275.  0.4268E+02  0.2172E+02  0.2097E+02  0.3963E+02  0.2200E+02  0.1763E+02
1290.  0.4269E+02  0.2167E+02  0.2103E+02  0.3969E+02  0.2200E+02  0.1769E+02
1305.  0.4270E+02  0.2162E+02  0.2108E+02  0.3974E+02  0.2200E+02  0.1774E+02
1320.  0.4270E+02  0.2158E+02  0.2112E+02  0.3978E+02  0.2200E+02  0.1778E+02
1335.  0.4269E+02  0.2154E+02  0.2115E+02  0.3982E+02  0.2201E+02  0.1781E+02
1350.  0.4269E+02  0.2150E+02  0.2119E+02  0.3986E+02  0.2202E+02  0.1784E+02
1365.  0.4269E+02  0.2147E+02  0.2123E+02  0.3990E+02  0.2204E+02  0.1786E+02
1380.  0.4269E+02  0.2143E+02  0.2125E+02  0.3993E+02  0.2206E+02  0.1787E+02
1395.  0.4268E+02  0.2140E+02  0.2127E+02  0.3996E+02  0.2208E+02  0.1788E+02
1410.  0.4267E+02  0.2138E+02  0.2129E+02  0.3999E+02  0.2211E+02  0.1788E+02
1425.  0.4265E+02  0.2134E+02  0.2131E+02  0.4001E+02  0.2213E+02  0.1788E+02
1440.  0.4264E+02  0.2132E+02  0.2132E+02  0.4003E+02  0.2216E+02  0.1787E+02
1455.  0.4263E+02  0.2130E+02  0.2133E+02  0.4005E+02  0.2219E+02  0.1786E+02
1470.  0.4261E+02  0.2127E+02  0.2133E+02  0.4006E+02  0.2222E+02  0.1784E+02
1485.  0.4258E+02  0.2125E+02  0.2133E+02  0.4007E+02  0.2225E+02  0.1782E+02
1500.  0.4256E+02  0.2123E+02  0.2133E+02  0.4007E+02  0.2228E+02  0.1779E+02
1515.  0.4253E+02  0.2120E+02  0.2133E+02  0.4007E+02  0.2231E+02  0.1776E+02
1530.  0.4250E+02  0.2119E+02  0.2132E+02  0.4007E+02  0.2234E+02  0.1773E+02
1545.  0.4248E+02  0.2117E+02  0.2131E+02  0.4006E+02  0.2237E+02  0.1769E+02
1560.  0.4245E+02  0.2115E+02  0.2130E+02  0.4005E+02  0.2240E+02  0.1765E+02
1575.  0.4241E+02  0.2112E+02  0.2128E+02  0.4004E+02  0.2243E+02  0.1761E+02
1590.  0.4238E+02  0.2111E+02  0.2127E+02  0.4002E+02  0.2246E+02  0.1756E+02
1605.  0.4234E+02  0.2109E+02  0.2125E+02  0.4000E+02  0.2249E+02  0.1751E+02
1620.  0.4231E+02  0.2108E+02  0.2123E+02  0.3998E+02  0.2252E+02  0.1746E+02
1635.  0.4226E+02  0.2106E+02  0.2121E+02  0.3995E+02  0.2254E+02  0.1741E+02
1650.  0.4223E+02  0.2104E+02  0.2119E+02  0.3993E+02  0.2257E+02  0.1736E+02
1665.  0.4219E+02  0.2103E+02  0.2116E+02  0.3990E+02  0.2260E+02  0.1730E+02
1680.  0.4214E+02  0.2101E+02  0.2114E+02  0.3988E+02  0.2263E+02  0.1725E+02
1695.  0.4210E+02  0.2099E+02  0.2111E+02  0.3984E+02  0.2265E+02  0.1719E+02
1710.  0.4206E+02  0.2098E+02  0.2108E+02  0.3981E+02  0.2268E+02  0.1713E+02
1725.  0.4201E+02  0.2096E+02  0.2105E+02  0.3977E+02  0.2270E+02  0.1707E+02
1740.  0.4197E+02  0.2094E+02  0.2102E+02  0.3973E+02  0.2272E+02  0.1701E+02
1755.  0.4193E+02  0.2094E+02  0.2099E+02  0.3970E+02  0.2275E+02  0.1695E+02
1770.  0.4188E+02  0.2092E+02  0.2095E+02  0.3965E+02  0.2277E+02  0.1688E+02
1785.  0.4183E+02  0.2091E+02  0.2092E+02  0.3961E+02  0.2279E+02  0.1682E+02
1800.  0.4178E+02  0.2090E+02  0.2089E+02  0.3957E+02  0.2281E+02  0.1676E+02

