# Provided & maintained by Steve Dytman
#
# Data used in GENIE for piN total cross sections where N is either p or n
# use PWA results of Arndt, et al. for pi+p elas, pi-p elas, pi-p cex, and pi_d->pp
# pi+N and pi-N are identical because of isospin relations
# pi0N calculated from isospin relns for elas and cex, avg of pi+ and pi- for others
# KE is CM energy in MeV, cross sections CM all mb
#
# KE     pi+n tot   pi+n cex  pi+n elas  pi+n reac   pi+p tot   pi+p cex  pi+p elas  pi+p reac   pi+d abs   
   0    0.000e+00  0.000e+00  0.000e+00  0.000e+00  0.000e+00  0.000e+00  0.000e+00  0.000e+00  0.000e+00
  15    1.030e+01  4.592e+00  1.868e+00  1.328e-02  6.409e+00  0.000e+00  2.584e+00  0.000e+00  3.825e+00
  30    1.134e+01  5.092e+00  1.694e+00  2.966e-02  9.692e+00  0.000e+00  5.169e+00  5.113e-08  4.523e+00
  45    1.364e+01  6.211e+00  1.798e+00  4.984e-02  1.515e+01  0.000e+00  9.567e+00  6.050e-07  5.580e+00
  60    1.718e+01  8.025e+00  2.210e+00  7.495e-02  2.339e+01  0.000e+00  1.652e+01  5.468e-07  6.867e+00
  75    2.221e+01  1.075e+01  3.027e+00  1.066e-01  3.549e+01  0.000e+00  2.716e+01  1.248e-06  8.327e+00
  90    2.908e+01  1.469e+01  4.408e+00  1.464e-01  5.278e+01  0.000e+00  4.294e+01  0.000e+00  9.839e+00
 105    3.806e+01  2.015e+01  6.547e+00  1.960e-01  7.693e+01  0.000e+00  6.576e+01  0.000e+00  1.117e+01
 120    4.918e+01  2.730e+01  9.609e+00  2.546e-01  1.090e+02  0.000e+00  9.693e+01  8.874e-07  1.202e+01
 135    6.160e+01  3.559e+01  1.350e+01  3.165e-01  1.477e+02  0.000e+00  1.355e+02  0.000e+00  1.219e+01
 150    7.296e+01  4.330e+01  1.758e+01  3.688e-01  1.858e+02  0.000e+00  1.741e+02  1.111e-07  1.171e+01
 165    7.974e+01  4.795e+01  2.066e+01  3.959e-01  2.108e+02  0.000e+00  2.001e+02  0.000e+00  1.073e+01
 180    7.963e+01  4.800e+01  2.179e+01  4.284e-01  2.138e+02  0.000e+00  2.043e+02  4.475e-02  9.412e+00
 195    7.367e+01  4.425e+01  2.101e+01  4.752e-01  1.977e+02  0.000e+00  1.896e+02  1.206e-01  7.939e+00
 210    6.493e+01  3.876e+01  1.913e+01  5.264e-01  1.724e+02  0.000e+00  1.657e+02  1.821e-01  6.509e+00
 225    5.596e+01  3.317e+01  1.693e+01  5.979e-01  1.462e+02  0.000e+00  1.407e+02  2.293e-01  5.265e+00
 240    4.810e+01  2.827e+01  1.487e+01  7.021e-01  1.230e+02  0.000e+00  1.185e+02  2.669e-01  4.253e+00
 255    4.172e+01  2.428e+01  1.313e+01  8.490e-01  1.037e+02  0.000e+00  9.997e+01  2.997e-01  3.459e+00
 270    3.677e+01  2.113e+01  1.175e+01  1.049e+00  8.811e+01  0.000e+00  8.494e+01  3.317e-01  2.842e+00
 285    3.310e+01  1.870e+01  1.072e+01  1.313e+00  7.555e+01  0.000e+00  7.282e+01  3.661e-01  2.364e+00
 300    3.051e+01  1.684e+01  1.003e+01  1.653e+00  6.542e+01  0.000e+00  6.302e+01  4.055e-01  1.990e+00
 315    2.883e+01  1.543e+01  9.629e+00  2.080e+00  5.717e+01  0.000e+00  5.502e+01  4.522e-01  1.695e+00
 330    2.790e+01  1.436e+01  9.485e+00  2.596e+00  5.040e+01  0.000e+00  4.843e+01  5.083e-01  1.460e+00
 345    2.754e+01  1.353e+01  9.547e+00  3.195e+00  4.480e+01  0.000e+00  4.296e+01  5.755e-01  1.269e+00
 360    2.757e+01  1.285e+01  9.749e+00  3.856e+00  4.013e+01  0.000e+00  3.836e+01  6.555e-01  1.114e+00
 375    2.781e+01  1.226e+01  1.002e+01  4.544e+00  3.619e+01  0.000e+00  3.446e+01  7.492e-01  9.840e-01
 390    2.811e+01  1.171e+01  1.030e+01  5.221e+00  3.284e+01  0.000e+00  3.111e+01  8.576e-01  8.752e-01
 405    2.837e+01  1.118e+01  1.055e+01  5.858e+00  2.998e+01  0.000e+00  2.822e+01  9.816e-01  7.824e-01
 420    2.861e+01  1.069e+01  1.077e+01  6.447e+00  2.754e+01  0.000e+00  2.571e+01  1.123e+00  7.023e-01
 435    2.883e+01  1.024e+01  1.096e+01  6.997e+00  2.543e+01  0.000e+00  2.351e+01  1.284e+00  6.323e-01
 450    2.911e+01  9.850e+00  1.116e+01  7.529e+00  2.360e+01  0.000e+00  2.156e+01  1.466e+00  5.703e-01
 465    2.954e+01  9.543e+00  1.141e+01  8.074e+00  2.204e+01  0.000e+00  1.985e+01  1.672e+00  5.148e-01
 480    3.021e+01  9.331e+00  1.175e+01  8.663e+00  2.069e+01  0.000e+00  1.832e+01  1.904e+00  4.646e-01
 495    3.122e+01  9.228e+00  1.224e+01  9.331e+00  1.953e+01  0.000e+00  1.695e+01  2.164e+00  4.187e-01
 510    3.265e+01  9.246e+00  1.292e+01  1.011e+01  1.856e+01  0.000e+00  1.573e+01  2.453e+00  3.764e-01
 525    3.459e+01  9.392e+00  1.384e+01  1.102e+01  1.774e+01  0.000e+00  1.463e+01  2.773e+00  3.373e-01
 540    3.712e+01  9.669e+00  1.506e+01  1.209e+01  1.707e+01  0.000e+00  1.364e+01  3.125e+00  3.011e-01
 555    4.035e+01  1.008e+01  1.669e+01  1.331e+01  1.652e+01  0.000e+00  1.274e+01  3.511e+00  2.676e-01
 570    4.388e+01  9.921e+00  1.832e+01  1.540e+01  1.608e+01  0.000e+00  1.191e+01  3.934e+00  2.371e-01
 585    4.610e+01  9.690e+00  1.932e+01  1.688e+01  1.576e+01  0.000e+00  1.115e+01  4.399e+00  2.095e-01
 600    4.707e+01  9.262e+00  1.973e+01  1.789e+01  1.554e+01  0.000e+00  1.044e+01  4.910e+00  1.854e-01
 615    4.651e+01  8.589e+00  1.938e+01  1.836e+01  1.543e+01  0.000e+00  9.768e+00  5.476e+00  1.831e-01
 630    4.468e+01  7.754e+00  1.837e+01  1.838e+01  1.542e+01  0.000e+00  9.141e+00  6.103e+00  1.808e-01
 645    4.219e+01  6.901e+00  1.698e+01  1.813e+01  1.554e+01  0.000e+00  8.559e+00  6.798e+00  1.784e-01
 660    3.967e+01  6.155e+00  1.553e+01  1.781e+01  1.578e+01  0.000e+00  8.038e+00  7.564e+00  1.761e-01
 675    3.763e+01  5.579e+00  1.428e+01  1.760e+01  1.618e+01  0.000e+00  7.609e+00  8.397e+00  1.738e-01
 690    3.628e+01  5.190e+00  1.335e+01  1.757e+01  1.677e+01  0.000e+00  7.326e+00  9.273e+00  1.715e-01
 705    3.574e+01  4.977e+00  1.284e+01  1.775e+01  1.757e+01  0.000e+00  7.247e+00  1.015e+01  1.692e-01
 720    3.601e+01  4.929e+00  1.275e+01  1.816e+01  1.855e+01  0.000e+00  7.419e+00  1.096e+01  1.669e-01
 735    3.703e+01  5.033e+00  1.307e+01  1.876e+01  1.964e+01  0.000e+00  7.846e+00  1.163e+01  1.645e-01
 750    3.875e+01  5.272e+00  1.378e+01  1.954e+01  2.076e+01  0.000e+00  8.473e+00  1.212e+01  1.622e-01
 765    4.105e+01  5.621e+00  1.481e+01  2.046e+01  2.177e+01  0.000e+00  9.202e+00  1.241e+01  1.599e-01
 780    4.385e+01  6.047e+00  1.613e+01  2.152e+01  2.262e+01  0.000e+00  9.930e+00  1.253e+01  1.576e-01
 795    4.702e+01  6.515e+00  1.767e+01  2.268e+01  2.328e+01  0.000e+00  1.058e+01  1.254e+01  1.553e-01
 810    5.036e+01  6.987e+00  1.935e+01  2.387e+01  2.376e+01  0.000e+00  1.113e+01  1.248e+01  1.530e-01
 825    5.364e+01  7.418e+00  2.105e+01  2.502e+01  2.410e+01  0.000e+00  1.156e+01  1.239e+01  1.506e-01
 840    5.654e+01  7.758e+00  2.261e+01  2.602e+01  2.433e+01  0.000e+00  1.189e+01  1.229e+01  1.483e-01
 855    5.869e+01  7.953e+00  2.385e+01  2.674e+01  2.450e+01  0.000e+00  1.214e+01  1.221e+01  1.460e-01
 870    5.981e+01  7.956e+00  2.461e+01  2.710e+01  2.460e+01  0.000e+00  1.232e+01  1.214e+01  1.437e-01
 885    5.975e+01  7.745e+00  2.479e+01  2.707e+01  2.471e+01  0.000e+00  1.246e+01  1.211e+01  1.414e-01
 900    5.854e+01  7.339e+00  2.439e+01  2.667e+01  2.482e+01  0.000e+00  1.256e+01  1.212e+01  1.391e-01
 915    5.646e+01  6.794e+00  2.351e+01  2.602e+01  2.496e+01  0.000e+00  1.265e+01  1.217e+01  1.367e-01
 930    5.388e+01  6.182e+00  2.234e+01  2.522e+01  2.513e+01  0.000e+00  1.273e+01  1.227e+01  1.344e-01
 945    5.110e+01  5.569e+00  2.102e+01  2.438e+01  2.535e+01  0.000e+00  1.281e+01  1.241e+01  1.321e-01
 960    4.841e+01  5.001e+00  1.969e+01  2.359e+01  2.563e+01  0.000e+00  1.290e+01  1.260e+01  1.298e-01
 975    4.597e+01  4.504e+00  1.844e+01  2.290e+01  2.596e+01  0.000e+00  1.300e+01  1.283e+01  1.275e-01
 990    4.395e+01  4.087e+00  1.739e+01  2.235e+01  2.625e+01  0.000e+00  1.304e+01  1.308e+01  1.251e-01
1005    4.217e+01  3.749e+00  1.641e+01  2.189e+01  2.672e+01  0.000e+00  1.319e+01  1.341e+01  1.228e-01
1020    4.070e+01  3.484e+00  1.556e+01  2.154e+01  2.728e+01  0.000e+00  1.337e+01  1.379e+01  1.205e-01
1035    3.954e+01  3.283e+00  1.485e+01  2.129e+01  2.791e+01  0.000e+00  1.358e+01  1.421e+01  1.182e-01
1050    3.864e+01  3.138e+00  1.427e+01  2.112e+01  2.861e+01  0.000e+00  1.382e+01  1.467e+01  1.159e-01
1065    3.795e+01  3.039e+00  1.378e+01  2.102e+01  2.938e+01  0.000e+00  1.410e+01  1.517e+01  1.136e-01
1080    3.745e+01  2.979e+00  1.339e+01  2.097e+01  3.022e+01  0.000e+00  1.440e+01  1.571e+01  1.112e-01
1095    3.710e+01  2.950e+00  1.308e+01  2.096e+01  3.113e+01  0.000e+00  1.474e+01  1.628e+01  1.089e-01
1110    3.686e+01  2.946e+00  1.282e+01  2.099e+01  3.209e+01  0.000e+00  1.511e+01  1.687e+01  1.066e-01
1125    3.671e+01  2.962e+00  1.260e+01  2.104e+01  3.308e+01  0.000e+00  1.550e+01  1.748e+01  1.043e-01
1140    3.662e+01  2.990e+00  1.243e+01  2.110e+01  3.410e+01  0.000e+00  1.590e+01  1.810e+01  1.020e-01
1155    3.658e+01  3.028e+00  1.228e+01  2.117e+01  3.513e+01  0.000e+00  1.631e+01  1.872e+01  9.965e-02
1170    3.657e+01  3.071e+00  1.215e+01  2.125e+01  3.615e+01  0.000e+00  1.671e+01  1.934e+01  9.734e-02
1185    3.658e+01  3.114e+00  1.203e+01  2.134e+01  3.714e+01  0.000e+00  1.710e+01  1.994e+01  9.502e-02
1200    3.659e+01  3.154e+00  1.192e+01  2.142e+01  3.805e+01  0.000e+00  1.745e+01  2.051e+01  9.270e-02
1215    3.660e+01  3.187e+00  1.181e+01  2.151e+01  3.888e+01  0.000e+00  1.775e+01  2.104e+01  9.038e-02
1230    3.659e+01  3.210e+00  1.171e+01  2.158e+01  3.960e+01  0.000e+00  1.800e+01  2.151e+01  8.807e-02
1245    3.656e+01  3.222e+00  1.160e+01  2.165e+01  4.019e+01  0.000e+00  1.818e+01  2.192e+01  8.575e-02
1260    3.651e+01  3.219e+00  1.150e+01  2.171e+01  4.062e+01  0.000e+00  1.828e+01  2.226e+01  8.343e-02
1275    3.643e+01  3.203e+00  1.139e+01  2.176e+01  4.090e+01  0.000e+00  1.830e+01  2.252e+01  8.111e-02
1290    3.633e+01  3.172e+00  1.128e+01  2.180e+01  4.104e+01  0.000e+00  1.825e+01  2.271e+01  7.880e-02
1305    3.620e+01  3.127e+00  1.117e+01  2.183e+01  4.102e+01  0.000e+00  1.812e+01  2.282e+01  7.648e-02
1320    3.606e+01  3.071e+00  1.106e+01  2.185e+01  4.086e+01  0.000e+00  1.793e+01  2.286e+01  7.416e-02
1335    3.588e+01  3.005e+00  1.094e+01  2.186e+01  4.059e+01  0.000e+00  1.768e+01  2.284e+01  7.184e-02
1350    3.570e+01  2.930e+00  1.083e+01  2.187e+01  4.022e+01  0.000e+00  1.739e+01  2.276e+01  6.953e-02
1365    3.553e+01  2.850e+00  1.073e+01  2.188e+01  3.977e+01  0.000e+00  1.706e+01  2.264e+01  6.721e-02
1380    3.533e+01  2.766e+00  1.062e+01  2.188e+01  3.924e+01  0.000e+00  1.670e+01  2.248e+01  6.489e-02
1395    3.515e+01  2.681e+00  1.052e+01  2.189e+01  3.869e+01  0.000e+00  1.633e+01  2.230e+01  6.257e-02
1410    3.500e+01  2.595e+00  1.043e+01  2.191e+01  3.812e+01  0.000e+00  1.596e+01  2.210e+01  6.026e-02
1425    3.484e+01  2.509e+00  1.034e+01  2.193e+01  3.753e+01  0.000e+00  1.558e+01  2.189e+01  5.794e-02
1440    3.469e+01  2.426e+00  1.026e+01  2.195e+01  3.694e+01  0.000e+00  1.521e+01  2.167e+01  5.562e-02
1455    3.458e+01  2.345e+00  1.019e+01  2.199e+01  3.634e+01  0.000e+00  1.484e+01  2.145e+01  5.330e-02
1470    3.447e+01  2.267e+00  1.012e+01  2.203e+01  3.578e+01  0.000e+00  1.449e+01  2.124e+01  5.099e-02
1485    3.438e+01  2.193e+00  1.006e+01  2.208e+01  3.523e+01  0.000e+00  1.415e+01  2.103e+01  4.867e-02
1500    3.431e+01  2.122e+00  1.000e+01  2.214e+01  3.470e+01  0.000e+00  1.382e+01  2.083e+01  4.635e-02
1515    3.426e+01  2.054e+00  9.952e+00  2.221e+01  3.419e+01  0.000e+00  1.351e+01  2.064e+01  4.403e-02
1530    3.422e+01  1.990e+00  9.908e+00  2.228e+01  3.372e+01  0.000e+00  1.321e+01  2.047e+01  4.172e-02
1545    3.421e+01  1.929e+00  9.870e+00  2.237e+01  3.327e+01  0.000e+00  1.293e+01  2.030e+01  3.940e-02
1560    3.421e+01  1.871e+00  9.837e+00  2.246e+01  3.286e+01  0.000e+00  1.267e+01  2.015e+01  3.708e-02
1575    3.422e+01  1.817e+00  9.810e+00  2.256e+01  3.246e+01  0.000e+00  1.242e+01  2.001e+01  3.476e-02
1590    3.424e+01  1.765e+00  9.787e+00  2.266e+01  3.210e+01  0.000e+00  1.218e+01  1.989e+01  3.245e-02
1605    3.428e+01  1.715e+00  9.768e+00  2.277e+01  3.177e+01  0.000e+00  1.196e+01  1.978e+01  3.013e-02
1620    3.433e+01  1.668e+00  9.754e+00  2.288e+01  3.146e+01  0.000e+00  1.175e+01  1.968e+01  2.781e-02
1635    3.439e+01  1.622e+00  9.743e+00  2.300e+01  3.117e+01  0.000e+00  1.155e+01  1.959e+01  2.549e-02
1650    3.447e+01  1.579e+00  9.736e+00  2.313e+01  3.090e+01  0.000e+00  1.136e+01  1.952e+01  2.318e-02
1665    3.454e+01  1.537e+00  9.733e+00  2.325e+01  3.068e+01  0.000e+00  1.119e+01  1.947e+01  2.086e-02
1680    3.463e+01  1.496e+00  9.732e+00  2.338e+01  3.047e+01  0.000e+00  1.103e+01  1.942e+01  1.854e-02
1695    3.472e+01  1.457e+00  9.734e+00  2.351e+01  3.029e+01  0.000e+00  1.088e+01  1.939e+01  1.622e-02
1710    3.481e+01  1.419e+00  9.738e+00  2.364e+01  3.010e+01  0.000e+00  1.073e+01  1.936e+01  1.391e-02
1725    3.491e+01  1.382e+00  9.744e+00  2.377e+01  2.996e+01  0.000e+00  1.060e+01  1.935e+01  1.159e-02
1740    3.502e+01  1.345e+00  9.753e+00  2.391e+01  2.984e+01  0.000e+00  1.048e+01  1.935e+01  9.270e-03
1755    3.512e+01  1.310e+00  9.763e+00  2.404e+01  2.973e+01  0.000e+00  1.036e+01  1.936e+01  6.953e-03
1770    3.522e+01  1.275e+00  9.775e+00  2.417e+01  2.964e+01  0.000e+00  1.026e+01  1.938e+01  4.635e-03
1785    3.533e+01  1.240e+00  9.789e+00  2.430e+01  2.956e+01  0.000e+00  1.016e+01  1.940e+01  2.318e-03
1800    3.544e+01  1.206e+00  9.803e+00  2.443e+01  2.951e+01  0.000e+00  1.007e+01  1.944e+01  0.000e+00
