# K+P
# Angle vs. Cross-section (millibarns)
# 1600 MeV

  0.000  0.4271E+01
  5.000  0.8323E+01
 10.000  0.4663E+01
 15.000  0.3975E+01
 20.000  0.3470E+01
 25.000  0.2972E+01
 30.000  0.2477E+01
 35.000  0.2008E+01
 40.000  0.1588E+01
 45.000  0.1231E+01
 50.000  0.9387E+00
 55.000  0.7066E+00
 60.000  0.5264E+00
 65.000  0.3888E+00
 70.000  0.2852E+00
 75.000  0.2083E+00
 80.000  0.1521E+00
 85.000  0.1119E+00
 90.000  0.8368E-01
 95.000  0.6414E-01
100.000  0.5074E-01
105.000  0.4160E-01
110.000  0.3560E-01
115.000  0.3222E-01
120.000  0.3137E-01
125.000  0.3299E-01
130.000  0.3695E-01
135.000  0.4290E-01
140.000  0.5052E-01
145.000  0.5962E-01
150.000  0.7019E-01
155.000  0.8207E-01
160.000  0.9471E-01
165.000  0.1070E+00
170.000  0.1173E+00
175.000  0.1243E+00
180.000  0.1267E+00
