# K+P
# Angle vs. Cross-section (millibarns)
# 1300 MeV

  0.000  0.3671E+01
  5.000  0.8651E+01
 10.000  0.4269E+01
 15.000  0.3610E+01
 20.000  0.3216E+01
 25.000  0.2853E+01
 30.000  0.2491E+01
 35.000  0.2135E+01
 40.000  0.1799E+01
 45.000  0.1494E+01
 50.000  0.1227E+01
 55.000  0.9994E+00
 60.000  0.8087E+00
 65.000  0.6509E+00
 70.000  0.5219E+00
 75.000  0.4175E+00
 80.000  0.3342E+00
 85.000  0.2687E+00
 90.000  0.2175E+00
 95.000  0.1777E+00
100.000  0.1468E+00
105.000  0.1229E+00
110.000  0.1048E+00
115.000  0.9206E-01
120.000  0.8430E-01
125.000  0.8125E-01
130.000  0.8241E-01
135.000  0.8711E-01
140.000  0.9458E-01
145.000  0.1039E+00
150.000  0.1138E+00
155.000  0.1229E+00
160.000  0.1299E+00
165.000  0.1339E+00
170.000  0.1354E+00
175.000  0.1353E+00
180.000  0.1351E+00
