# K+P
# Angle vs. Cross-section (millibarns)
# 100 MeV

  0.000  0.9426E+00
  5.000  0.1277E+03
 10.000  0.1235E+02
 15.000  0.4345E+01
 20.000  0.2528E+01
 25.000  0.1860E+01
 30.000  0.1544E+01
 35.000  0.1369E+01
 40.000  0.1263E+01
 45.000  0.1194E+01
 50.000  0.1146E+01
 55.000  0.1112E+01
 60.000  0.1087E+01
 65.000  0.1068E+01
 70.000  0.1053E+01
 75.000  0.1042E+01
 80.000  0.1034E+01
 85.000  0.1027E+01
 90.000  0.1022E+01
 95.000  0.1019E+01
100.000  0.1016E+01
105.000  0.1013E+01
110.000  0.1011E+01
115.000  0.1008E+01
120.000  0.1004E+01
125.000  0.9990E+00
130.000  0.9926E+00
135.000  0.9845E+00
140.000  0.9747E+00
145.000  0.9635E+00
150.000  0.9511E+00
155.000  0.9384E+00
160.000  0.9261E+00
165.000  0.9152E+00
170.000  0.9066E+00
175.000  0.9011E+00
180.000  0.8992E+00
