# K+P
# Angle vs. Cross-section (millibarns)
# 1200 MeV

  0.000  0.3463E+01
  5.000  0.8868E+01
 10.000  0.4139E+01
 15.000  0.3473E+01
 20.000  0.3107E+01
 25.000  0.2783E+01
 30.000  0.2464E+01
 35.000  0.2148E+01
 40.000  0.1846E+01
 45.000  0.1566E+01
 50.000  0.1316E+01
 55.000  0.1097E+01
 60.000  0.9092E+00
 65.000  0.7499E+00
 70.000  0.6162E+00
 75.000  0.5053E+00
 80.000  0.4146E+00
 85.000  0.3412E+00
 90.000  0.2820E+00
 95.000  0.2345E+00
100.000  0.1964E+00
105.000  0.1660E+00
110.000  0.1424E+00
115.000  0.1252E+00
120.000  0.1142E+00
125.000  0.1091E+00
130.000  0.1094E+00
135.000  0.1141E+00
140.000  0.1223E+00
145.000  0.1323E+00
150.000  0.1424E+00
155.000  0.1504E+00
160.000  0.1548E+00
165.000  0.1552E+00
170.000  0.1528E+00
175.000  0.1499E+00
180.000  0.1487E+00
