# K+P
# Angle vs. Cross-section (millibarns)
# 1400 MeV

  0.000  0.3877E+01
  5.000  0.8501E+01
 10.000  0.4403E+01
 15.000  0.3741E+01
 20.000  0.3314E+01
 25.000  0.2907E+01
 30.000  0.2500E+01
 35.000  0.2104E+01
 40.000  0.1736E+01
 45.000  0.1410E+01
 50.000  0.1130E+01
 55.000  0.8977E+00
 60.000  0.7076E+00
 65.000  0.5543E+00
 70.000  0.4322E+00
 75.000  0.3360E+00
 80.000  0.2615E+00
 85.000  0.2046E+00
 90.000  0.1617E+00
 95.000  0.1295E+00
100.000  0.1055E+00
105.000  0.8755E-01
110.000  0.7450E-01
115.000  0.6573E-01
120.000  0.6097E-01
125.000  0.6000E-01
130.000  0.6244E-01
135.000  0.6776E-01
140.000  0.7535E-01
145.000  0.8464E-01
150.000  0.9493E-01
155.000  0.1053E+00
160.000  0.1145E+00
165.000  0.1217E+00
170.000  0.1264E+00
175.000  0.1289E+00
180.000  0.1296E+00
