# K+P
# Angle vs. Cross-section (millibarns)
# 200 MeV

  0.000  0.9736E+00
  5.000  0.4426E+02
 10.000  0.5498E+01
 15.000  0.2462E+01
 20.000  0.1704E+01
 25.000  0.1408E+01
 30.000  0.1262E+01
 35.000  0.1181E+01
 40.000  0.1130E+01
 45.000  0.1097E+01
 50.000  0.1072E+01
 55.000  0.1053E+01
 60.000  0.1037E+01
 65.000  0.1024E+01
 70.000  0.1013E+01
 75.000  0.1004E+01
 80.000  0.9988E+00
 85.000  0.9958E+00
 90.000  0.9954E+00
 95.000  0.9972E+00
100.000  0.1001E+01
105.000  0.1007E+01
110.000  0.1014E+01
115.000  0.1021E+01
120.000  0.1029E+01
125.000  0.1035E+01
130.000  0.1038E+01
135.000  0.1037E+01
140.000  0.1029E+01
145.000  0.1014E+01
150.000  0.9921E+00
155.000  0.9641E+00
160.000  0.9327E+00
165.000  0.9019E+00
170.000  0.8757E+00
175.000  0.8582E+00
180.000  0.8520E+00
