# K+P
# Angle vs. Cross-section (millibarns)
# 400 MeV

  0.000  0.1015E+01
  5.000  0.1771E+02
 10.000  0.2968E+01
 15.000  0.1684E+01
 20.000  0.1341E+01
 25.000  0.1201E+01
 30.000  0.1133E+01
 35.000  0.1096E+01
 40.000  0.1071E+01
 45.000  0.1052E+01
 50.000  0.1032E+01
 55.000  0.1011E+01
 60.000  0.9874E+00
 65.000  0.9641E+00
 70.000  0.9426E+00
 75.000  0.9248E+00
 80.000  0.9118E+00
 85.000  0.9035E+00
 90.000  0.8996E+00
 95.000  0.8997E+00
100.000  0.9033E+00
105.000  0.9110E+00
110.000  0.9235E+00
115.000  0.9418E+00
120.000  0.9662E+00
125.000  0.9958E+00
130.000  0.1028E+01
135.000  0.1058E+01
140.000  0.1079E+01
145.000  0.1085E+01
150.000  0.1072E+01
155.000  0.1038E+01
160.000  0.9873E+00
165.000  0.9290E+00
170.000  0.8747E+00
175.000  0.8362E+00
180.000  0.8223E+00
