# K+P
# Angle vs. Cross-section (millibarns)
# 500 MeV

  0.000  0.1067E+01
  5.000  0.1331E+02
 10.000  0.2494E+01
 15.000  0.1550E+01
 20.000  0.1295E+01
 25.000  0.1189E+01
 30.000  0.1135E+01
 35.000  0.1102E+01
 40.000  0.1076E+01
 45.000  0.1051E+01
 50.000  0.1024E+01
 55.000  0.9939E+00
 60.000  0.9616E+00
 65.000  0.9295E+00
 70.000  0.9001E+00
 75.000  0.8753E+00
 80.000  0.8563E+00
 85.000  0.8433E+00
 90.000  0.8355E+00
 95.000  0.8327E+00
100.000  0.8345E+00
105.000  0.8418E+00
110.000  0.8559E+00
115.000  0.8785E+00
120.000  0.9106E+00
125.000  0.9519E+00
130.000  0.9997E+00
135.000  0.1048E+01
140.000  0.1090E+01
145.000  0.1117E+01
150.000  0.1120E+01
155.000  0.1097E+01
160.000  0.1052E+01
165.000  0.9934E+00
170.000  0.9360E+00
175.000  0.8943E+00
180.000  0.8790E+00
