# K+P
# Angle vs. Cross-section (millibarns)
# 800 MeV

  0.000  0.2523E+01
  5.000  0.1019E+02
 10.000  0.3489E+01
 15.000  0.2755E+01
 20.000  0.2469E+01
 25.000  0.2274E+01
 30.000  0.2103E+01
 35.000  0.1938E+01
 40.000  0.1774E+01
 45.000  0.1612E+01
 50.000  0.1454E+01
 55.000  0.1302E+01
 60.000  0.1159E+01
 65.000  0.1026E+01
 70.000  0.9071E+00
 75.000  0.8018E+00
 80.000  0.7107E+00
 85.000  0.6329E+00
 90.000  0.5669E+00
 95.000  0.5116E+00
100.000  0.4660E+00
105.000  0.4302E+00
110.000  0.4051E+00
115.000  0.3920E+00
120.000  0.3921E+00
125.000  0.4060E+00
130.000  0.4326E+00
135.000  0.4685E+00
140.000  0.5080E+00
145.000  0.5437E+00
150.000  0.5677E+00
155.000  0.5745E+00
160.000  0.5631E+00
165.000  0.5381E+00
170.000  0.5087E+00
175.000  0.4853E+00
180.000  0.4765E+00
