## total cross sections pulled from TPipA_Tot TGraph2D
## using the interpolate function

## for use with Nakai
A | KE | XS
27  23  127
27  37  341
27  52  599
27  68  814
27  83  989
27  100  1110
27  125  1157
27  151  1167
27  187  1116
27  233  1014
27  280  867
48  23  490
48  37  828
48  52  1265
48  68  1508
48  83  1638
48  100  1698
48  125  1701
48  151  1675
48  187  1609
48  233  1481
48  280  1341
63  23  528
63  37  966
63  52  1487
63  68  1782
63  83  1998
63  100  2032
63  125  2040
63  151  1992
63  187  1915
63  233  1774
63  280  1626
120  23  1108
120  37  1710
120  52  2352
120  68  2632
120  83  2914
120  100  3232
120  125  3182
120  151  3122
120  187  2973
120  233  2747
120  280  2506
197  23  1157
197  37  1838
197  52  2567
197  68  3345
197  83  3994
197  100  4030
197  125  3958
197  151  3877
197  187  3763
197  233  3694
197  280  3497

## for use with Bowles
A | KE | XS
9  50  182
9  100  454
16  50  340
16  100  711
58  50  1375
58  100  1941

## for use with Lehmann
A | KE | XS
2  70  130
2  118  169
2  162  192
2  239  164
2  330  119
3  70  151
3  118  207
3  162  253
3  239  215
3  330  146
4  70  172
4  118  259
4  162  313
4  239  264
4  330  173
