0.0 0.000000
25.0 11.965821
50.0 29.880722
75.0 48.528254
100.0 67.175785
125.0 79.272973
150.0 91.370160
175.0 99.585690
200.0 107.801220
225.0 110.626570
250.0 113.451920
275.0 107.138440
300.0 100.824960
325.0 92.670530
350.0 84.516100
375.0 78.350160
400.0 72.184220
425.0 67.863780
450.0 63.543340
475.0 60.692630
500.0 57.841920
525.0 56.900130
550.0 55.958340
575.0 55.630970
600.0 55.303600
625.0 55.790050
650.0 56.276500
675.0 57.515680
700.0 58.754860
725.0 60.267250
750.0 61.779640
775.0 63.645920
800.0 65.512200
825.0 67.039570
850.0 68.566940
875.0 69.233220
900.0 69.899500
925.0 69.530050
950.0 69.160600
975.0 68.791150
1000.0 68.421700
1025.0 68.052250
