0.0 31.567210
25.0 77.093580
50.0 129.095645
75.0 180.423470
100.0 223.582918
125.0 261.296781
150.0 278.236293
175.0 293.011199
200.0 304.539196
225.0 298.503431
250.0 284.994095
275.0 259.154243
300.0 233.314390
325.0 209.293791
350.0 188.002074
375.0 169.121417
400.0 150.240760
425.0 138.980280
450.0 127.719800
475.0 124.960400
500.0 122.201000
525.0 121.807600
550.0 121.414200
575.0 121.646600
600.0 121.879000
625.0 123.388700
650.0 124.898400
675.0 127.088800
700.0 129.279200
725.0 132.283800
750.0 135.288400
775.0 138.993900
800.0 142.699400
825.0 146.060800
850.0 149.422200
875.0 150.961100
900.0 152.500000
925.0 151.850400
950.0 151.200800
975.0 150.551200
1000.0 149.901600
1025.0 149.252000
