0.0 0.000000
25.0 417.359266
50.0 819.543914
75.0 1093.709470
100.0 1294.771322
125.0 1447.097372
150.0 1508.911514
175.0 1518.968634
200.0 1451.390218
225.0 1377.367480
250.0 1303.522138
275.0 1236.830704
300.0 1170.139269
325.0 1110.577360
350.0 1061.709737
375.0 1021.927369
400.0 982.145002
425.0 962.711601
450.0 943.278200
475.0 938.546400
500.0 933.814600
525.0 934.724600
550.0 935.634600
575.0 934.997600
600.0 934.360600
625.0 935.532300
650.0 936.704000
675.0 943.939100
700.0 951.174200
725.0 959.615000
750.0 968.055800
775.0 976.678500
800.0 985.301200
825.0 994.128600
850.0 1002.956000
875.0 1012.136500
900.0 1021.317000
925.0 1018.399250
950.0 1015.481500
975.0 1012.563750
1000.0 1009.646000
1025.0 1006.728250
