#  FA07K 2700 MEV P(202) CHI/DP=49261/24376   SU07         SM05  12/20/ 8  
#     PI-P  DSG  AT Elab =  1000.00      12/20/ 8  
#     Acm     Obs,Err
     0.000  0.8245E+01  0.0000E+00
     5.000  0.6786E+01  0.0000E+00
    10.000  0.4987E+01  0.0000E+00
    15.000  0.4573E+01  0.0000E+00
    20.000  0.4879E+01  0.0000E+00
    25.000  0.5279E+01  0.0000E+00
    30.000  0.5528E+01  0.0000E+00
    35.000  0.5560E+01  0.0000E+00
    40.000  0.5369E+01  0.0000E+00
    45.000  0.4977E+01  0.0000E+00
    50.000  0.4426E+01  0.0000E+00
    55.000  0.3769E+01  0.0000E+00
    60.000  0.3071E+01  0.0000E+00
    65.000  0.2395E+01  0.0000E+00
    70.000  0.1798E+01  0.0000E+00
    75.000  0.1325E+01  0.0000E+00
    80.000  0.1001E+01  0.0000E+00
    85.000  0.8303E+00  0.0000E+00
    90.000  0.7971E+00  0.0000E+00
    95.000  0.8716E+00  0.0000E+00
   100.000  0.1016E+01  0.0000E+00
   105.000  0.1193E+01  0.0000E+00
   110.000  0.1370E+01  0.0000E+00
   115.000  0.1530E+01  0.0000E+00
   120.000  0.1669E+01  0.0000E+00
   125.000  0.1799E+01  0.0000E+00
   130.000  0.1941E+01  0.0000E+00
   135.000  0.2122E+01  0.0000E+00
   140.000  0.2366E+01  0.0000E+00
   145.000  0.2686E+01  0.0000E+00
   150.000  0.3082E+01  0.0000E+00
   155.000  0.3533E+01  0.0000E+00
   160.000  0.4003E+01  0.0000E+00
   165.000  0.4445E+01  0.0000E+00
   170.000  0.4809E+01  0.0000E+00
   175.000  0.5048E+01  0.0000E+00
   180.000  0.5131E+01  0.0000E+00
