#  FA07K 2700 MEV P(202) CHI/DP=49261/24376   SU07         SM05  12/20/ 8  
#     PI-P  DSG  AT Elab =  1100.00      12/20/ 8  
#     Acm     Obs,Err
     0.000  0.6542E+01  0.0000E+00
     5.000  0.5172E+01  0.0000E+00
    10.000  0.3761E+01  0.0000E+00
    15.000  0.3729E+01  0.0000E+00
    20.000  0.4226E+01  0.0000E+00
    25.000  0.4682E+01  0.0000E+00
    30.000  0.4924E+01  0.0000E+00
    35.000  0.4923E+01  0.0000E+00
    40.000  0.4693E+01  0.0000E+00
    45.000  0.4272E+01  0.0000E+00
    50.000  0.3709E+01  0.0000E+00
    55.000  0.3069E+01  0.0000E+00
    60.000  0.2417E+01  0.0000E+00
    65.000  0.1817E+01  0.0000E+00
    70.000  0.1318E+01  0.0000E+00
    75.000  0.9493E+00  0.0000E+00
    80.000  0.7147E+00  0.0000E+00
    85.000  0.5983E+00  0.0000E+00
    90.000  0.5686E+00  0.0000E+00
    95.000  0.5886E+00  0.0000E+00
   100.000  0.6254E+00  0.0000E+00
   105.000  0.6569E+00  0.0000E+00
   110.000  0.6767E+00  0.0000E+00
   115.000  0.6925E+00  0.0000E+00
   120.000  0.7224E+00  0.0000E+00
   125.000  0.7879E+00  0.0000E+00
   130.000  0.9065E+00  0.0000E+00
   135.000  0.1086E+01  0.0000E+00
   140.000  0.1321E+01  0.0000E+00
   145.000  0.1595E+01  0.0000E+00
   150.000  0.1882E+01  0.0000E+00
   155.000  0.2155E+01  0.0000E+00
   160.000  0.2392E+01  0.0000E+00
   165.000  0.2578E+01  0.0000E+00
   170.000  0.2708E+01  0.0000E+00
   175.000  0.2783E+01  0.0000E+00
   180.000  0.2808E+01  0.0000E+00
