#  FA07K 2700 MEV P(202) CHI/DP=49261/24376   SU07         SM05  12/20/ 8  
#     PI-P  DSG  AT Elab =  1150.00      12/20/ 8  
#     Acm     Obs,Err
     0.000  0.6108E+01  0.0000E+00
     5.000  0.4738E+01  0.0000E+00
    10.000  0.3409E+01  0.0000E+00
    15.000  0.3425E+01  0.0000E+00
    20.000  0.3886E+01  0.0000E+00
    25.000  0.4267E+01  0.0000E+00
    30.000  0.4435E+01  0.0000E+00
    35.000  0.4385E+01  0.0000E+00
    40.000  0.4143E+01  0.0000E+00
    45.000  0.3747E+01  0.0000E+00
    50.000  0.3243E+01  0.0000E+00
    55.000  0.2686E+01  0.0000E+00
    60.000  0.2128E+01  0.0000E+00
    65.000  0.1618E+01  0.0000E+00
    70.000  0.1194E+01  0.0000E+00
    75.000  0.8750E+00  0.0000E+00
    80.000  0.6617E+00  0.0000E+00
    85.000  0.5387E+00  0.0000E+00
    90.000  0.4800E+00  0.0000E+00
    95.000  0.4573E+00  0.0000E+00
   100.000  0.4470E+00  0.0000E+00
   105.000  0.4357E+00  0.0000E+00
   110.000  0.4220E+00  0.0000E+00
   115.000  0.4150E+00  0.0000E+00
   120.000  0.4297E+00  0.0000E+00
   125.000  0.4812E+00  0.0000E+00
   130.000  0.5792E+00  0.0000E+00
   135.000  0.7238E+00  0.0000E+00
   140.000  0.9051E+00  0.0000E+00
   145.000  0.1105E+01  0.0000E+00
   150.000  0.1301E+01  0.0000E+00
   155.000  0.1474E+01  0.0000E+00
   160.000  0.1610E+01  0.0000E+00
   165.000  0.1705E+01  0.0000E+00
   170.000  0.1762E+01  0.0000E+00
   175.000  0.1790E+01  0.0000E+00
   180.000  0.1799E+01  0.0000E+00
