#  FA07K 2700 MEV P(202) CHI/DP=49261/24376   SU07         SM05  12/20/ 8  
#     PI-P  DSG  AT Elab =   180.00      12/20/ 8  
#     Acm     Obs,Err
     0.000  0.8360E+01  0.0000E+00
     5.000  0.8335E+01  0.0000E+00
    10.000  0.8265E+01  0.0000E+00
    15.000  0.8162E+01  0.0000E+00
    20.000  0.8042E+01  0.0000E+00
    25.000  0.7925E+01  0.0000E+00
    30.000  0.7826E+01  0.0000E+00
    35.000  0.7760E+01  0.0000E+00
    40.000  0.7734E+01  0.0000E+00
    45.000  0.7752E+01  0.0000E+00
    50.000  0.7815E+01  0.0000E+00
    55.000  0.7918E+01  0.0000E+00
    60.000  0.8057E+01  0.0000E+00
    65.000  0.8226E+01  0.0000E+00
    70.000  0.8419E+01  0.0000E+00
    75.000  0.8628E+01  0.0000E+00
    80.000  0.8849E+01  0.0000E+00
    85.000  0.9076E+01  0.0000E+00
    90.000  0.9304E+01  0.0000E+00
    95.000  0.9529E+01  0.0000E+00
   100.000  0.9748E+01  0.0000E+00
   105.000  0.9957E+01  0.0000E+00
   110.000  0.1015E+02  0.0000E+00
   115.000  0.1034E+02  0.0000E+00
   120.000  0.1051E+02  0.0000E+00
   125.000  0.1066E+02  0.0000E+00
   130.000  0.1080E+02  0.0000E+00
   135.000  0.1093E+02  0.0000E+00
   140.000  0.1104E+02  0.0000E+00
   145.000  0.1113E+02  0.0000E+00
   150.000  0.1122E+02  0.0000E+00
   155.000  0.1128E+02  0.0000E+00
   160.000  0.1134E+02  0.0000E+00
   165.000  0.1138E+02  0.0000E+00
   170.000  0.1142E+02  0.0000E+00
   175.000  0.1143E+02  0.0000E+00
   180.000  0.1144E+02  0.0000E+00
