#  FA07K 2700 MEV P(202) CHI/DP=49261/24376   SU07         SM05  12/20/ 8  
#     PI-P  DSG  AT Elab =   200.00      12/20/ 8  
#     Acm     Obs,Err
     0.000  0.8680E+01  0.0000E+00
     5.000  0.8630E+01  0.0000E+00
    10.000  0.8491E+01  0.0000E+00
    15.000  0.8297E+01  0.0000E+00
    20.000  0.8093E+01  0.0000E+00
    25.000  0.7919E+01  0.0000E+00
    30.000  0.7812E+01  0.0000E+00
    35.000  0.7789E+01  0.0000E+00
    40.000  0.7859E+01  0.0000E+00
    45.000  0.8017E+01  0.0000E+00
    50.000  0.8253E+01  0.0000E+00
    55.000  0.8554E+01  0.0000E+00
    60.000  0.8905E+01  0.0000E+00
    65.000  0.9290E+01  0.0000E+00
    70.000  0.9697E+01  0.0000E+00
    75.000  0.1011E+02  0.0000E+00
    80.000  0.1053E+02  0.0000E+00
    85.000  0.1094E+02  0.0000E+00
    90.000  0.1134E+02  0.0000E+00
    95.000  0.1172E+02  0.0000E+00
   100.000  0.1207E+02  0.0000E+00
   105.000  0.1240E+02  0.0000E+00
   110.000  0.1270E+02  0.0000E+00
   115.000  0.1298E+02  0.0000E+00
   120.000  0.1322E+02  0.0000E+00
   125.000  0.1344E+02  0.0000E+00
   130.000  0.1363E+02  0.0000E+00
   135.000  0.1379E+02  0.0000E+00
   140.000  0.1393E+02  0.0000E+00
   145.000  0.1405E+02  0.0000E+00
   150.000  0.1415E+02  0.0000E+00
   155.000  0.1423E+02  0.0000E+00
   160.000  0.1430E+02  0.0000E+00
   165.000  0.1435E+02  0.0000E+00
   170.000  0.1438E+02  0.0000E+00
   175.000  0.1441E+02  0.0000E+00
   180.000  0.1441E+02  0.0000E+00
