#  FA07K 2700 MEV P(202) CHI/DP=49261/24376   SU07         SM05  12/20/ 8  
#     PI-P  DSG  AT Elab =   260.00      12/20/ 8  
#     Acm     Obs,Err
     0.000  0.6047E+01  0.0000E+00
     5.000  0.5963E+01  0.0000E+00
    10.000  0.5769E+01  0.0000E+00
    15.000  0.5605E+01  0.0000E+00
    20.000  0.5614E+01  0.0000E+00
    25.000  0.5885E+01  0.0000E+00
    30.000  0.6437E+01  0.0000E+00
    35.000  0.7241E+01  0.0000E+00
    40.000  0.8241E+01  0.0000E+00
    45.000  0.9375E+01  0.0000E+00
    50.000  0.1059E+02  0.0000E+00
    55.000  0.1184E+02  0.0000E+00
    60.000  0.1309E+02  0.0000E+00
    65.000  0.1432E+02  0.0000E+00
    70.000  0.1550E+02  0.0000E+00
    75.000  0.1662E+02  0.0000E+00
    80.000  0.1767E+02  0.0000E+00
    85.000  0.1863E+02  0.0000E+00
    90.000  0.1951E+02  0.0000E+00
    95.000  0.2029E+02  0.0000E+00
   100.000  0.2097E+02  0.0000E+00
   105.000  0.2156E+02  0.0000E+00
   110.000  0.2204E+02  0.0000E+00
   115.000  0.2243E+02  0.0000E+00
   120.000  0.2274E+02  0.0000E+00
   125.000  0.2297E+02  0.0000E+00
   130.000  0.2313E+02  0.0000E+00
   135.000  0.2323E+02  0.0000E+00
   140.000  0.2329E+02  0.0000E+00
   145.000  0.2332E+02  0.0000E+00
   150.000  0.2333E+02  0.0000E+00
   155.000  0.2333E+02  0.0000E+00
   160.000  0.2332E+02  0.0000E+00
   165.000  0.2331E+02  0.0000E+00
   170.000  0.2330E+02  0.0000E+00
   175.000  0.2330E+02  0.0000E+00
   180.000  0.2330E+02  0.0000E+00
