#  FA07K 2700 MEV P(202) CHI/DP=49261/24376   SU07         SM05  12/20/ 8  
#     PI-P  DSG  AT Elab =   320.00      12/20/ 8  
#     Acm     Obs,Err
     0.000  0.1343E+02  0.0000E+00
     5.000  0.1315E+02  0.0000E+00
    10.000  0.1251E+02  0.0000E+00
    15.000  0.1186E+02  0.0000E+00
    20.000  0.1153E+02  0.0000E+00
    25.000  0.1166E+02  0.0000E+00
    30.000  0.1222E+02  0.0000E+00
    35.000  0.1311E+02  0.0000E+00
    40.000  0.1422E+02  0.0000E+00
    45.000  0.1544E+02  0.0000E+00
    50.000  0.1672E+02  0.0000E+00
    55.000  0.1798E+02  0.0000E+00
    60.000  0.1921E+02  0.0000E+00
    65.000  0.2035E+02  0.0000E+00
    70.000  0.2140E+02  0.0000E+00
    75.000  0.2235E+02  0.0000E+00
    80.000  0.2317E+02  0.0000E+00
    85.000  0.2386E+02  0.0000E+00
    90.000  0.2442E+02  0.0000E+00
    95.000  0.2485E+02  0.0000E+00
   100.000  0.2515E+02  0.0000E+00
   105.000  0.2533E+02  0.0000E+00
   110.000  0.2539E+02  0.0000E+00
   115.000  0.2535E+02  0.0000E+00
   120.000  0.2523E+02  0.0000E+00
   125.000  0.2504E+02  0.0000E+00
   130.000  0.2479E+02  0.0000E+00
   135.000  0.2452E+02  0.0000E+00
   140.000  0.2423E+02  0.0000E+00
   145.000  0.2395E+02  0.0000E+00
   150.000  0.2368E+02  0.0000E+00
   155.000  0.2345E+02  0.0000E+00
   160.000  0.2325E+02  0.0000E+00
   165.000  0.2309E+02  0.0000E+00
   170.000  0.2298E+02  0.0000E+00
   175.000  0.2291E+02  0.0000E+00
   180.000  0.2289E+02  0.0000E+00
