#  FA07K 2700 MEV P(202) CHI/DP=49261/24376   SU07         SM05  12/20/ 8  
#     PI-P  DSG  AT Elab =   340.00      12/20/ 8  
#     Acm     Obs,Err
     0.000  0.1801E+02  0.0000E+00
     5.000  0.1755E+02  0.0000E+00
    10.000  0.1643E+02  0.0000E+00
    15.000  0.1518E+02  0.0000E+00
    20.000  0.1423E+02  0.0000E+00
    25.000  0.1377E+02  0.0000E+00
    30.000  0.1378E+02  0.0000E+00
    35.000  0.1415E+02  0.0000E+00
    40.000  0.1476E+02  0.0000E+00
    45.000  0.1550E+02  0.0000E+00
    50.000  0.1631E+02  0.0000E+00
    55.000  0.1711E+02  0.0000E+00
    60.000  0.1789E+02  0.0000E+00
    65.000  0.1860E+02  0.0000E+00
    70.000  0.1923E+02  0.0000E+00
    75.000  0.1976E+02  0.0000E+00
    80.000  0.2019E+02  0.0000E+00
    85.000  0.2052E+02  0.0000E+00
    90.000  0.2074E+02  0.0000E+00
    95.000  0.2087E+02  0.0000E+00
   100.000  0.2090E+02  0.0000E+00
   105.000  0.2085E+02  0.0000E+00
   110.000  0.2073E+02  0.0000E+00
   115.000  0.2056E+02  0.0000E+00
   120.000  0.2034E+02  0.0000E+00
   125.000  0.2008E+02  0.0000E+00
   130.000  0.1981E+02  0.0000E+00
   135.000  0.1954E+02  0.0000E+00
   140.000  0.1927E+02  0.0000E+00
   145.000  0.1903E+02  0.0000E+00
   150.000  0.1880E+02  0.0000E+00
   155.000  0.1861E+02  0.0000E+00
   160.000  0.1845E+02  0.0000E+00
   165.000  0.1833E+02  0.0000E+00
   170.000  0.1824E+02  0.0000E+00
   175.000  0.1819E+02  0.0000E+00
   180.000  0.1817E+02  0.0000E+00
