#  FA07K 2700 MEV P(202) CHI/DP=49261/24376   SU07         SM05  12/20/ 8  
#     PI-P  DSG  AT Elab =   360.00      12/20/ 8  
#     Acm     Obs,Err
     0.000  0.2080E+02  0.0000E+00
     5.000  0.2017E+02  0.0000E+00
    10.000  0.1862E+02  0.0000E+00
    15.000  0.1683E+02  0.0000E+00
    20.000  0.1536E+02  0.0000E+00
    25.000  0.1443E+02  0.0000E+00
    30.000  0.1399E+02  0.0000E+00
    35.000  0.1394E+02  0.0000E+00
    40.000  0.1414E+02  0.0000E+00
    45.000  0.1448E+02  0.0000E+00
    50.000  0.1488E+02  0.0000E+00
    55.000  0.1531E+02  0.0000E+00
    60.000  0.1570E+02  0.0000E+00
    65.000  0.1605E+02  0.0000E+00
    70.000  0.1633E+02  0.0000E+00
    75.000  0.1654E+02  0.0000E+00
    80.000  0.1666E+02  0.0000E+00
    85.000  0.1671E+02  0.0000E+00
    90.000  0.1668E+02  0.0000E+00
    95.000  0.1659E+02  0.0000E+00
   100.000  0.1645E+02  0.0000E+00
   105.000  0.1626E+02  0.0000E+00
   110.000  0.1605E+02  0.0000E+00
   115.000  0.1582E+02  0.0000E+00
   120.000  0.1559E+02  0.0000E+00
   125.000  0.1535E+02  0.0000E+00
   130.000  0.1513E+02  0.0000E+00
   135.000  0.1492E+02  0.0000E+00
   140.000  0.1474E+02  0.0000E+00
   145.000  0.1458E+02  0.0000E+00
   150.000  0.1445E+02  0.0000E+00
   155.000  0.1434E+02  0.0000E+00
   160.000  0.1426E+02  0.0000E+00
   165.000  0.1419E+02  0.0000E+00
   170.000  0.1415E+02  0.0000E+00
   175.000  0.1413E+02  0.0000E+00
   180.000  0.1412E+02  0.0000E+00
