#  FA07K 2700 MEV P(202) CHI/DP=49261/24376   SU07         SM05  12/20/ 8  
#     PI-P  DSG  AT Elab =   380.00      12/20/ 8  
#     Acm     Obs,Err
     0.000  0.2199E+02  0.0000E+00
     5.000  0.2123E+02  0.0000E+00
    10.000  0.1934E+02  0.0000E+00
    15.000  0.1718E+02  0.0000E+00
    20.000  0.1538E+02  0.0000E+00
    25.000  0.1416E+02  0.0000E+00
    30.000  0.1347E+02  0.0000E+00
    35.000  0.1316E+02  0.0000E+00
    40.000  0.1311E+02  0.0000E+00
    45.000  0.1320E+02  0.0000E+00
    50.000  0.1336E+02  0.0000E+00
    55.000  0.1353E+02  0.0000E+00
    60.000  0.1369E+02  0.0000E+00
    65.000  0.1380E+02  0.0000E+00
    70.000  0.1386E+02  0.0000E+00
    75.000  0.1386E+02  0.0000E+00
    80.000  0.1379E+02  0.0000E+00
    85.000  0.1367E+02  0.0000E+00
    90.000  0.1349E+02  0.0000E+00
    95.000  0.1329E+02  0.0000E+00
   100.000  0.1305E+02  0.0000E+00
   105.000  0.1281E+02  0.0000E+00
   110.000  0.1257E+02  0.0000E+00
   115.000  0.1235E+02  0.0000E+00
   120.000  0.1214E+02  0.0000E+00
   125.000  0.1197E+02  0.0000E+00
   130.000  0.1182E+02  0.0000E+00
   135.000  0.1170E+02  0.0000E+00
   140.000  0.1161E+02  0.0000E+00
   145.000  0.1155E+02  0.0000E+00
   150.000  0.1151E+02  0.0000E+00
   155.000  0.1149E+02  0.0000E+00
   160.000  0.1148E+02  0.0000E+00
   165.000  0.1148E+02  0.0000E+00
   170.000  0.1148E+02  0.0000E+00
   175.000  0.1149E+02  0.0000E+00
   180.000  0.1149E+02  0.0000E+00
