#  FA07K 2700 MEV P(202) CHI/DP=49261/24376   SU07         SM05  12/20/ 8  
#     PI-P  DSG  AT Elab =   400.00      12/20/ 8  
#     Acm     Obs,Err
     0.000  0.2228E+02  0.0000E+00
     5.000  0.2140E+02  0.0000E+00
    10.000  0.1927E+02  0.0000E+00
    15.000  0.1686E+02  0.0000E+00
    20.000  0.1487E+02  0.0000E+00
    25.000  0.1352E+02  0.0000E+00
    30.000  0.1271E+02  0.0000E+00
    35.000  0.1229E+02  0.0000E+00
    40.000  0.1211E+02  0.0000E+00
    45.000  0.1207E+02  0.0000E+00
    50.000  0.1208E+02  0.0000E+00
    55.000  0.1211E+02  0.0000E+00
    60.000  0.1213E+02  0.0000E+00
    65.000  0.1211E+02  0.0000E+00
    70.000  0.1204E+02  0.0000E+00
    75.000  0.1192E+02  0.0000E+00
    80.000  0.1174E+02  0.0000E+00
    85.000  0.1153E+02  0.0000E+00
    90.000  0.1128E+02  0.0000E+00
    95.000  0.1102E+02  0.0000E+00
   100.000  0.1075E+02  0.0000E+00
   105.000  0.1050E+02  0.0000E+00
   110.000  0.1027E+02  0.0000E+00
   115.000  0.1007E+02  0.0000E+00
   120.000  0.9909E+01  0.0000E+00
   125.000  0.9791E+01  0.0000E+00
   130.000  0.9715E+01  0.0000E+00
   135.000  0.9677E+01  0.0000E+00
   140.000  0.9674E+01  0.0000E+00
   145.000  0.9698E+01  0.0000E+00
   150.000  0.9743E+01  0.0000E+00
   155.000  0.9799E+01  0.0000E+00
   160.000  0.9859E+01  0.0000E+00
   165.000  0.9915E+01  0.0000E+00
   170.000  0.9960E+01  0.0000E+00
   175.000  0.9989E+01  0.0000E+00
   180.000  0.1000E+02  0.0000E+00
