#  FA07K 2700 MEV P(202) CHI/DP=49261/24376   SU07         SM05  12/20/ 8  
#     PI-P  DSG  AT Elab =   500.00      12/20/ 8  
#     Acm     Obs,Err
     0.000  0.2193E+02  0.0000E+00
     5.000  0.2064E+02  0.0000E+00
    10.000  0.1773E+02  0.0000E+00
    15.000  0.1480E+02  0.0000E+00
    20.000  0.1267E+02  0.0000E+00
    25.000  0.1133E+02  0.0000E+00
    30.000  0.1054E+02  0.0000E+00
    35.000  0.1006E+02  0.0000E+00
    40.000  0.9752E+01  0.0000E+00
    45.000  0.9520E+01  0.0000E+00
    50.000  0.9314E+01  0.0000E+00
    55.000  0.9107E+01  0.0000E+00
    60.000  0.8882E+01  0.0000E+00
    65.000  0.8630E+01  0.0000E+00
    70.000  0.8349E+01  0.0000E+00
    75.000  0.8043E+01  0.0000E+00
    80.000  0.7720E+01  0.0000E+00
    85.000  0.7392E+01  0.0000E+00
    90.000  0.7075E+01  0.0000E+00
    95.000  0.6786E+01  0.0000E+00
   100.000  0.6540E+01  0.0000E+00
   105.000  0.6348E+01  0.0000E+00
   110.000  0.6221E+01  0.0000E+00
   115.000  0.6163E+01  0.0000E+00
   120.000  0.6177E+01  0.0000E+00
   125.000  0.6260E+01  0.0000E+00
   130.000  0.6407E+01  0.0000E+00
   135.000  0.6609E+01  0.0000E+00
   140.000  0.6855E+01  0.0000E+00
   145.000  0.7131E+01  0.0000E+00
   150.000  0.7423E+01  0.0000E+00
   155.000  0.7711E+01  0.0000E+00
   160.000  0.7980E+01  0.0000E+00
   165.000  0.8210E+01  0.0000E+00
   170.000  0.8388E+01  0.0000E+00
   175.000  0.8499E+01  0.0000E+00
   180.000  0.8537E+01  0.0000E+00
