#  FA07K 2700 MEV P(202) CHI/DP=49261/24376   SU07         SM05  12/20/ 8  
#     PI-P  DSG  AT Elab =   550.00      12/20/ 8  
#     Acm     Obs,Err
     0.000  0.2314E+02  0.0000E+00
     5.000  0.2162E+02  0.0000E+00
    10.000  0.1830E+02  0.0000E+00
    15.000  0.1513E+02  0.0000E+00
    20.000  0.1291E+02  0.0000E+00
    25.000  0.1154E+02  0.0000E+00
    30.000  0.1072E+02  0.0000E+00
    35.000  0.1018E+02  0.0000E+00
    40.000  0.9783E+01  0.0000E+00
    45.000  0.9452E+01  0.0000E+00
    50.000  0.9142E+01  0.0000E+00
    55.000  0.8831E+01  0.0000E+00
    60.000  0.8507E+01  0.0000E+00
    65.000  0.8164E+01  0.0000E+00
    70.000  0.7803E+01  0.0000E+00
    75.000  0.7430E+01  0.0000E+00
    80.000  0.7055E+01  0.0000E+00
    85.000  0.6690E+01  0.0000E+00
    90.000  0.6350E+01  0.0000E+00
    95.000  0.6049E+01  0.0000E+00
   100.000  0.5801E+01  0.0000E+00
   105.000  0.5614E+01  0.0000E+00
   110.000  0.5497E+01  0.0000E+00
   115.000  0.5453E+01  0.0000E+00
   120.000  0.5481E+01  0.0000E+00
   125.000  0.5580E+01  0.0000E+00
   130.000  0.5745E+01  0.0000E+00
   135.000  0.5967E+01  0.0000E+00
   140.000  0.6236E+01  0.0000E+00
   145.000  0.6540E+01  0.0000E+00
   150.000  0.6863E+01  0.0000E+00
   155.000  0.7185E+01  0.0000E+00
   160.000  0.7488E+01  0.0000E+00
   165.000  0.7750E+01  0.0000E+00
   170.000  0.7953E+01  0.0000E+00
   175.000  0.8082E+01  0.0000E+00
   180.000  0.8126E+01  0.0000E+00
