#  FA07K 2700 MEV P(202) CHI/DP=49261/24376   SU07         SM05  12/20/ 8  
#     PI-P  DSG  AT Elab =   650.00      12/20/ 8  
#     Acm     Obs,Err
     0.000  0.2472E+02  0.0000E+00
     5.000  0.2278E+02  0.0000E+00
    10.000  0.1883E+02  0.0000E+00
    15.000  0.1542E+02  0.0000E+00
    20.000  0.1324E+02  0.0000E+00
    25.000  0.1195E+02  0.0000E+00
    30.000  0.1116E+02  0.0000E+00
    35.000  0.1061E+02  0.0000E+00
    40.000  0.1018E+02  0.0000E+00
    45.000  0.9790E+01  0.0000E+00
    50.000  0.9418E+01  0.0000E+00
    55.000  0.9045E+01  0.0000E+00
    60.000  0.8663E+01  0.0000E+00
    65.000  0.8270E+01  0.0000E+00
    70.000  0.7871E+01  0.0000E+00
    75.000  0.7471E+01  0.0000E+00
    80.000  0.7080E+01  0.0000E+00
    85.000  0.6711E+01  0.0000E+00
    90.000  0.6376E+01  0.0000E+00
    95.000  0.6085E+01  0.0000E+00
   100.000  0.5850E+01  0.0000E+00
   105.000  0.5677E+01  0.0000E+00
   110.000  0.5570E+01  0.0000E+00
   115.000  0.5534E+01  0.0000E+00
   120.000  0.5569E+01  0.0000E+00
   125.000  0.5676E+01  0.0000E+00
   130.000  0.5855E+01  0.0000E+00
   135.000  0.6101E+01  0.0000E+00
   140.000  0.6410E+01  0.0000E+00
   145.000  0.6770E+01  0.0000E+00
   150.000  0.7166E+01  0.0000E+00
   155.000  0.7576E+01  0.0000E+00
   160.000  0.7972E+01  0.0000E+00
   165.000  0.8323E+01  0.0000E+00
   170.000  0.8600E+01  0.0000E+00
   175.000  0.8778E+01  0.0000E+00
   180.000  0.8839E+01  0.0000E+00
