#  FA07K 2700 MEV P(202) CHI/DP=49261/24376   SU07         SM05  12/20/ 8  
#     PI-P  DSG  AT Elab =   700.00      12/20/ 8  
#     Acm     Obs,Err
     0.000  0.2502E+02  0.0000E+00
     5.000  0.2293E+02  0.0000E+00
    10.000  0.1883E+02  0.0000E+00
    15.000  0.1547E+02  0.0000E+00
    20.000  0.1339E+02  0.0000E+00
    25.000  0.1218E+02  0.0000E+00
    30.000  0.1142E+02  0.0000E+00
    35.000  0.1086E+02  0.0000E+00
    40.000  0.1040E+02  0.0000E+00
    45.000  0.9984E+01  0.0000E+00
    50.000  0.9579E+01  0.0000E+00
    55.000  0.9177E+01  0.0000E+00
    60.000  0.8775E+01  0.0000E+00
    65.000  0.8373E+01  0.0000E+00
    70.000  0.7974E+01  0.0000E+00
    75.000  0.7586E+01  0.0000E+00
    80.000  0.7216E+01  0.0000E+00
    85.000  0.6875E+01  0.0000E+00
    90.000  0.6573E+01  0.0000E+00
    95.000  0.6319E+01  0.0000E+00
   100.000  0.6122E+01  0.0000E+00
   105.000  0.5989E+01  0.0000E+00
   110.000  0.5925E+01  0.0000E+00
   115.000  0.5936E+01  0.0000E+00
   120.000  0.6026E+01  0.0000E+00
   125.000  0.6200E+01  0.0000E+00
   130.000  0.6463E+01  0.0000E+00
   135.000  0.6815E+01  0.0000E+00
   140.000  0.7252E+01  0.0000E+00
   145.000  0.7764E+01  0.0000E+00
   150.000  0.8330E+01  0.0000E+00
   155.000  0.8918E+01  0.0000E+00
   160.000  0.9491E+01  0.0000E+00
   165.000  0.1000E+02  0.0000E+00
   170.000  0.1041E+02  0.0000E+00
   175.000  0.1067E+02  0.0000E+00
   180.000  0.1076E+02  0.0000E+00
