#  FA07K 2700 MEV P(202) CHI/DP=49261/24376   SU07         SM05  12/20/ 8  
#     PI-P  DSG  AT Elab =   850.00      12/20/ 8  
#     Acm     Obs,Err
     0.000  0.1224E+02  0.0000E+00
     5.000  0.1060E+02  0.0000E+00
    10.000  0.7973E+01  0.0000E+00
    15.000  0.6471E+01  0.0000E+00
    20.000  0.5879E+01  0.0000E+00
    25.000  0.5611E+01  0.0000E+00
    30.000  0.5373E+01  0.0000E+00
    35.000  0.5074E+01  0.0000E+00
    40.000  0.4704E+01  0.0000E+00
    45.000  0.4281E+01  0.0000E+00
    50.000  0.3831E+01  0.0000E+00
    55.000  0.3378E+01  0.0000E+00
    60.000  0.2947E+01  0.0000E+00
    65.000  0.2558E+01  0.0000E+00
    70.000  0.2226E+01  0.0000E+00
    75.000  0.1962E+01  0.0000E+00
    80.000  0.1773E+01  0.0000E+00
    85.000  0.1656E+01  0.0000E+00
    90.000  0.1605E+01  0.0000E+00
    95.000  0.1606E+01  0.0000E+00
   100.000  0.1641E+01  0.0000E+00
   105.000  0.1694E+01  0.0000E+00
   110.000  0.1751E+01  0.0000E+00
   115.000  0.1803E+01  0.0000E+00
   120.000  0.1854E+01  0.0000E+00
   125.000  0.1918E+01  0.0000E+00
   130.000  0.2017E+01  0.0000E+00
   135.000  0.2180E+01  0.0000E+00
   140.000  0.2433E+01  0.0000E+00
   145.000  0.2792E+01  0.0000E+00
   150.000  0.3257E+01  0.0000E+00
   155.000  0.3804E+01  0.0000E+00
   160.000  0.4389E+01  0.0000E+00
   165.000  0.4950E+01  0.0000E+00
   170.000  0.5418E+01  0.0000E+00
   175.000  0.5728E+01  0.0000E+00
   180.000  0.5837E+01  0.0000E+00
