#  FA07K 2700 MEV P(202) CHI/DP=49261/24376   SU07         SM05  12/20/ 8  
#     PI-P  DSG  AT Elab =   900.00      12/20/ 8  
#     Acm     Obs,Err
     0.000  0.1126E+02  0.0000E+00
     5.000  0.9619E+01  0.0000E+00
    10.000  0.7147E+01  0.0000E+00
    15.000  0.5901E+01  0.0000E+00
    20.000  0.5518E+01  0.0000E+00
    25.000  0.5389E+01  0.0000E+00
    30.000  0.5239E+01  0.0000E+00
    35.000  0.4987E+01  0.0000E+00
    40.000  0.4629E+01  0.0000E+00
    45.000  0.4185E+01  0.0000E+00
    50.000  0.3687E+01  0.0000E+00
    55.000  0.3165E+01  0.0000E+00
    60.000  0.2652E+01  0.0000E+00
    65.000  0.2178E+01  0.0000E+00
    70.000  0.1770E+01  0.0000E+00
    75.000  0.1448E+01  0.0000E+00
    80.000  0.1224E+01  0.0000E+00
    85.000  0.1100E+01  0.0000E+00
    90.000  0.1069E+01  0.0000E+00
    95.000  0.1112E+01  0.0000E+00
   100.000  0.1208E+01  0.0000E+00
   105.000  0.1331E+01  0.0000E+00
   110.000  0.1459E+01  0.0000E+00
   115.000  0.1576E+01  0.0000E+00
   120.000  0.1682E+01  0.0000E+00
   125.000  0.1787E+01  0.0000E+00
   130.000  0.1916E+01  0.0000E+00
   135.000  0.2099E+01  0.0000E+00
   140.000  0.2368E+01  0.0000E+00
   145.000  0.2743E+01  0.0000E+00
   150.000  0.3228E+01  0.0000E+00
   155.000  0.3801E+01  0.0000E+00
   160.000  0.4418E+01  0.0000E+00
   165.000  0.5012E+01  0.0000E+00
   170.000  0.5508E+01  0.0000E+00
   175.000  0.5839E+01  0.0000E+00
   180.000  0.5955E+01  0.0000E+00
