#  FA07K 2700 MEV P(202) CHI/DP=49261/24376   SU07         SM05  12/20/ 8  
#     PI-P  DSG  AT Elab =  1050.00      12/20/ 8  
#     Acm     Obs,Err
     0.000  0.7321E+01  0.0000E+00
     5.000  0.5920E+01  0.0000E+00
    10.000  0.4361E+01  0.0000E+00
    15.000  0.4214E+01  0.0000E+00
    20.000  0.4703E+01  0.0000E+00
    25.000  0.5214E+01  0.0000E+00
    30.000  0.5530E+01  0.0000E+00
    35.000  0.5591E+01  0.0000E+00
    40.000  0.5399E+01  0.0000E+00
    45.000  0.4980E+01  0.0000E+00
    50.000  0.4385E+01  0.0000E+00
    55.000  0.3679E+01  0.0000E+00
    60.000  0.2938E+01  0.0000E+00
    65.000  0.2236E+01  0.0000E+00
    70.000  0.1636E+01  0.0000E+00
    75.000  0.1179E+01  0.0000E+00
    80.000  0.8816E+00  0.0000E+00
    85.000  0.7367E+00  0.0000E+00
    90.000  0.7157E+00  0.0000E+00
    95.000  0.7790E+00  0.0000E+00
   100.000  0.8855E+00  0.0000E+00
   105.000  0.1001E+01  0.0000E+00
   110.000  0.1107E+01  0.0000E+00
   115.000  0.1199E+01  0.0000E+00
   120.000  0.1288E+01  0.0000E+00
   125.000  0.1395E+01  0.0000E+00
   130.000  0.1541E+01  0.0000E+00
   135.000  0.1745E+01  0.0000E+00
   140.000  0.2014E+01  0.0000E+00
   145.000  0.2342E+01  0.0000E+00
   150.000  0.2710E+01  0.0000E+00
   155.000  0.3092E+01  0.0000E+00
   160.000  0.3455E+01  0.0000E+00
   165.000  0.3770E+01  0.0000E+00
   170.000  0.4012E+01  0.0000E+00
   175.000  0.4164E+01  0.0000E+00
   180.000  0.4215E+01  0.0000E+00
