#  FA07K 2700 MEV P(202) CHI/DP=49261/24376   SU07         SM05  12/20/ 8  
#     PI-P  DSG  AT Elab =  1200.00      12/20/ 8  
#     Acm     Obs,Err
     0.000  0.6139E+01  0.0000E+00
     5.000  0.4723E+01  0.0000E+00
    10.000  0.3386E+01  0.0000E+00
    15.000  0.3377E+01  0.0000E+00
    20.000  0.3760E+01  0.0000E+00
    25.000  0.4049E+01  0.0000E+00
    30.000  0.4140E+01  0.0000E+00
    35.000  0.4040E+01  0.0000E+00
    40.000  0.3784E+01  0.0000E+00
    45.000  0.3406E+01  0.0000E+00
    50.000  0.2948E+01  0.0000E+00
    55.000  0.2451E+01  0.0000E+00
    60.000  0.1959E+01  0.0000E+00
    65.000  0.1511E+01  0.0000E+00
    70.000  0.1133E+01  0.0000E+00
    75.000  0.8427E+00  0.0000E+00
    80.000  0.6386E+00  0.0000E+00
    85.000  0.5089E+00  0.0000E+00
    90.000  0.4332E+00  0.0000E+00
    95.000  0.3897E+00  0.0000E+00
   100.000  0.3609E+00  0.0000E+00
   105.000  0.3370E+00  0.0000E+00
   110.000  0.3178E+00  0.0000E+00
   115.000  0.3101E+00  0.0000E+00
   120.000  0.3248E+00  0.0000E+00
   125.000  0.3714E+00  0.0000E+00
   130.000  0.4548E+00  0.0000E+00
   135.000  0.5721E+00  0.0000E+00
   140.000  0.7132E+00  0.0000E+00
   145.000  0.8626E+00  0.0000E+00
   150.000  0.1003E+01  0.0000E+00
   155.000  0.1121E+01  0.0000E+00
   160.000  0.1207E+01  0.0000E+00
   165.000  0.1261E+01  0.0000E+00
   170.000  0.1290E+01  0.0000E+00
   175.000  0.1301E+01  0.0000E+00
   180.000  0.1304E+01  0.0000E+00
