#  FA07K 2700 MEV P(202) CHI/DP=49261/24376   SU07         SM05  12/20/ 8  
#     PI-P  DSG  AT Elab =   220.00      12/20/ 8  
#     Acm     Obs,Err
     0.000  0.8095E+01  0.0000E+00
     5.000  0.8023E+01  0.0000E+00
    10.000  0.7832E+01  0.0000E+00
    15.000  0.7585E+01  0.0000E+00
    20.000  0.7359E+01  0.0000E+00
    25.000  0.7224E+01  0.0000E+00
    30.000  0.7221E+01  0.0000E+00
    35.000  0.7366E+01  0.0000E+00
    40.000  0.7653E+01  0.0000E+00
    45.000  0.8062E+01  0.0000E+00
    50.000  0.8568E+01  0.0000E+00
    55.000  0.9143E+01  0.0000E+00
    60.000  0.9765E+01  0.0000E+00
    65.000  0.1041E+02  0.0000E+00
    70.000  0.1106E+02  0.0000E+00
    75.000  0.1171E+02  0.0000E+00
    80.000  0.1233E+02  0.0000E+00
    85.000  0.1293E+02  0.0000E+00
    90.000  0.1349E+02  0.0000E+00
    95.000  0.1401E+02  0.0000E+00
   100.000  0.1449E+02  0.0000E+00
   105.000  0.1493E+02  0.0000E+00
   110.000  0.1532E+02  0.0000E+00
   115.000  0.1566E+02  0.0000E+00
   120.000  0.1595E+02  0.0000E+00
   125.000  0.1621E+02  0.0000E+00
   130.000  0.1642E+02  0.0000E+00
   135.000  0.1660E+02  0.0000E+00
   140.000  0.1675E+02  0.0000E+00
   145.000  0.1687E+02  0.0000E+00
   150.000  0.1696E+02  0.0000E+00
   155.000  0.1704E+02  0.0000E+00
   160.000  0.1710E+02  0.0000E+00
   165.000  0.1715E+02  0.0000E+00
   170.000  0.1718E+02  0.0000E+00
   175.000  0.1720E+02  0.0000E+00
   180.000  0.1721E+02  0.0000E+00
