#  FA07K 2700 MEV P(202) CHI/DP=49261/24376   SU07         SM05  12/20/ 8  
#     PI-P  DSG  AT Elab =   240.00      12/20/ 8  
#     Acm     Obs,Err
     0.000  0.7029E+01  0.0000E+00
     5.000  0.6946E+01  0.0000E+00
    10.000  0.6736E+01  0.0000E+00
    15.000  0.6498E+01  0.0000E+00
    20.000  0.6347E+01  0.0000E+00
    25.000  0.6365E+01  0.0000E+00
    30.000  0.6593E+01  0.0000E+00
    35.000  0.7026E+01  0.0000E+00
    40.000  0.7637E+01  0.0000E+00
    45.000  0.8385E+01  0.0000E+00
    50.000  0.9229E+01  0.0000E+00
    55.000  0.1013E+02  0.0000E+00
    60.000  0.1106E+02  0.0000E+00
    65.000  0.1200E+02  0.0000E+00
    70.000  0.1291E+02  0.0000E+00
    75.000  0.1380E+02  0.0000E+00
    80.000  0.1464E+02  0.0000E+00
    85.000  0.1542E+02  0.0000E+00
    90.000  0.1615E+02  0.0000E+00
    95.000  0.1681E+02  0.0000E+00
   100.000  0.1741E+02  0.0000E+00
   105.000  0.1793E+02  0.0000E+00
   110.000  0.1838E+02  0.0000E+00
   115.000  0.1877E+02  0.0000E+00
   120.000  0.1909E+02  0.0000E+00
   125.000  0.1935E+02  0.0000E+00
   130.000  0.1956E+02  0.0000E+00
   135.000  0.1972E+02  0.0000E+00
   140.000  0.1985E+02  0.0000E+00
   145.000  0.1994E+02  0.0000E+00
   150.000  0.2001E+02  0.0000E+00
   155.000  0.2007E+02  0.0000E+00
   160.000  0.2011E+02  0.0000E+00
   165.000  0.2013E+02  0.0000E+00
   170.000  0.2015E+02  0.0000E+00
   175.000  0.2016E+02  0.0000E+00
   180.000  0.2017E+02  0.0000E+00
