#  FA07K 2700 MEV P(202) CHI/DP=49261/24376   SU07         SM05  12/20/ 8  
#     PI-P  DSG  AT Elab =   280.00      12/20/ 8  
#     Acm     Obs,Err
     0.000  0.6195E+01  0.0000E+00
     5.000  0.6106E+01  0.0000E+00
    10.000  0.5918E+01  0.0000E+00
    15.000  0.5819E+01  0.0000E+00
    20.000  0.5981E+01  0.0000E+00
    25.000  0.6494E+01  0.0000E+00
    30.000  0.7350E+01  0.0000E+00
    35.000  0.8489E+01  0.0000E+00
    40.000  0.9827E+01  0.0000E+00
    45.000  0.1129E+02  0.0000E+00
    50.000  0.1281E+02  0.0000E+00
    55.000  0.1434E+02  0.0000E+00
    60.000  0.1584E+02  0.0000E+00
    65.000  0.1729E+02  0.0000E+00
    70.000  0.1867E+02  0.0000E+00
    75.000  0.1996E+02  0.0000E+00
    80.000  0.2114E+02  0.0000E+00
    85.000  0.2222E+02  0.0000E+00
    90.000  0.2317E+02  0.0000E+00
    95.000  0.2400E+02  0.0000E+00
   100.000  0.2470E+02  0.0000E+00
   105.000  0.2527E+02  0.0000E+00
   110.000  0.2572E+02  0.0000E+00
   115.000  0.2605E+02  0.0000E+00
   120.000  0.2627E+02  0.0000E+00
   125.000  0.2640E+02  0.0000E+00
   130.000  0.2645E+02  0.0000E+00
   135.000  0.2644E+02  0.0000E+00
   140.000  0.2639E+02  0.0000E+00
   145.000  0.2631E+02  0.0000E+00
   150.000  0.2622E+02  0.0000E+00
   155.000  0.2613E+02  0.0000E+00
   160.000  0.2604E+02  0.0000E+00
   165.000  0.2597E+02  0.0000E+00
   170.000  0.2592E+02  0.0000E+00
   175.000  0.2589E+02  0.0000E+00
   180.000  0.2588E+02  0.0000E+00
