#  FA07K 2700 MEV P(202) CHI/DP=49261/24376   SU07         SM05  12/20/ 8  
#     PI-P  DSG  AT Elab =   300.00      12/20/ 8  
#     Acm     Obs,Err
     0.000  0.8660E+01  0.0000E+00
     5.000  0.8521E+01  0.0000E+00
    10.000  0.8219E+01  0.0000E+00
    15.000  0.8009E+01  0.0000E+00
    20.000  0.8118E+01  0.0000E+00
    25.000  0.8642E+01  0.0000E+00
    30.000  0.9556E+01  0.0000E+00
    35.000  0.1077E+02  0.0000E+00
    40.000  0.1219E+02  0.0000E+00
    45.000  0.1372E+02  0.0000E+00
    50.000  0.1530E+02  0.0000E+00
    55.000  0.1686E+02  0.0000E+00
    60.000  0.1838E+02  0.0000E+00
    65.000  0.1983E+02  0.0000E+00
    70.000  0.2118E+02  0.0000E+00
    75.000  0.2243E+02  0.0000E+00
    80.000  0.2354E+02  0.0000E+00
    85.000  0.2453E+02  0.0000E+00
    90.000  0.2538E+02  0.0000E+00
    95.000  0.2608E+02  0.0000E+00
   100.000  0.2664E+02  0.0000E+00
   105.000  0.2706E+02  0.0000E+00
   110.000  0.2734E+02  0.0000E+00
   115.000  0.2750E+02  0.0000E+00
   120.000  0.2755E+02  0.0000E+00
   125.000  0.2750E+02  0.0000E+00
   130.000  0.2738E+02  0.0000E+00
   135.000  0.2721E+02  0.0000E+00
   140.000  0.2701E+02  0.0000E+00
   145.000  0.2679E+02  0.0000E+00
   150.000  0.2657E+02  0.0000E+00
   155.000  0.2638E+02  0.0000E+00
   160.000  0.2621E+02  0.0000E+00
   165.000  0.2607E+02  0.0000E+00
   170.000  0.2597E+02  0.0000E+00
   175.000  0.2591E+02  0.0000E+00
   180.000  0.2589E+02  0.0000E+00
