#  FA07K 2700 MEV P(202) CHI/DP=49261/24376   SU07         SM05  12/20/ 8  
#     PI-P  DSG  AT Elab =   450.00      12/20/ 8  
#     Acm     Obs,Err
     0.000  0.2181E+02  0.0000E+00
     5.000  0.2072E+02  0.0000E+00
    10.000  0.1816E+02  0.0000E+00
    15.000  0.1544E+02  0.0000E+00
    20.000  0.1333E+02  0.0000E+00
    25.000  0.1195E+02  0.0000E+00
    30.000  0.1113E+02  0.0000E+00
    35.000  0.1066E+02  0.0000E+00
    40.000  0.1040E+02  0.0000E+00
    45.000  0.1024E+02  0.0000E+00
    50.000  0.1011E+02  0.0000E+00
    55.000  0.9999E+01  0.0000E+00
    60.000  0.9865E+01  0.0000E+00
    65.000  0.9699E+01  0.0000E+00
    70.000  0.9495E+01  0.0000E+00
    75.000  0.9252E+01  0.0000E+00
    80.000  0.8978E+01  0.0000E+00
    85.000  0.8683E+01  0.0000E+00
    90.000  0.8382E+01  0.0000E+00
    95.000  0.8092E+01  0.0000E+00
   100.000  0.7828E+01  0.0000E+00
   105.000  0.7604E+01  0.0000E+00
   110.000  0.7432E+01  0.0000E+00
   115.000  0.7319E+01  0.0000E+00
   120.000  0.7268E+01  0.0000E+00
   125.000  0.7277E+01  0.0000E+00
   130.000  0.7343E+01  0.0000E+00
   135.000  0.7460E+01  0.0000E+00
   140.000  0.7616E+01  0.0000E+00
   145.000  0.7800E+01  0.0000E+00
   150.000  0.7999E+01  0.0000E+00
   155.000  0.8199E+01  0.0000E+00
   160.000  0.8386E+01  0.0000E+00
   165.000  0.8548E+01  0.0000E+00
   170.000  0.8672E+01  0.0000E+00
   175.000  0.8750E+01  0.0000E+00
   180.000  0.8777E+01  0.0000E+00
