#  FA07K 2700 MEV P(202) CHI/DP=49261/24376   SU07         SM05  12/20/ 8  
#     PI-P  DSG  AT Elab =   600.00      12/20/ 8  
#     Acm     Obs,Err
     0.000  0.2420E+02  0.0000E+00
     5.000  0.2245E+02  0.0000E+00
    10.000  0.1877E+02  0.0000E+00
    15.000  0.1542E+02  0.0000E+00
    20.000  0.1317E+02  0.0000E+00
    25.000  0.1181E+02  0.0000E+00
    30.000  0.1098E+02  0.0000E+00
    35.000  0.1041E+02  0.0000E+00
    40.000  0.9970E+01  0.0000E+00
    45.000  0.9587E+01  0.0000E+00
    50.000  0.9221E+01  0.0000E+00
    55.000  0.8855E+01  0.0000E+00
    60.000  0.8478E+01  0.0000E+00
    65.000  0.8088E+01  0.0000E+00
    70.000  0.7687E+01  0.0000E+00
    75.000  0.7282E+01  0.0000E+00
    80.000  0.6884E+01  0.0000E+00
    85.000  0.6504E+01  0.0000E+00
    90.000  0.6155E+01  0.0000E+00
    95.000  0.5852E+01  0.0000E+00
   100.000  0.5603E+01  0.0000E+00
   105.000  0.5418E+01  0.0000E+00
   110.000  0.5302E+01  0.0000E+00
   115.000  0.5256E+01  0.0000E+00
   120.000  0.5281E+01  0.0000E+00
   125.000  0.5376E+01  0.0000E+00
   130.000  0.5536E+01  0.0000E+00
   135.000  0.5755E+01  0.0000E+00
   140.000  0.6027E+01  0.0000E+00
   145.000  0.6339E+01  0.0000E+00
   150.000  0.6676E+01  0.0000E+00
   155.000  0.7019E+01  0.0000E+00
   160.000  0.7345E+01  0.0000E+00
   165.000  0.7632E+01  0.0000E+00
   170.000  0.7856E+01  0.0000E+00
   175.000  0.7999E+01  0.0000E+00
   180.000  0.8048E+01  0.0000E+00
