#  FA07K 2700 MEV P(202) CHI/DP=49261/24376   SU07         SM05  12/20/ 8  
#     PI-P  DSG  AT Elab =   750.00      12/20/ 8  
#     Acm     Obs,Err
     0.000  0.1901E+02  0.0000E+00
     5.000  0.1716E+02  0.0000E+00
    10.000  0.1375E+02  0.0000E+00
    15.000  0.1126E+02  0.0000E+00
    20.000  0.9918E+01  0.0000E+00
    25.000  0.9207E+01  0.0000E+00
    30.000  0.8757E+01  0.0000E+00
    35.000  0.8394E+01  0.0000E+00
    40.000  0.8053E+01  0.0000E+00
    45.000  0.7715E+01  0.0000E+00
    50.000  0.7377E+01  0.0000E+00
    55.000  0.7044E+01  0.0000E+00
    60.000  0.6722E+01  0.0000E+00
    65.000  0.6416E+01  0.0000E+00
    70.000  0.6129E+01  0.0000E+00
    75.000  0.5867E+01  0.0000E+00
    80.000  0.5633E+01  0.0000E+00
    85.000  0.5430E+01  0.0000E+00
    90.000  0.5258E+01  0.0000E+00
    95.000  0.5117E+01  0.0000E+00
   100.000  0.5009E+01  0.0000E+00
   105.000  0.4931E+01  0.0000E+00
   110.000  0.4887E+01  0.0000E+00
   115.000  0.4882E+01  0.0000E+00
   120.000  0.4923E+01  0.0000E+00
   125.000  0.5024E+01  0.0000E+00
   130.000  0.5199E+01  0.0000E+00
   135.000  0.5461E+01  0.0000E+00
   140.000  0.5820E+01  0.0000E+00
   145.000  0.6273E+01  0.0000E+00
   150.000  0.6807E+01  0.0000E+00
   155.000  0.7391E+01  0.0000E+00
   160.000  0.7982E+01  0.0000E+00
   165.000  0.8525E+01  0.0000E+00
   170.000  0.8965E+01  0.0000E+00
   175.000  0.9252E+01  0.0000E+00
   180.000  0.9352E+01  0.0000E+00
