#  FA07K 2700 MEV P(202) CHI/DP=49261/24376   SU07         SM05  12/20/ 8  
#     PI-P  DSG  AT Elab =   800.00      12/20/ 8  
#     Acm     Obs,Err
     0.000  0.1387E+02  0.0000E+00
     5.000  0.1222E+02  0.0000E+00
    10.000  0.9422E+01  0.0000E+00
    15.000  0.7649E+01  0.0000E+00
    20.000  0.6852E+01  0.0000E+00
    25.000  0.6475E+01  0.0000E+00
    30.000  0.6200E+01  0.0000E+00
    35.000  0.5910E+01  0.0000E+00
    40.000  0.5582E+01  0.0000E+00
    45.000  0.5225E+01  0.0000E+00
    50.000  0.4856E+01  0.0000E+00
    55.000  0.4494E+01  0.0000E+00
    60.000  0.4154E+01  0.0000E+00
    65.000  0.3848E+01  0.0000E+00
    70.000  0.3585E+01  0.0000E+00
    75.000  0.3368E+01  0.0000E+00
    80.000  0.3200E+01  0.0000E+00
    85.000  0.3078E+01  0.0000E+00
    90.000  0.2995E+01  0.0000E+00
    95.000  0.2942E+01  0.0000E+00
   100.000  0.2908E+01  0.0000E+00
   105.000  0.2885E+01  0.0000E+00
   110.000  0.2866E+01  0.0000E+00
   115.000  0.2850E+01  0.0000E+00
   120.000  0.2847E+01  0.0000E+00
   125.000  0.2871E+01  0.0000E+00
   130.000  0.2945E+01  0.0000E+00
   135.000  0.3093E+01  0.0000E+00
   140.000  0.3336E+01  0.0000E+00
   145.000  0.3683E+01  0.0000E+00
   150.000  0.4131E+01  0.0000E+00
   155.000  0.4653E+01  0.0000E+00
   160.000  0.5206E+01  0.0000E+00
   165.000  0.5732E+01  0.0000E+00
   170.000  0.6168E+01  0.0000E+00
   175.000  0.6456E+01  0.0000E+00
   180.000  0.6557E+01  0.0000E+00
