#  FA07K 2700 MEV P(202) CHI/DP=49261/24376   SU07         SM05  12/20/ 8  
#     PI-P  DSG  AT Elab =   950.00      12/20/ 8  
#     Acm     Obs,Err
     0.000  0.9813E+01  0.0000E+00
     5.000  0.8240E+01  0.0000E+00
    10.000  0.6058E+01  0.0000E+00
    15.000  0.5190E+01  0.0000E+00
    20.000  0.5121E+01  0.0000E+00
    25.000  0.5228E+01  0.0000E+00
    30.000  0.5254E+01  0.0000E+00
    35.000  0.5127E+01  0.0000E+00
    40.000  0.4843E+01  0.0000E+00
    45.000  0.4425E+01  0.0000E+00
    50.000  0.3906E+01  0.0000E+00
    55.000  0.3329E+01  0.0000E+00
    60.000  0.2737E+01  0.0000E+00
    65.000  0.2175E+01  0.0000E+00
    70.000  0.1683E+01  0.0000E+00
    75.000  0.1294E+01  0.0000E+00
    80.000  0.1026E+01  0.0000E+00
    85.000  0.8852E+00  0.0000E+00
    90.000  0.8619E+00  0.0000E+00
    95.000  0.9341E+00  0.0000E+00
   100.000  0.1071E+01  0.0000E+00
   105.000  0.1240E+01  0.0000E+00
   110.000  0.1410E+01  0.0000E+00
   115.000  0.1562E+01  0.0000E+00
   120.000  0.1690E+01  0.0000E+00
   125.000  0.1804E+01  0.0000E+00
   130.000  0.1928E+01  0.0000E+00
   135.000  0.2094E+01  0.0000E+00
   140.000  0.2334E+01  0.0000E+00
   145.000  0.2674E+01  0.0000E+00
   150.000  0.3119E+01  0.0000E+00
   155.000  0.3649E+01  0.0000E+00
   160.000  0.4223E+01  0.0000E+00
   165.000  0.4779E+01  0.0000E+00
   170.000  0.5245E+01  0.0000E+00
   175.000  0.5556E+01  0.0000E+00
   180.000  0.5665E+01  0.0000E+00
