q0_q3_W00_W11_12C_electron
6 12 MEC_EM_wImag  201 11
0 0.000 0.010 0 0.000 0.200
0.0	0.0	0.0	0.0	0.0
0.0	0.0	0.0	0.0	0.0
0.0	0.0	0.0	0.0	0.0
0.0	0.0	0.0	0.0	0.0
0.0	0.0	0.0	0.0	0.0
0.0	0.0	0.0	0.0	0.0
0.0	0.0	0.0	0.0	0.0
0.0	0.0	0.0	0.0	0.0
0.0	0.0	0.0	0.0	0.0
0.0	0.0	0.0	0.0	0.0
0.0	0.0	0.0	0.0	0.0
0.0	0.0	0.0	0.0	0.0
0.0	0.0	0.0	0.0	0.0
0.0	0.0	0.0	0.0	0.0
0.0	0.0	0.0	0.0	0.0
0.0	0.0	0.0	0.0	0.0
0.0	0.0	0.0	0.0	0.0
0.0	0.0	0.0	0.0	0.0
0.0	0.0	0.0	0.0	0.0
0.0	0.0	0.0	0.0	0.0
0.0	0.0	0.0	0.0	0.0
0.0	0.0	0.0	0.0	0.0
0.0	0.0	0.0	0.0	0.0
0.0	0.0	0.0	0.0	0.0
0.0	0.0	0.0	0.0	0.0
0.0	0.0	0.0	0.0	0.0
0.0	0.0	0.0	0.0	0.0
0.0	0.0	0.0	0.0	0.0
0.0	0.0	0.0	0.0	0.0
0.0	0.0	0.0	0.0	0.0
0.0	0.0	0.0	0.0	0.0
0.0	0.0	0.0	0.0	0.0
0.0	0.0	0.0	0.0	0.0
0.0	0.0	0.0	0.0	0.0
0.0	0.0	0.0	0.0	0.0
0.0	0.0	0.0	0.0	0.0
0.0	0.0	0.0	0.0	0.0
0.0	0.0	0.0	0.0	0.0
0.0	0.0	0.0	0.0	0.0
0.0	0.0	0.0	0.0	0.0
0.0	0.0	0.0	0.0	0.0
0.0	0.0	0.0	0.0	0.0
0.0	0.0	0.0	0.0	0.0
0.0	0.0	0.0	0.0	0.0
0.0	0.0	0.0	0.0	0.0
0.0	0.0	0.0	0.0	0.0
0.0	0.0	0.0	0.0	0.0
0.0	0.0	0.0	0.0	0.0
0.0	0.0	0.0	0.0	0.0
0.0	0.0	0.0	0.0	0.0
0.0	0.0	0.0	0.0	0.0
0.0	0.0	0.0	0.0	0.0
0.0	0.0	0.0	0.0	0.0
0.0	0.0	0.0	0.0	0.0
0.0	0.0	0.0	0.0	0.0
0.0	0.0	0.0	0.0	0.0
3.6246310775047260E-004	0.0	8.6201067674858221E-003	0.0	0.0
8.9782951984877107E-005	0.0	2.3558627977315690E-003	0.0	0.0
9.5723278638941396E-006	0.0	1.4819493572778829E-004	0.0	0.0
1.4118225482041588E-007	0.0	7.3259115311909280E-007	0.0	0.0
0.0	0.0	0.0	0.0	0.0
0.0	0.0	0.0	0.0	0.0
0.0	0.0	0.0	0.0	0.0
0.0	0.0	0.0	0.0	0.0
0.0	0.0	0.0	0.0	0.0
0.0	0.0	0.0	0.0	0.0
0.0	0.0	0.0	0.0	0.0
2.6133015198487714E-003	0.0	6.6441742911153109E-002	0.0	0.0
7.1327403629489609E-004	0.0	1.8740403969754255E-002	0.0	0.0
8.1255708884688072E-005	0.0	1.2406143742911154E-003	0.0	0.0
1.5622469489603027E-006	0.0	8.7199720604914945E-006	0.0	0.0
0.0	0.0	0.0	0.0	0.0
0.0	0.0	0.0	0.0	0.0
0.0	0.0	0.0	0.0	0.0
0.0	0.0	0.0	0.0	0.0
0.0	0.0	0.0	0.0	0.0
0.0	0.0	0.0	0.0	0.0
0.0	0.0	0.0	0.0	0.0
7.7600123251417782E-003	0.0	0.21319950283553876	0.0	0.0
2.2140614517958414E-003	0.0	5.9465912665406434E-002	0.0	0.0
2.7386674706994328E-004	0.0	4.2164527032136105E-003	0.0	0.0
6.2750780642722113E-006	0.0	3.9054331190926276E-005	0.0	0.0
0.0	0.0	0.0	0.0	0.0
0.0	0.0	0.0	0.0	0.0
0.0	0.0	0.0	0.0	0.0
0.0	0.0	0.0	0.0	0.0
0.0	0.0	0.0	0.0	0.0
0.0	0.0	0.0	0.0	0.0
0.0	0.0	0.0	0.0	0.0
1.3863955916824197E-002	0.0	0.40974250661625716	0.0	0.0
4.4840622079395081E-003	0.0	0.12152242684310019	0.0	0.0
6.2920293686200392E-004	0.0	9.8350730812854434E-003	0.0	0.0
1.8580840604914935E-005	0.0	1.2143030018903590E-004	0.0	0.0
1.7788551379962195E-009	0.0	1.5335402835538751E-009	0.0	0.0
0.0	0.0	0.0	0.0	0.0
0.0	0.0	0.0	0.0	0.0
0.0	0.0	0.0	0.0	0.0
0.0	0.0	0.0	0.0	0.0
0.0	0.0	0.0	0.0	0.0
0.0	0.0	0.0	0.0	0.0
1.9190350548204158E-002	0.0	0.58942633270321354	0.0	0.0
7.3082232136105858E-003	0.0	0.19684886427221168	0.0	0.0
1.1868124083175805E-003	0.0	1.8584157164461247E-002	0.0	0.0
4.5508356068052930E-005	0.0	3.1083533081285446E-004	0.0	0.0
2.9282272741020793E-008	0.0	6.3486319848771267E-008	0.0	0.0
0.0	0.0	0.0	0.0	0.0
0.0	0.0	0.0	0.0	0.0
0.0	0.0	0.0	0.0	0.0
0.0	0.0	0.0	0.0	0.0
0.0	0.0	0.0	0.0	0.0
0.0	0.0	0.0	0.0	0.0
2.3478293534971648E-002	0.0	0.73896631758034015	0.0	0.0
1.0589406124763705E-002	0.0	0.28261877920604922	0.0	0.0
1.9983376786389417E-003	0.0	3.1356596483931944E-002	0.0	0.0
9.8022759924385657E-005	0.0	6.8995493761814751E-004	0.0	0.0
1.1818007183364839E-007	0.0	3.4751647939508514E-007	0.0	0.0
0.0	0.0	0.0	0.0	0.0
0.0	0.0	0.0	0.0	0.0
0.0	0.0	0.0	0.0	0.0
0.0	0.0	0.0	0.0	0.0
0.0	0.0	0.0	0.0	0.0
0.0	0.0	0.0	0.0	0.0
2.7239272060491499E-002	0.0	0.86820158790170121	0.0	0.0
1.4135176786389415E-002	0.0	0.37429217013232519	0.0	0.0
3.1317903289224949E-003	0.0	4.9136672211720224E-002	0.0	0.0
1.8375950926275992E-004	0.0	1.3352468733459357E-003	0.0	0.0
5.7758253005671069E-007	0.0	1.8829951077504726E-006	0.0	0.0
0.0	0.0	0.0	0.0	0.0
0.0	0.0	0.0	0.0	0.0
0.0	0.0	0.0	0.0	0.0
0.0	0.0	0.0	0.0	0.0
0.0	0.0	0.0	0.0	0.0
0.0	0.0	0.0	0.0	0.0
3.0609633572778829E-002	0.0	0.98118571644612484	0.0	0.0
1.7890996219281662E-002	0.0	0.46947742911153117	0.0	0.0
4.5750096408317589E-003	0.0	7.1645056332703211E-002	0.0	0.0
3.1868452173913037E-004	0.0	2.3816582608695651E-003	0.0	0.0
1.9464519470699431E-006	0.0	6.9688286200378075E-006	0.0	0.0
0.0	0.0	0.0	0.0	0.0
0.0	0.0	0.0	0.0	0.0
0.0	0.0	0.0	0.0	0.0
0.0	0.0	0.0	0.0	0.0
0.0	0.0	0.0	0.0	0.0
0.0	0.0	0.0	0.0	0.0
3.3624017693761811E-002	0.0	1.0826355879017016	0.0	0.0
2.1817065708884687E-002	0.0	0.56853200756143674	0.0	0.0
6.2219394102079380E-003	0.0	9.7341022684309997E-002	0.0	0.0
5.1469319092627597E-004	0.0	3.9419152741020794E-003	0.0	0.0
5.0511201890359168E-006	0.0	1.9541905860113420E-005	0.0	0.0
0.0	0.0	0.0	0.0	0.0
0.0	0.0	0.0	0.0	0.0
0.0	0.0	0.0	0.0	0.0
0.0	0.0	0.0	0.0	0.0
0.0	0.0	0.0	0.0	0.0
0.0	0.0	0.0	0.0	0.0
3.6442356294896033E-002	0.0	1.1768995803402647	0.0	0.0
2.5827891720226842E-002	0.0	0.66747603402646505	0.0	0.0
8.1904280529300575E-003	0.0	0.12809289981096411	0.0	0.0
7.9656390170132333E-004	0.0	6.2310783742911156E-003	0.0	0.0
1.1266721285444232E-005	0.0	4.5477401512287324E-005	0.0	0.0
0.0	0.0	0.0	0.0	0.0
0.0	0.0	0.0	0.0	0.0
0.0	0.0	0.0	0.0	0.0
0.0	0.0	0.0	0.0	0.0
0.0	0.0	0.0	0.0	0.0
0.0	0.0	0.0	0.0	0.0
3.9027061701323251E-002	0.0	1.2614718487712668	0.0	0.0
2.9872620340264649E-002	0.0	0.76546194328922501	0.0	0.0
1.0436844385633269E-002	0.0	0.16310839848771269	0.0	0.0
1.1704507145557654E-003	0.0	9.3641216257088853E-003	0.0	0.0
2.2751598487712662E-005	0.0	9.4547742533081260E-005	0.0	0.0
9.7440519470699437E-010	0.0	3.0585680642722110E-009	0.0	0.0
0.0	0.0	0.0	0.0	0.0
0.0	0.0	0.0	0.0	0.0
0.0	0.0	0.0	0.0	0.0
0.0	0.0	0.0	0.0	0.0
0.0	0.0	0.0	0.0	0.0
4.1501215122873344E-002	0.0	1.3423590510396977	0.0	0.0
3.4160563327032142E-002	0.0	0.86753827599243849	0.0	0.0
1.2923527032136109E-002	0.0	0.20215904461247636	0.0	0.0
1.6624070472589791E-003	0.0	1.3571730170132325E-002	0.0	0.0
4.1335387145557654E-005	0.0	1.7692002646502834E-004	0.0	0.0
9.3976557277882793E-009	0.0	3.0464073459357277E-008	0.0	0.0
0.0	0.0	0.0	0.0	0.0
0.0	0.0	0.0	0.0	0.0
0.0	0.0	0.0	0.0	0.0
0.0	0.0	0.0	0.0	0.0
0.0	0.0	0.0	0.0	0.0
4.3970946465028360E-002	0.0	1.4233568052930059	0.0	0.0
3.8646762873345931E-002	0.0	0.97230470699432880	0.0	0.0
1.5660794177693761E-002	0.0	0.24550279281663515	0.0	0.0
2.2804663440453687E-003	0.0	1.8983249829867675E-002	0.0	0.0
7.0582283251417773E-005	0.0	3.1030468128544425E-004	0.0	0.0
3.6326645217391305E-008	0.0	1.1986046200378073E-007	0.0	0.0
0.0	0.0	0.0	0.0	0.0
0.0	0.0	0.0	0.0	0.0
0.0	0.0	0.0	0.0	0.0
0.0	0.0	0.0	0.0	0.0
0.0	0.0	0.0	0.0	0.0
4.6637460340264655E-002	0.0	1.5115404385633269	0.0	0.0
4.3671719092627605E-002	0.0	1.0878315311909263	0.0	0.0
1.8665597126654065E-002	0.0	0.29361870170132315	0.0	0.0
3.0420958185255202E-003	0.0	2.5765614102079400E-002	0.0	0.0
1.1476770056710775E-004	0.0	5.1620406805293008E-004	0.0	0.0
1.2613244461247635E-007	0.0	4.2297189413988651E-007	0.0	0.0
0.0	0.0	0.0	0.0	0.0
0.0	0.0	0.0	0.0	0.0
0.0	0.0	0.0	0.0	0.0
0.0	0.0	0.0	0.0	0.0
0.0	0.0	0.0	0.0	0.0
4.9562665860113431E-002	0.0	1.6092315425330812	0.0	0.0
4.9273756672967864E-002	0.0	1.2140081965973537	0.0	0.0
2.1936461852551992E-002	0.0	0.34599454706994331	0.0	0.0
3.9467058601134223E-003	0.0	3.4027900945179594E-002	0.0	0.0
1.7815083856332703E-004	0.0	8.1668436294896030E-004	0.0	0.0
4.0403065406427216E-007	0.0	1.3639166880907371E-006	0.0	0.0
0.0	0.0	0.0	0.0	0.0
0.0	0.0	0.0	0.0	0.0
0.0	0.0	0.0	0.0	0.0
0.0	0.0	0.0	0.0	0.0
0.0	0.0	0.0	0.0	0.0
5.2852692930056712E-002	0.0	1.7210733005671075	0.0	0.0
5.5460982759924386E-002	0.0	1.3526035349716445	0.0	0.0
2.5442433799621925E-002	0.0	0.40255662759924382	0.0	0.0
5.0015928998109636E-003	0.0	4.3789641209829873E-002	0.0	0.0
2.6374755538752362E-004	0.0	1.2343497618147450E-003	0.0	0.0
1.0605620415879018E-006	0.0	3.5934554177693761E-006	0.0	0.0
0.0	0.0	0.0	0.0	0.0
0.0	0.0	0.0	0.0	0.0
0.0	0.0	0.0	0.0	0.0
0.0	0.0	0.0	0.0	0.0
0.0	0.0	0.0	0.0	0.0
0.0	0.0	0.0	0.0	0.0
6.2554735122873351E-002	0.0	1.5097716068052927	0.0	0.0
2.9358922117202268E-002	0.0	0.46523960302457462	0.0	0.0
6.1783082268431003E-003	0.0	5.4977502079395078E-002	0.0	0.0
3.8026934744801510E-004	0.0	1.8099939470699431E-003	0.0	0.0
2.4078959319470697E-006	0.0	8.1524718714555763E-006	0.0	0.0
0.0	0.0	0.0	0.0	0.0
0.0	0.0	0.0	0.0	0.0
0.0	0.0	0.0	0.0	0.0
0.0	0.0	0.0	0.0	0.0
0.0	0.0	0.0	0.0	0.0
0.0	0.0	0.0	0.0	0.0
7.0583757277882783E-002	0.0	1.6869127372400752	0.0	0.0
3.3548842344045364E-002	0.0	0.53238150850661625	0.0	0.0
7.5470155009451810E-003	0.0	6.7978415500945175E-002	0.0	0.0
5.3349439848771269E-004	0.0	2.5837841398865784E-003	0.0	0.0
4.7875642570888469E-006	0.0	1.6203972930056711E-005	0.0	0.0
0.0	0.0	0.0	0.0	0.0
0.0	0.0	0.0	0.0	0.0
0.0	0.0	0.0	0.0	0.0
0.0	0.0	0.0	0.0	0.0
0.0	0.0	0.0	0.0	0.0
0.0	0.0	0.0	0.0	0.0
7.9914344801512271E-002	0.0	1.8921340718336486	0.0	0.0
3.8162545179584131E-002	0.0	0.60589857844990547	0.0	0.0
9.0262010586011319E-003	0.0	8.2482835916824218E-002	0.0	0.0
7.2796271001890366E-004	0.0	3.5909127221172023E-003	0.0	0.0
8.8780613988657860E-006	0.0	3.0052820075614363E-005	0.0	0.0
2.1520786389413987E-011	0.0	2.2240848317580338E-010	0.0	0.0
0.0	0.0	0.0	0.0	0.0
0.0	0.0	0.0	0.0	0.0
0.0	0.0	0.0	0.0	0.0
0.0	0.0	0.0	0.0	0.0
0.0	0.0	0.0	0.0	0.0
9.0785289981096404E-002	0.0	2.1308526578449909	0.0	0.0
4.3289946238185259E-002	0.0	0.68730168998109631	0.0	0.0
1.0697747069943288E-002	0.0	9.9028782986767511E-002	0.0	0.0
9.7366818147447999E-004	0.0	4.8897142911153114E-003	0.0	0.0
1.5402102533081285E-005	0.0	5.2162111531190919E-005	0.0	0.0
6.4568255274102072E-010	0.0	5.6738963705103967E-009	0.0	0.0
0.0	0.0	0.0	0.0	0.0
0.0	0.0	0.0	0.0	0.0
0.0	0.0	0.0	0.0	0.0
0.0	0.0	0.0	0.0	0.0
0.0	0.0	0.0	0.0	0.0
0.10360932022684312	0.0	2.4123180113421556	0.0	0.0
4.9110139735349709E-002	0.0	0.77835967485822288	0.0	0.0
1.2503429489603025E-002	0.0	0.11731776635160683	0.0	0.0
1.2697263969754255E-003	0.0	6.4978771644612476E-003	0.0	0.0
2.5112988884688087E-005	0.0	8.5239265406427225E-005	0.0	0.0
4.1116494215500946E-009	0.0	2.3032769035916822E-008	0.0	0.0
0.0	0.0	0.0	0.0	0.0
0.0	0.0	0.0	0.0	0.0
0.0	0.0	0.0	0.0	0.0
0.0	0.0	0.0	0.0	0.0
0.0	0.0	0.0	0.0	0.0
0.11862227977315690	0.0	2.7416892249527414	0.0	0.0
5.5761684158790174E-002	0.0	0.88198373534971641	0.0	0.0
1.4486732098298677E-002	0.0	0.13765933156899812	0.0	0.0
1.6312313875236299E-003	0.0	8.5018161436672974E-003	0.0	0.0
3.9486957958412100E-005	0.0	1.3430223629489602E-004	0.0	0.0
1.3459335652173914E-008	0.0	6.2723511153119098E-008	0.0	0.0
0.0	0.0	0.0	0.0	0.0
0.0	0.0	0.0	0.0	0.0
0.0	0.0	0.0	0.0	0.0
0.0	0.0	0.0	0.0	0.0
0.0	0.0	0.0	0.0	0.0
0.13616319470699434	0.0	3.1251940604914936	0.0	0.0
6.3454628279773162E-002	0.0	1.0010113724007559	0.0	0.0
1.6652813988657846E-002	0.0	0.16041093005671075	0.0	0.0
2.0572250359168240E-003	0.0	1.0916271493383742E-002	0.0	0.0
5.9357571720226846E-005	0.0	2.0249070056710776E-004	0.0	0.0
4.5916661398865778E-008	0.0	2.0662534480151233E-007	0.0	0.0
0.0	0.0	0.0	0.0	0.0
0.0	0.0	0.0	0.0	0.0
0.0	0.0	0.0	0.0	0.0
0.0	0.0	0.0	0.0	0.0
0.0	0.0	0.0	0.0	0.0
0.15643105860113421	0.0	3.5643433950850660	0.0	0.0
7.2545686502835535E-002	0.0	1.1399752173913043	0.0	0.0
1.9034840756143669E-002	0.0	0.18566837353497165	0.0	0.0
2.5495498752362948E-003	0.0	1.3788043553875239E-002	0.0	0.0
8.6680126275992460E-005	0.0	2.9638618638941399E-004	0.0	0.0
1.2418672967863895E-007	0.0	5.0183231001890355E-007	0.0	0.0
0.0	0.0	0.0	0.0	0.0
0.0	0.0	0.0	0.0	0.0
0.0	0.0	0.0	0.0	0.0
0.0	0.0	0.0	0.0	0.0
0.0	0.0	0.0	0.0	0.0
0.17909421550094518	0.0	4.0491506994328921	0.0	0.0
8.3253014744801526E-002	0.0	1.3030393950850665	0.0	0.0
2.1629127334593573E-002	0.0	0.21369698676748586	0.0	0.0
3.1163130510396971E-003	0.0	1.7164669678638941E-002	0.0	0.0
1.2286010586011345E-004	0.0	4.2238228355387527E-004	0.0	0.0
3.0008967788279772E-007	0.0	1.1298781361058601E-006	0.0	0.0
0.0	0.0	0.0	0.0	0.0
0.0	0.0	0.0	0.0	0.0
0.0	0.0	0.0	0.0	0.0
0.0	0.0	0.0	0.0	0.0
0.0	0.0	0.0	0.0	0.0
0.20371045746691868	0.0	4.5665339886578451	0.0	0.0
9.6062304725897912E-002	0.0	1.4958052060491498	0.0	0.0
2.4513060113421546E-002	0.0	0.24510112060491490	0.0	0.0
3.7452064423440456E-003	0.0	2.1023302457466916E-002	0.0	0.0
1.7081018676748581E-004	0.0	5.8924207939508515E-004	0.0	0.0
6.5298635387523637E-007	0.0	2.3232131115311907E-006	0.0	0.0
0.0	0.0	0.0	0.0	0.0
0.0	0.0	0.0	0.0	0.0
0.0	0.0	0.0	0.0	0.0
0.0	0.0	0.0	0.0	0.0
0.0	0.0	0.0	0.0	0.0
0.22906371266540645	0.0	5.0894448771266543	0.0	0.0
0.11141429035916825	0.0	1.7236528468809071	0.0	0.0
2.7748548204158792E-002	0.0	0.28048512589792063	0.0	0.0
4.4724173988657844E-003	0.0	2.5504711417769374E-002	0.0	0.0
2.3243186313799623E-004	0.0	8.0621877504725905E-004	0.0	0.0
1.2834348431001891E-006	0.0	4.3793326275992441E-006	0.0	0.0
0.0	0.0	0.0	0.0	0.0
0.0	0.0	0.0	0.0	0.0
0.0	0.0	0.0	0.0	0.0
0.0	0.0	0.0	0.0	0.0
0.0	0.0	0.0	0.0	0.0
0.25381261701323249	0.0	5.5891398487712660	0.0	0.0
0.12953007561436672	0.0	1.9897146238185255	0.0	0.0
3.1371705255198487E-002	0.0	0.32049388922495270	0.0	0.0
5.2661806502835541E-003	0.0	3.0566518298676751E-002	0.0	0.0
3.0994354480151220E-004	0.0	1.0816406200378072E-003	0.0	0.0
2.3386903894139885E-006	0.0	7.7139489981096408E-006	0.0	0.0
0.0	0.0	0.0	0.0	0.0
0.0	0.0	0.0	0.0	0.0
0.0	0.0	0.0	0.0	0.0
0.0	0.0	0.0	0.0	0.0
0.0	0.0	0.0	0.0	0.0
0.27643155311909262	0.0	6.0365068809073721	0.0	0.0
0.15080027750472591	0.0	2.2964226805293007	0.0	0.0
3.5465076748582236E-002	0.0	0.36579072249527406	0.0	0.0
6.1550186086956520E-003	0.0	3.6314484499054826E-002	0.0	0.0
4.0638172627599235E-004	0.0	1.4291055085066161E-003	0.0	0.0
4.0260821852551987E-006	0.0	1.2844298109640830E-005	0.0	0.0
1.4921569905482039E-011	0.0	1.2219310888468807E-010	0.0	0.0
0.0	0.0	0.0	0.0	0.0
0.0	0.0	0.0	0.0	0.0
0.0	0.0	0.0	0.0	0.0
0.0	0.0	0.0	0.0	0.0
0.29527698147448017	0.0	6.4002229111531186	0.0	0.0
0.17525437655954634	0.0	2.6418239319470698	0.0	0.0
4.0265980945179580E-002	0.0	0.41869721739130433	0.0	0.0
7.1320770510396973E-003	0.0	4.2790988279773151E-002	0.0	0.0
5.2352260945179589E-004	0.0	1.8577524045368622E-003	0.0	0.0
6.5791697240075618E-006	0.0	2.0461698374291112E-005	0.0	0.0
3.2716754404536868E-010	0.0	2.6287419470699434E-009	0.0	0.0
0.0	0.0	0.0	0.0	0.0
0.0	0.0	0.0	0.0	0.0
0.0	0.0	0.0	0.0	0.0
0.0	0.0	0.0	0.0	0.0
0.30902227826086959	0.0	6.6563350094517952	0.0	0.0
0.20244279470699436	0.0	3.0179954858223068	0.0	0.0
4.5851067221172027E-002	0.0	0.48027467296786391	0.0	0.0
8.1926390926275981E-003	0.0	4.9987922495274111E-002	0.0	0.0
6.6457220189035913E-004	0.0	2.3824689754253312E-003	0.0	0.0
1.0314500189035913E-005	0.0	3.1396026691871460E-005	0.0	0.0
1.5791982533081287E-009	0.0	9.3276394706994347E-009	0.0	0.0
0.0	0.0	0.0	0.0	0.0
0.0	0.0	0.0	0.0	0.0
0.0	0.0	0.0	0.0	0.0
0.0	0.0	0.0	0.0	0.0
0.31665773534971647	0.0	6.7842068052930067	0.0	0.0
0.23186436294896029	0.0	3.4157246767485820	0.0	0.0
5.2361842117202267E-002	0.0	0.55187550850661626	0.0	0.0
9.3777563705103994E-003	0.0	5.8168769376181470E-002	0.0	0.0
8.3459378449905470E-004	0.0	3.0231914291115312E-003	0.0	0.0
1.5623943516068053E-005	0.0	4.6605031758034027E-005	0.0	0.0
4.5372008620037810E-009	0.0	2.2697796521739132E-008	0.0	0.0
0.0	0.0	0.0	0.0	0.0
0.0	0.0	0.0	0.0	0.0
0.0	0.0	0.0	0.0	0.0
0.0	0.0	0.0	0.0	0.0
0.31780747599243858	0.0	6.7749941398865774	0.0	0.0
0.26265677580340263	0.0	3.8217821172022686	0.0	0.0
6.0241987599243853E-002	0.0	0.63751644612476366	0.0	0.0
1.0671214593572780E-002	0.0	6.7333528922495278E-002	0.0	0.0
1.0332188506616256E-003	0.0	3.7867739886578446E-003	0.0	0.0
2.2904897240075619E-005	0.0	6.7186126275992433E-005	0.0	0.0
1.2376663213610588E-008	0.0	5.5261252173913038E-008	0.0	0.0
0.0	0.0	0.0	0.0	0.0
0.0	0.0	0.0	0.0	0.0
0.0	0.0	0.0	0.0	0.0
0.0	0.0	0.0	0.0	0.0
0.31275893534971638	0.0	6.6298025330812855	0.0	0.0
0.29361133156899810	0.0	4.2197692627599235	0.0	0.0
6.9611636824196590E-002	0.0	0.73845040831758013	0.0	0.0
1.2086280000000001E-002	0.0	7.7555902457466921E-002	0.0	0.0
1.2623562646502833E-003	0.0	4.6881411720226850E-003	0.0	0.0
3.2739601814744800E-005	0.0	9.4639869187145557E-005	0.0	0.0
3.4722904423440448E-008	0.0	1.4623079546313801E-007	0.0	0.0
0.0	0.0	0.0	0.0	0.0
0.0	0.0	0.0	0.0	0.0
0.0	0.0	0.0	0.0	0.0
0.0	0.0	0.0	0.0	0.0
0.30249234102079398	0.0	6.3630037429111539	0.0	0.0
0.32416053005671081	0.0	4.6030161436672961	0.0	0.0
8.0931423062381866E-002	0.0	0.85902577315689987	0.0	0.0
1.3636955841209828E-002	0.0	8.8961182230623825E-002	0.0	0.0
1.5269440151228734E-003	0.0	5.7461236672967861E-003	0.0	0.0
4.5786210056710773E-005	0.0	1.3071666691871455E-004	0.0	0.0
8.0253370888468822E-008	0.0	3.1366914669187144E-007	0.0	0.0
0.0	0.0	0.0	0.0	0.0
0.0	0.0	0.0	0.0	0.0
0.0	0.0	0.0	0.0	0.0
0.0	0.0	0.0	0.0	0.0
0.28858490132325137	0.0	6.0011302457466922	0.0	0.0
0.35318411115311910	0.0	4.9586250283553870	0.0	0.0
9.4477726275992421E-002	0.0	1.0006428657844990	0.0	0.0
1.5374833043478262E-002	0.0	0.10201000151228731	0.0	0.0
1.8229285293005671E-003	0.0	6.9618269943289238E-003	0.0	0.0
6.2590848771266536E-005	0.0	1.7683526994328924E-004	0.0	0.0
1.6572479546313804E-007	0.0	5.9790198487712657E-007	0.0	0.0
0.0	0.0	0.0	0.0	0.0
0.0	0.0	0.0	0.0	0.0
0.0	0.0	0.0	0.0	0.0
0.0	0.0	0.0	0.0	0.0
0.0	0.0	0.0	0.0	0.0
0.37937756143667306	0.0	5.2729611720226854	0.0	0.0
0.11046354328922493	0.0	1.1647020113421549	0.0	0.0
1.7299174593572778E-002	0.0	0.11666182457466918	0.0	0.0
2.1588591606805292E-003	0.0	8.3643631758034027E-003	0.0	0.0
8.4373274858223055E-005	0.0	2.3612061436672967E-004	0.0	0.0
3.2306975047258979E-007	0.0	1.1024243931947069E-006	0.0	0.0
0.0	0.0	0.0	0.0	0.0
0.0	0.0	0.0	0.0	0.0
0.0	0.0	0.0	0.0	0.0
0.0	0.0	0.0	0.0	0.0
0.0	0.0	0.0	0.0	0.0
0.40200386767485818	0.0	5.5360748960302466	0.0	0.0
0.12889624423440454	0.0	1.3500976899810964	0.0	0.0
1.9464519470699427E-002	0.0	0.13343256068052931	0.0	0.0
2.5369469489603023E-003	0.0	9.9728945557655945E-003	0.0	0.0
1.1182701776937617E-004	0.0	3.1071372362948961E-004	0.0	0.0
5.9273552211720221E-007	0.0	1.9433196408317582E-006	0.0	0.0
0.0	0.0	0.0	0.0	0.0
0.0	0.0	0.0	0.0	0.0
0.0	0.0	0.0	0.0	0.0
0.0	0.0	0.0	0.0	0.0
0.0	0.0	0.0	0.0	0.0
0.42002384120983000	0.0	5.7354369754253307	0.0	0.0
0.14973160831758034	0.0	1.5542872060491491	0.0	0.0
2.1940146918714553E-002	0.0	0.15283443402646502	0.0	0.0
2.9544649451795843E-003	0.0	1.1793317240075612E-002	0.0	0.0
1.4573699659735349E-004	0.0	4.0266717958412090E-004	0.0	0.0
1.0071285822306240E-006	0.0	3.1613814102079394E-006	0.0	0.0
0.0	0.0	0.0	0.0	0.0
0.0	0.0	0.0	0.0	0.0
0.0	0.0	0.0	0.0	0.0
0.0	0.0	0.0	0.0	0.0
0.0	0.0	0.0	0.0	0.0
0.43270783894139875	0.0	5.8603607183364836	0.0	0.0
0.17243898601134217	0.0	1.7713007523629487	0.0	0.0
2.4780595916824199E-002	0.0	0.17532070775047257	0.0	0.0
3.4165722419659743E-003	0.0	1.3845162079395085E-002	0.0	0.0
1.8774675085066162E-004	0.0	5.1668312665406428E-004	0.0	0.0
1.6523099659735351E-006	0.0	4.9962127032136104E-006	0.0	0.0
1.2385507372400757E-011	0.0	4.2684121361058601E-011	0.0	0.0
0.0	0.0	0.0	0.0	0.0
0.0	0.0	0.0	0.0	0.0
0.0	0.0	0.0	0.0	0.0
0.0	0.0	0.0	0.0	0.0
0.43951047107750463	0.0	5.9027389792060498	0.0	0.0
0.19641402646502837	0.0	1.9943209565217392	0.0	0.0
2.8068411947069952E-002	0.0	0.20156943402646504	0.0	0.0
3.9274698147448005E-003	0.0	1.6167122268431002E-002	0.0	0.0
2.3850485217391304E-004	0.0	6.5472570510396978E-004	0.0	0.0
2.5936232665406433E-006	0.0	7.5683888846880899E-006	0.0	0.0
1.7007317353497165E-010	0.0	5.7221707372400754E-010	0.0	0.0
0.0	0.0	0.0	0.0	0.0
0.0	0.0	0.0	0.0	0.0
0.0	0.0	0.0	0.0	0.0
0.0	0.0	0.0	0.0	0.0
0.44026222457466913	0.0	5.8596237051039690	0.0	0.0
0.22119978147448019	0.0	2.2187046351606803	0.0	0.0
3.1972371039697543E-002	0.0	0.23280405482041588	0.0	0.0
4.4887053913043474E-003	0.0	1.8770253005671075E-002	0.0	0.0
2.9915367107750468E-004	0.0	8.2077478638941379E-004	0.0	0.0
3.9279857240075613E-006	0.0	1.1111580000000001E-005	0.0	0.0
7.8204474102079386E-010	0.0	2.5606787750472592E-009	0.0	0.0
0.0	0.0	0.0	0.0	0.0
0.0	0.0	0.0	0.0	0.0
0.0	0.0	0.0	0.0	0.0
0.0	0.0	0.0	0.0	0.0
0.43516209300567099	0.0	5.7321204158790167	0.0	0.0
0.24645722495274100	0.0	2.4413931833648395	0.0	0.0
3.6650931039697542E-002	0.0	0.27027380756143665	0.0	0.0
5.1089757277882793E-003	0.0	2.1708356257088845E-002	0.0	0.0
3.7147677958412103E-004	0.0	1.0199526124763704E-003	0.0	0.0
5.8050110245746700E-006	0.0	1.5939385179584118E-005	0.0	0.0
2.1774318941398871E-009	0.0	7.0027312287334589E-009	0.0	0.0
0.0	0.0	0.0	0.0	0.0
0.0	0.0	0.0	0.0	0.0
0.0	0.0	0.0	0.0	0.0
0.0	0.0	0.0	0.0	0.0
0.42496919999999994	0.0	5.5261252173913036	0.0	0.0
0.27195051266540643	0.0	2.6613916332703211	0.0	0.0
4.2272130964083179E-002	0.0	0.31511737769376186	0.0	0.0
5.7876175122873342E-003	0.0	2.4995066767485821E-002	0.0	0.0
4.5677132098298679E-004	0.0	1.2566812627599244E-003	0.0	0.0
8.3673112287334619E-006	0.0	2.2366877580340265E-005	0.0	0.0
4.7975876370510412E-009	0.0	1.4946996862003778E-008	0.0	0.0
0.0	0.0	0.0	0.0	0.0
0.0	0.0	0.0	0.0	0.0
0.0	0.0	0.0	0.0	0.0
0.0	0.0	0.0	0.0	0.0
0.41056796143667296	0.0	5.2497452551984880	0.0	0.0
0.29703844310018906	0.0	2.8724722230623816	0.0	0.0
4.9078448166351603E-002	0.0	0.36894882419659741	0.0	0.0
6.5345067221172027E-003	0.0	2.8694873194706993E-002	0.0	0.0
5.5545739281663532E-004	0.0	1.5341667448015126E-003	0.0	0.0
1.1750201965973535E-005	0.0	3.0642062155009454E-005	0.0	0.0
1.2998702381852553E-008	0.0	3.9035905860113418E-008	0.0	0.0
0.0	0.0	0.0	0.0	0.0
0.0	0.0	0.0	0.0	0.0
0.0	0.0	0.0	0.0	0.0
0.0	0.0	0.0	0.0	0.0
0.39321866994328925	0.0	4.9166152741020790	0.0	0.0
0.32135250964083178	0.0	3.0719817051039691	0.0	0.0
5.7274772325141783E-002	0.0	0.43281102079395078	0.0	0.0
7.3559816710775053E-003	0.0	3.2864525557655955E-002	0.0	0.0
6.6933330737240057E-004	0.0	1.8583051644612478E-003	0.0	0.0
1.6306417769376181E-005	0.0	4.1597026843100193E-005	0.0	0.0
2.7692535198487715E-008	0.0	8.0717689224952739E-008	0.0	0.0
0.0	0.0	0.0	0.0	0.0
0.0	0.0	0.0	0.0	0.0
0.0	0.0	0.0	0.0	0.0
0.0	0.0	0.0	0.0	0.0
0.37456486502835534	0.0	4.5492141776937629	0.0	0.0
0.34389774442344045	0.0	3.2521814404536857	0.0	0.0
6.7037249603024582E-002	0.0	0.50765471455576572	0.0	0.0
8.2678144423440451E-003	0.0	3.7598730056710772E-002	0.0	0.0
7.9943825330812857E-004	0.0	2.2342924650283554E-003	0.0	0.0
2.2076494366729679E-005	0.0	5.5158070321361055E-005	0.0	0.0
5.5721885444234397E-008	0.0	1.5867157882797731E-007	0.0	0.0
0.0	0.0	0.0	0.0	0.0
0.0	0.0	0.0	0.0	0.0
0.0	0.0	0.0	0.0	0.0
0.0	0.0	0.0	0.0	0.0
0.35651541096408312	0.0	4.1770224952741017	0.0	0.0
0.36433512136105861	0.0	3.4097548695652176	0.0	0.0
7.8543500189035900E-002	0.0	0.59414321739130438	0.0	0.0
9.2841556899810971E-003	0.0	4.3008407183364829E-002	0.0	0.0
9.4691460113421552E-004	0.0	2.6669192325141779E-003	0.0	0.0
2.9434097466918711E-005	0.0	7.2175705860113434E-005	0.0	0.0
1.0394834631379963E-007	0.0	2.8781103742911153E-007	0.0	0.0
0.0	0.0	0.0	0.0	0.0
0.0	0.0	0.0	0.0	0.0
0.0	0.0	0.0	0.0	0.0
0.0	0.0	0.0	0.0	0.0
0.34078017844990544	0.0	3.8258356899810968	0.0	0.0
0.38237720529300573	0.0	3.5423804007561435	0.0	0.0
9.1787627977315697E-002	0.0	0.69142896408317578	0.0	0.0
1.0424315160680530E-002	0.0	4.9217743667296782E-002	0.0	0.0
1.1143640075614368E-003	0.0	3.1656560869565220E-003	0.0	0.0
3.8833964234404533E-005	0.0	9.3538034404536848E-005	0.0	0.0
1.8561678260869568E-007	0.0	5.0087419281663518E-007	0.0	0.0
0.0	0.0	0.0	0.0	0.0
0.0	0.0	0.0	0.0	0.0
0.0	0.0	0.0	0.0	0.0
0.0	0.0	0.0	0.0	0.0
0.32843520680529298	0.0	3.5134894820415874	0.0	0.0
0.39766285973534976	0.0	3.6453411493383743	0.0	0.0
0.10655737315689981	0.0	0.79689555765595466	0.0	0.0
1.1699348052930056E-002	0.0	5.6300440831758024E-002	0.0	0.0
1.3038501096408318E-003	0.0	3.7388681285444236E-003	0.0	0.0
5.0598169451795829E-005	0.0	1.1997101398865785E-004	0.0	0.0
3.1388656559546315E-007	0.0	8.2913988657844990E-007	0.0	0.0
0.0	0.0	0.0	0.0	0.0
0.0	0.0	0.0	0.0	0.0
0.0	0.0	0.0	0.0	0.0
0.0	0.0	0.0	0.0	0.0
0.31998903516068050	0.0	3.2485332249527406	0.0	0.0
0.40933714933837423	0.0	3.7104931190926274	0.0	0.0
0.12227049527410208	0.0	0.90619462003780726	0.0	0.0
1.3149053081285444E-002	0.0	6.4532878638941402E-002	0.0	0.0
1.5127196597353495E-003	0.0	4.3826491871455575E-003	0.0	0.0
6.5015622306238184E-005	0.0	1.5193527788279773E-004	0.0	0.0
5.0123532930056710E-007	0.0	1.2993543289224952E-006	0.0	0.0
0.0	0.0	0.0	0.0	0.0
0.0	0.0	0.0	0.0	0.0
0.0	0.0	0.0	0.0	0.0
0.0	0.0	0.0	0.0	0.0
0.31546377391304342	0.0	3.0315565293005671	0.0	0.0
0.41658198941398866	0.0	3.7311294896030245	0.0	0.0
0.13855848771266541	0.0	1.0165623516068052	0.0	0.0
1.4836813383742911E-002	0.0	7.4316729300567125E-002	0.0	0.0
1.7456158412098297E-003	0.0	5.1126607939508502E-003	0.0	0.0
8.2744475614366744E-005	0.0	1.9084589149338376E-004	0.0	0.0
7.7806486956521730E-007	0.0	1.9739425406427223E-006	0.0	0.0
4.3354066389413991E-012	0.0	6.7429340642722120E-012	0.0	0.0
0.0	0.0	0.0	0.0	0.0
0.0	0.0	0.0	0.0	0.0
0.0	0.0	0.0	0.0	0.0
0.31471202041587903	0.0	2.8590954328922495	0.0	0.0
0.41950793194706987	0.0	3.7090190926275994	0.0	0.0
0.15536238941398864	0.0	1.1271511871455577	0.0	0.0
1.6778843251417770E-002	0.0	8.5722009073724001E-002	0.0	0.0
2.0048970964083178E-003	0.0	5.9403266540642733E-003	0.0	0.0
1.0406626843100189E-004	0.0	2.3732563100189040E-004	0.0	0.0
1.1723669489603026E-006	0.0	2.9176879848771268E-006	0.0	0.0
1.0072022835538750E-010	0.0	1.6294994064272214E-010	0.0	0.0
0.0	0.0	0.0	0.0	0.0
0.0	0.0	0.0	0.0	0.0
0.0	0.0	0.0	0.0	0.0
0.31754952136105863	0.0	2.7262487977315693	0.0	0.0
0.41843926275992444	0.0	3.6477732930056708	0.0	0.0
0.17262323931947071	0.0	1.2379611266540642	0.0	0.0
1.9085694669187150E-002	0.0	9.9445195463138028E-002	0.0	0.0
2.2922585557655956E-003	0.0	6.8748594328922486E-003	0.0	0.0
1.2956692627599242E-004	0.0	2.9272691568998108E-004	0.0	0.0
1.7061119319470699E-006	0.0	4.1681783364839315E-006	0.0	0.0
4.9480857391304356E-010	0.0	8.3474118714555768E-010	0.0	0.0
0.0	0.0	0.0	0.0	0.0
0.0	0.0	0.0	0.0	0.0
0.0	0.0	0.0	0.0	0.0
0.32382150396975423	0.0	2.6280417844990547	0.0	0.0
0.41382555992438563	0.0	3.5488292665406429	0.0	0.0
0.19040736862003782	0.0	1.3496186313799623	0.0	0.0
2.1836965066162572E-002	0.0	0.11592849640831761	0.0	0.0
2.6099849603024574E-003	0.0	7.9284198487712659E-003	0.0	0.0
1.5997609224952742E-004	0.0	3.5833583364839315E-004	0.0	0.0
2.4395875009451790E-006	0.0	5.8437779206049147E-006	0.0	0.0
1.2224838487712665E-009	0.0	2.1545107826086956E-009	0.0	0.0
0.0	0.0	0.0	0.0	0.0
0.0	0.0	0.0	0.0	0.0
0.0	0.0	0.0	0.0	0.0
0.33341741625708882	0.0	2.5600891644612473	0.0	0.0
0.40583633648393186	0.0	3.4110814933837430	0.0	0.0
0.20847156294896027	0.0	1.4603548695652173	0.0	0.0
2.5172686956521740E-002	0.0	0.13598262646502834	0.0	0.0
2.9602873497164462E-003	0.0	9.1135371266540619E-003	0.0	0.0
1.9603814971644613E-004	0.0	4.3605387901701325E-004	0.0	0.0
3.4206995160680528E-006	0.0	8.0275481285444227E-006	0.0	0.0
2.5386420793950853E-009	0.0	4.6074382230623813E-009	0.0	0.0
0.0	0.0	0.0	0.0	0.0
0.0	0.0	0.0	0.0	0.0
0.0	0.0	0.0	0.0	0.0
0.0	0.0	0.0	0.0	0.0
0.39458214442344042	0.0	3.2330190964083174	0.0	0.0
0.22660208846880908	0.0	1.5688432173913045	0.0	0.0
2.9232155841209834E-002	0.0	0.16029669300567109	0.0	0.0
3.3444186465028357E-003	0.0	1.0442371984877125E-002	0.0	0.0
2.3822478714555765E-004	0.0	5.2714871455576554E-004	0.0	0.0
4.7113570888468810E-006	0.0	1.0851045822306239E-005	0.0	0.0
5.4576566880907372E-009	0.0	9.9190925897920593E-009	0.0	0.0
0.0	0.0	0.0	0.0	0.0
0.0	0.0	0.0	0.0	0.0
0.0	0.0	0.0	0.0	0.0
0.0	0.0	0.0	0.0	0.0
0.38070418525519845	0.0	3.0209803894139884	0.0	0.0
0.24397349035916824	0.0	1.6699614328922492	0.0	0.0
3.4083176937618150E-002	0.0	0.18917287145557654	0.0	0.0
3.7650320982986771E-003	0.0	1.1933349754253307E-002	0.0	0.0
2.8683817996219281E-004	0.0	6.3213624952741028E-004	0.0	0.0
6.3893151153119087E-006	0.0	1.4445090850661626E-005	0.0	0.0
1.2368556068052932E-008	0.0	2.2345504196597354E-008	0.0	0.0
0.0	0.0	0.0	0.0	0.0
0.0	0.0	0.0	0.0	0.0
0.0	0.0	0.0	0.0	0.0
0.0	0.0	0.0	0.0	0.0
0.36581651795841214	0.0	2.7907743062381858	0.0	0.0
0.26012882041587904	0.0	1.7611668204158792	0.0	0.0
3.9911477580340270E-002	0.0	0.22344398676748578	0.0	0.0
4.2280238109640832E-003	0.0	1.3609686351606804E-002	0.0	0.0
3.4310177013232516E-004	0.0	7.5429619281663517E-004	0.0	0.0
8.5530385633270321E-006	0.0	1.8974405671077502E-005	0.0	0.0
2.5115936937618152E-008	0.0	4.5621119092627603E-008	0.0	0.0
0.0	0.0	0.0	0.0	0.0
0.0	0.0	0.0	0.0	0.0
0.0	0.0	0.0	0.0	0.0
0.0	0.0	0.0	0.0	0.0
0.35164375349716442	0.0	2.5610472816635159	0.0	0.0
0.27534814366729682	0.0	1.8441913610586009	0.0	0.0
4.6848983137996222E-002	0.0	0.26357067221172020	0.0	0.0
4.7419431379962188E-003	0.0	1.5518919130434782E-002	0.0	0.0
4.0743565519848780E-004	0.0	8.9499201890359164E-004	0.0	0.0
1.1254192060491494E-005	0.0	2.4517850699432893E-005	0.0	0.0
4.4520021323251418E-008	0.0	8.1907965595463143E-008	0.0	0.0
0.0	0.0	0.0	0.0	0.0
0.0	0.0	0.0	0.0	0.0
0.0	0.0	0.0	0.0	0.0
0.0	0.0	0.0	0.0	0.0
0.33965254820415874	0.0	2.3474976975425328	0.0	0.0
0.28978623289224947	0.0	1.9195509640831763	0.0	0.0
5.4905274782608704E-002	0.0	0.30928391795841209	0.0	0.0
5.3129809905482044E-003	0.0	1.7695687712665407E-002	0.0	0.0
4.7997986767485829E-004	0.0	1.0548870396975424E-003	0.0	0.0
1.4651086049149335E-005	0.0	3.1362861096408325E-005	0.0	0.0
7.5123758790170130E-008	0.0	1.3922548468809075E-007	0.0	0.0
0.0	0.0	0.0	0.0	0.0
0.0	0.0	0.0	0.0	0.0
0.0	0.0	0.0	0.0	0.0
0.0	0.0	0.0	0.0	0.0
0.33091894139886585	0.0	2.1604068884688088	0.0	0.0
0.30315565293005675	0.0	1.9845923818525515	0.0	0.0
6.4005177164461247E-002	0.0	0.35970299319470700	0.0	0.0
5.9497604234404538E-003	0.0	2.0188634971644616E-002	0.0	0.0
5.6293807712665405E-004	0.0	1.2393614517958410E-003	0.0	0.0
1.8924288771266540E-005	0.0	3.9780289224952739E-005	0.0	0.0
1.2746643856332703E-007	0.0	2.3619800075614367E-007	0.0	0.0
0.0	0.0	0.0	0.0	0.0
0.0	0.0	0.0	0.0	0.0
0.0	0.0	0.0	0.0	0.0
0.0	0.0	0.0	0.0	0.0
0.32578195916824193	0.0	2.0036073232514178	0.0	0.0
0.31450565671077502	0.0	2.0328667485822303	0.0	0.0
7.3856096030245733E-002	0.0	0.41269055954631384	0.0	0.0
6.6619363100189032E-003	0.0	2.3051194366729675E-002	0.0	0.0
6.5700307599243855E-004	0.0	1.4502946389413987E-003	0.0	0.0
2.4218991833648392E-005	0.0	5.0057938752362946E-005	0.0	0.0
2.0079188506616253E-007	0.0	3.7443957277882794E-007	0.0	0.0
0.0	0.0	0.0	0.0	0.0
0.0	0.0	0.0	0.0	0.0
0.0	0.0	0.0	0.0	0.0
0.0	0.0	0.0	0.0	0.0
0.32427108204158794	0.0	1.8769147485822308	0.0	0.0
0.32316556219281661	0.0	2.0595834782608700	0.0	0.0
8.4056359168241973E-002	0.0	0.46601346691871459	0.0	0.0
7.4666810586011337E-003	0.0	2.6376598071833648E-002	0.0	0.0
7.6140837051039687E-004	0.0	1.6871338412098296E-003	0.0	0.0
3.0634692022684313E-005	0.0	6.2314468809073728E-005	0.0	0.0
3.0613318638941394E-007	0.0	5.7435441209829867E-007	0.0	0.0
0.0	0.0	0.0	0.0	0.0
0.0	0.0	0.0	0.0	0.0
0.0	0.0	0.0	0.0	0.0
0.0	0.0	0.0	0.0	0.0
0.32634208922495267	0.0	1.7779707221172023	0.0	0.0
0.32856049905482038	0.0	2.0628263364839321	0.0	0.0
9.4521947069943310E-002	0.0	0.51918897164461253	0.0	0.0
8.3842625330812857E-003	0.0	3.0268396446124769E-002	0.0	0.0
8.7822496786389389E-004	0.0	1.9555172098298674E-003	0.0	0.0
3.8447769300567104E-005	0.0	7.6969976937618152E-005	0.0	0.0
4.5062463062381854E-007	0.0	8.4900239319470698E-007	0.0	0.0
0.0	0.0	0.0	0.0	0.0
0.0	0.0	0.0	0.0	0.0
0.0	0.0	0.0	0.0	0.0
0.0	0.0	0.0	0.0	0.0
0.33180335727788279	0.0	1.7032744310018901	0.0	0.0
0.33141274026465023	0.0	2.0481597731568999	0.0	0.0
0.10517915841209831	0.0	0.57195911909262753	0.0	0.0
9.4492466540642712E-003	0.0	3.4901630132325140E-002	0.0	0.0
1.0088974139886579E-003	0.0	2.2597194215500942E-003	0.0	0.0
4.7805626313799625E-005	0.0	9.4282417769376184E-005	0.0	0.0
6.5660508884688082E-007	0.0	1.2375926200378070E-006	0.0	0.0
0.0	0.0	0.0	0.0	0.0
0.0	0.0	0.0	0.0	0.0
0.0	0.0	0.0	0.0	0.0
0.0	0.0	0.0	0.0	0.0
0.34053696408317574	0.0	1.6495461663516069	0.0	0.0
0.33254037051039692	0.0	2.0204849262759921	0.0	0.0
0.11620487637051040	0.0	0.62535572778827964	0.0	0.0
1.0693324990548205E-002	0.0	4.0443601134215502E-002	0.0	0.0
1.1535731115311912E-003	0.0	2.6013619054820413E-003	0.0	0.0
5.9009701474480157E-005	0.0	1.1478244083175803E-004	0.0	0.0
9.1883439697542540E-007	0.0	1.7369190850661623E-006	0.0	0.0
0.0	0.0	0.0	0.0	0.0
0.0	0.0	0.0	0.0	0.0
0.0	0.0	0.0	0.0	0.0
0.0	0.0	0.0	0.0	0.0
0.35251342911153116	0.0	1.6140958298676746	0.0	0.0
0.33177387674858227	0.0	1.9777381587901701	0.0	0.0
0.12764332173913043	0.0	0.67974730434782615	0.0	0.0
1.2172510548204157E-002	0.0	4.7157791682419653E-002	0.0	0.0
1.3137997882797731E-003	0.0	2.9857143062381858E-003	0.0	0.0
7.2261199395085083E-005	0.0	1.3867272476370514E-004	0.0	0.0
1.2623562646502834E-006	0.0	2.3866699508506616E-006	0.0	0.0
0.0	0.0	0.0	0.0	0.0
0.0	0.0	0.0	0.0	0.0
0.0	0.0	0.0	0.0	0.0
0.0	0.0	0.0	0.0	0.0
0.36776960302457468	0.0	1.5947492325141779	0.0	0.0
0.32882582381852549	0.0	1.9158290472589792	0.0	0.0
0.13968611795841210	0.0	0.73587086200378071	0.0	0.0
1.3940605293005672E-002	0.0	5.5309158034026466E-002	0.0	0.0
1.4908303667296788E-003	0.0	3.4177883137996219E-003	0.0	0.0
8.8028860491493386E-005	0.0	1.6683768544423441E-004	0.0	0.0
1.7134820642722118E-006	0.0	3.2324294858223058E-006	0.0	0.0
0.0	0.0	0.0	0.0	0.0
0.0	0.0	0.0	0.0	0.0
0.0	0.0	0.0	0.0	0.0
0.0	0.0	0.0	0.0	0.0
0.38643814820415884	0.0	1.5901060491493384	0.0	0.0
0.32327611417769375	0.0	1.8300775576559543	0.0	0.0
0.15194264801512283	0.0	0.79166276370510402	0.0	0.0
1.6111109262759927E-002	0.0	6.5398869187145547E-002	0.0	0.0
1.6870969905482039E-003	0.0	3.9046961058601128E-003	0.0	0.0
1.0660159395085065E-004	0.0	1.9974164120982991E-004	0.0	0.0
2.2955014139886575E-006	0.0	4.3130014366729674E-006	0.0	0.0
0.0	0.0	0.0	0.0	0.0
0.0	0.0	0.0	0.0	0.0
0.0	0.0	0.0	0.0	0.0
0.0	0.0	0.0	0.0	0.0
0.40874753875236286	0.0	1.5990976105860113	0.0	0.0
0.31505841663516065	0.0	1.7203362873345933	0.0	0.0
0.16394122344045373	0.0	0.84446976181474465	0.0	0.0
1.8752564688090740E-002	0.0	7.7681194706994319E-002	0.0	0.0
1.9025996597353497E-003	0.0	4.4511914177693774E-003	0.0	0.0
1.2801182835538752E-004	0.0	2.3740670245746688E-004	0.0	0.0
3.0331042570888469E-006	0.0	5.6735278638941398E-006	0.0	0.0
0.0	0.0	0.0	0.0	0.0
0.0	0.0	0.0	0.0	0.0
0.0	0.0	0.0	0.0	0.0
0.0	0.0	0.0	0.0	0.0
0.43500732022684302	0.0	1.6213185595463140	0.0	0.0
0.30506451720226846	0.0	1.5944544272211718	0.0	0.0
0.17507749338374290	0.0	0.89193341398865778	0.0	0.0
2.1916562495274104E-002	0.0	9.2358813232514200E-002	0.0	0.0
2.1424237655954630E-003	0.0	5.0702825330812846E-003	0.0	0.0
1.5281969376181474E-004	0.0	2.8084994744801512E-004	0.0	0.0
3.9754493761814756E-006	0.0	7.3878206427221167E-006	0.0	0.0
0.0	0.0	0.0	0.0	0.0
0.0	0.0	0.0	0.0	0.0
0.0	0.0	0.0	0.0	0.0
0.0	0.0	0.0	0.0	0.0
0.46565970056710776	0.0	1.6566583440453682	0.0	0.0
0.29516642948960298	0.0	1.4654771115311909	0.0	0.0
0.18575681512287334	0.0	0.93593310396975438	0.0	0.0
2.5701125444234404E-002	0.0	0.10978917618147450	0.0	0.0
2.4052426843100190E-003	0.0	5.7652860113421535E-003	0.0	0.0
1.8146002797731568E-004	0.0	3.3088577580340253E-004	0.0	0.0
5.1257796294896035E-006	0.0	9.4636184120982996E-006	0.0	0.0
0.0	0.0	0.0	0.0	0.0
0.0	0.0	0.0	0.0	0.0
0.0	0.0	0.0	0.0	0.0
0.0	0.0	0.0	0.0	0.0
0.50124269943289235	0.0	1.7054854706994329	0.0	0.0
0.28670551758034030	0.0	1.3435014215500944	0.0	0.0
0.19609711077504724	0.0	0.97786915689981102	0.0	0.0
3.0205750321361059E-002	0.0	0.13028551417769374	0.0	0.0
2.6942992741020798E-003	0.0	6.5476255576559549E-003	0.0	0.0
2.1409497391304349E-004	0.0	3.8763210964083179E-004	0.0	0.0
6.5519739357277886E-006	0.0	1.2001891984877129E-005	0.0	0.0
0.0	0.0	0.0	0.0	0.0
0.0	0.0	0.0	0.0	0.0
0.0	0.0	0.0	0.0	0.0
0.0	0.0	0.0	0.0	0.0
0.54244173913043481	0.0	1.7686106540642719	0.0	0.0
0.28058830775047255	0.0	1.2349025217391305	0.0	0.0
0.20657743894139888	0.0	1.0186259886578450	0.0	0.0
3.5496031304347822E-002	0.0	0.15395100907372403	0.0	0.0
3.0159318487712667E-003	0.0	7.4405170888468810E-003	0.0	0.0
2.5125518109640830E-004	0.0	4.5252612476370503E-004	0.0	0.0
8.3024540642722109E-006	0.0	1.5075974177693763E-005	0.0	0.0
0.0	0.0	0.0	0.0	0.0
0.0	0.0	0.0	0.0	0.0
0.0	0.0	0.0	0.0	0.0
0.0	0.0	0.0	0.0	0.0
0.59011175500945190	0.0	1.8471762646502838	0.0	0.0
0.27720541701323248	0.0	1.1429232703213612	0.0	0.0
0.21656396824196597	0.0	1.0545922344045369	0.0	0.0
4.1415721587901709E-002	0.0	0.17983859886578452	0.0	0.0
3.3736780718336486E-003	0.0	8.4620174291115315E-003	0.0	0.0
2.9357448090737247E-004	0.0	5.2641170132325138E-004	0.0	0.0
1.0477380113421550E-005	0.0	1.8825160491493383E-005	0.0	0.0
0.0	0.0	0.0	0.0	0.0
0.0	0.0	0.0	0.0	0.0
0.0	0.0	0.0	0.0	0.0
0.0	0.0	0.0	0.0	0.0
0.0	0.0	0.0	0.0	0.0
0.27679268960302456	0.0	1.0684112325141777	0.0	0.0
0.22531231531190923	0.0	1.0816037693761813	0.0	0.0
4.7699496408317582E-002	0.0	0.20654795841209830	0.0	0.0
3.7732129451795841E-003	0.0	9.6368165217391288E-003	0.0	0.0
3.4122238638941397E-004	0.0	6.0973104725897914E-004	0.0	0.0
1.3104095274102081E-005	0.0	2.3290355160680531E-005	0.0	0.0
0.0	0.0	0.0	0.0	0.0
0.0	0.0	0.0	0.0	0.0
0.0	0.0	0.0	0.0	0.0
0.0	0.0	0.0	0.0	0.0
0.0	0.0	0.0	0.0	0.0
0.27935012551984872	0.0	1.0104819924385631	0.0	0.0
0.23185699281663522	0.0	1.0953490661625709	0.0	0.0
5.4136569981096408E-002	0.0	0.23300673345935730	0.0	0.0
4.2244861474480151E-003	0.0	1.1006187107750474E-002	0.0	0.0
3.9482535879017006E-004	0.0	7.0403189035916827E-004	0.0	0.0
1.6262196975425328E-005	0.0	2.8591322835538756E-005	0.0	0.0
0.0	0.0	0.0	0.0	0.0
0.0	0.0	0.0	0.0	0.0
0.0	0.0	0.0	0.0	0.0
0.0	0.0	0.0	0.0	0.0
0.0	0.0	0.0	0.0	0.0
0.28474506238185249	0.0	0.96707191304347817	0.0	0.0
0.23622748128544421	0.0	1.0967493913043478	0.0	0.0
6.0635552665406420E-002	0.0	0.25892011871455578	0.0	0.0
4.7355311228733446E-003	0.0	1.2605505822306240E-002	0.0	0.0
4.5505408015122868E-004	0.0	8.1053030245746690E-004	0.0	0.0
2.0062237202268426E-005	0.0	3.4857040831758034E-005	0.0	0.0
0.0	0.0	0.0	0.0	0.0
0.0	0.0	0.0	0.0	0.0
0.0	0.0	0.0	0.0	0.0
0.0	0.0	0.0	0.0	0.0
0.0	0.0	0.0	0.0	0.0
0.29286694820415876	0.0	0.93615420793950843	0.0	0.0
0.23906498223062381	0.0	1.0908164347826084	0.0	0.0
6.7308470472589782E-002	0.0	0.28496616635160676	0.0	0.0
5.3184348884688102E-003	0.0	1.4488206124763706E-002	0.0	0.0
5.2229916748582246E-004	0.0	9.3025810207939506E-004	0.0	0.0
2.4571284158790169E-005	0.0	4.2190322495274105E-005	0.0	0.0
0.0	0.0	0.0	0.0	0.0
0.0	0.0	0.0	0.0	0.0
0.0	0.0	0.0	0.0	0.0
0.0	0.0	0.0	0.0	0.0
0.0	0.0	0.0	0.0	0.0
0.30367156219281660	0.0	0.91592319470699435	0.0	0.0
0.24132761285444237	0.0	1.0816406200378070	0.0	0.0
7.4143531190926273E-002	0.0	0.31113382117202265	0.0	0.0
5.9939075160680534E-003	0.0	1.6745309149338375E-002	0.0	0.0
5.9718708204158793E-004	0.0	1.0647630170132324E-003	0.0	0.0
2.9933792438563322E-005	0.0	5.0780211720226852E-005	0.0	0.0
0.0	0.0	0.0	0.0	0.0
0.0	0.0	0.0	0.0	0.0
0.0	0.0	0.0	0.0	0.0
0.0	0.0	0.0	0.0	0.0
0.0	0.0	0.0	0.0	0.0
0.31719575500945174	0.0	0.90508910018903599	0.0	0.0
0.24301537315689978	0.0	1.0681164272211721	0.0	0.0
8.1329410207939504E-002	0.0	0.33815641134215502	0.0	0.0
6.7827327788279766E-003	0.0	1.9467836030245746E-002	0.0	0.0
6.8052853837429123E-004	0.0	1.2159612816635161E-003	0.0	0.0
3.6193245822306233E-005	0.0	6.0645133837429122E-005	0.0	0.0
0.0	0.0	0.0	0.0	0.0
0.0	0.0	0.0	0.0	0.0
0.0	0.0	0.0	0.0	0.0
0.0	0.0	0.0	0.0	0.0
0.0	0.0	0.0	0.0	0.0
0.33354270850661627	0.0	0.90262010586011343	0.0	0.0
0.24358287334593576	0.0	1.0463376862003779	0.0	0.0
8.9001717958412122E-002	0.0	0.36660880718336480	0.0	0.0
7.7320058223062389E-003	0.0	2.2828616370510393E-002	0.0	0.0
7.7290577693761814E-004	0.0	1.3856217277882798E-003	0.0	0.0
4.3671719092627596E-005	0.0	7.2260462381852549E-005	0.0	0.0
0.0	0.0	0.0	0.0	0.0
0.0	0.0	0.0	0.0	0.0
0.0	0.0	0.0	0.0	0.0
0.0	0.0	0.0	0.0	0.0
0.0	0.0	0.0	0.0	0.0
0.35286719546313799	0.0	0.90788975047258980	0.0	0.0
0.24224150926275992	0.0	1.0116980642722115	0.0	0.0
9.7204675236294905E-002	0.0	0.39654996975425333	0.0	0.0
8.8787984120982967E-003	0.0	2.6992004120982981E-002	0.0	0.0
8.7638243478260866E-004	0.0	1.5777242268431003E-003	0.0	0.0
5.2391322646502852E-005	0.0	8.5626197353497175E-005	0.0	0.0
0.0	0.0	0.0	0.0	0.0
0.0	0.0	0.0	0.0	0.0
0.0	0.0	0.0	0.0	0.0
0.0	0.0	0.0	0.0	0.0
0.0	0.0	0.0	0.0	0.0
0.37543454064272214	0.0	0.92045582608695664	0.0	0.0
0.23845326124763708	0.0	0.96077044990548210	0.0	0.0
0.10534130132325142	0.0	0.42525663516068057	0.0	0.0
1.0273964461247636E-002	0.0	3.2125669792060489E-002	0.0	0.0
9.8995617391304342E-004	0.0	1.7921950775047254E-003	0.0	0.0
6.2475137693761816E-005	0.0	1.0089711153119092E-004	0.0	0.0
0.0	0.0	0.0	0.0	0.0
0.0	0.0	0.0	0.0	0.0
0.0	0.0	0.0	0.0	0.0
0.0	0.0	0.0	0.0	0.0
0.0	0.0	0.0	0.0	0.0
0.40157640000000006	0.0	0.94028148204158779	0.0	0.0
0.23263822684310015	0.0	0.89613438941398860	0.0	0.0
0.11291779735349718	0.0	0.45068359168241962	0.0	0.0
1.1965409829867674E-002	0.0	3.8416814744801506E-002	0.0	0.0
1.1156169300567107E-003	0.0	2.0332721058601132E-003	0.0	0.0
7.4143531190926285E-005	0.0	1.1836801020793952E-004	0.0	0.0
0.0	0.0	0.0	0.0	0.0
0.0	0.0	0.0	0.0	0.0
0.0	0.0	0.0	0.0	0.0
0.0	0.0	0.0	0.0	0.0
0.0	0.0	0.0	0.0	0.0
0.43172024120982988	0.0	0.96744041965973537	0.0	0.0
0.22622621172022683	0.0	0.82597072967863894	0.0	0.0
0.11992679319470698	0.0	0.47356785255198480	0.0	0.0
1.4017991682419661E-002	0.0	4.6037531568998126E-002	0.0	0.0
1.2545439243856333E-003	0.0	2.3043455727788276E-003	0.0	0.0
8.7586652551984858E-005	0.0	1.3832264347826088E-004	0.0	0.0
0.0	0.0	0.0	0.0	0.0
0.0	0.0	0.0	0.0	0.0
0.0	0.0	0.0	0.0	0.0
0.0	0.0	0.0	0.0	0.0
0.0	0.0	0.0	0.0	0.0
0.46640408393194710	0.0	1.0022642948960303	0.0	0.0
0.22040380718336480	0.0	0.75739164839319462	0.0	0.0
0.12696526956521736	0.0	0.49626786011342150	0.0	0.0
1.6466349640831761E-002	0.0	5.5099109262759918E-002	0.0	0.0
1.4089481965973533E-003	0.0	2.6116063894139892E-003	0.0	0.0
1.0299022911153119E-004	0.0	1.6091578412098296E-004	0.0	0.0
0.0	0.0	0.0	0.0	0.0
0.0	0.0	0.0	0.0	0.0
0.0	0.0	0.0	0.0	0.0
0.0	0.0	0.0	0.0	0.0
0.0	0.0	0.0	0.0	0.0
0.50627649981096412	0.0	1.0453058676748581	0.0	0.0
0.21604805897920609	0.0	0.69481922495274073	0.0	0.0
0.13430592136105859	0.0	0.51970488090737244	0.0	0.0
1.9384922041587902E-002	0.0	6.5852132325141782E-002	0.0	0.0
1.5791245519848774E-003	0.0	2.9577446540642719E-003	0.0	0.0
1.2049429338374291E-004	0.0	1.8644960756143664E-004	0.0	0.0
0.0	0.0	0.0	0.0	0.0
0.0	0.0	0.0	0.0	0.0
0.0	0.0	0.0	0.0	0.0
0.0	0.0	0.0	0.0	0.0
0.0	0.0	0.0	0.0	0.0
0.55215557353497158	0.0	1.0973390018903595	0.0	0.0
0.21361591531190927	0.0	0.64042764839319477	0.0	0.0
0.14166131342155011	0.0	0.54233118714555761	0.0	0.0
2.2823825784499055E-002	0.0	7.8385042344045364E-002	0.0	0.0
1.7680210434782608E-003	0.0	3.3523415387523626E-003	0.0	0.0
1.4054105330812858E-004	0.0	2.1548424385633267E-004	0.0	0.0
0.0	0.0	0.0	0.0	0.0
0.0	0.0	0.0	0.0	0.0
0.0	0.0	0.0	0.0	0.0
0.0	0.0	0.0	0.0	0.0
0.0	0.0	0.0	0.0	0.0
0.60500679243856337	0.0	1.1593955160680527	0.0	0.0
0.21343166200378072	0.0	0.59572779584120983	0.0	0.0
0.14897248468809074	0.0	0.56329921361058599	0.0	0.0
2.6702726427221171E-002	0.0	9.2226150850661617E-002	0.0	0.0
1.9774065028355390E-003	0.0	3.8011457466918717E-003	0.0	0.0
1.6338109338374292E-004	0.0	2.4834766389413986E-004	0.0	0.0
0.0	0.0	0.0	0.0	0.0
0.0	0.0	0.0	0.0	0.0
0.0	0.0	0.0	0.0	0.0
0.0	0.0	0.0	0.0	0.0
0.0	0.0	0.0	0.0	0.0
0.66603885822306241	0.0	1.2328020340264649	0.0	0.0
0.21551003931947069	0.0	0.56068281663516073	0.0	0.0
0.15554664272211721	0.0	0.57955035538752364	0.0	0.0
3.0802731039697540E-002	0.0	0.10639523024574671	0.0	0.0
2.2121452173913042E-003	0.0	4.3177920226843101E-003	0.0	0.0
1.8897756294896032E-004	0.0	2.8507671833648388E-004	0.0	0.0
0.0	0.0	0.0	0.0	0.0
0.0	0.0	0.0	0.0	0.0
0.0	0.0	0.0	0.0	0.0
0.0	0.0	0.0	0.0	0.0
0.0	0.0	0.0	0.0	0.0
0.73671842722117209	0.0	1.3192905368620040	0.0	0.0
0.21980682646502836	0.0	0.53440829489603026	0.0	0.0
0.16023404688090734	0.0	0.58658883175803389	0.0	0.0
3.4871781096408309E-002	0.0	0.11999680945179583	0.0	0.0
2.4734164083175807E-003	0.0	4.9129302079395087E-003	0.0	0.0
2.1794218298676744E-004	0.0	3.2651160226843096E-004	0.0	0.0
0.0	0.0	0.0	0.0	0.0
0.0	0.0	0.0	0.0	0.0
0.0	0.0	0.0	0.0	0.0
0.0	0.0	0.0	0.0	0.0
0.0	0.0	0.0	0.0	0.0
0.81889540264650285	0.0	1.4209615122873347	0.0	0.0
0.22627780264650282	0.0	0.51579871077504724	0.0	0.0
0.16304206729678641	0.0	0.58566756521739149	0.0	0.0
3.8906191531190924E-002	0.0	0.13309721965973534	0.0	0.0
2.7708012476370509E-003	0.0	5.6116187523629502E-003	0.0	0.0
2.5050342759924389E-004	0.0	3.7303924763705109E-004	0.0	0.0
0.0	0.0	0.0	0.0	0.0
0.0	0.0	0.0	0.0	0.0
0.0	0.0	0.0	0.0	0.0
0.0	0.0	0.0	0.0	0.0
0.0	0.0	0.0	0.0	0.0
0.91470712287334588	0.0	1.5405787599243852	0.0	0.0
0.23483452627599244	0.0	0.50360114177693760	0.0	0.0
0.16540050964083175	0.0	0.58316172022684309	0.0	0.0
4.3020936408317584E-002	0.0	0.14616446427221172	0.0	0.0
3.1052578525519840E-003	0.0	6.4289664272211711E-003	0.0	0.0
2.8692662155009450E-004	0.0	4.2521978449905476E-004	0.0	0.0
0.0	0.0	0.0	0.0	0.0
0.0	0.0	0.0	0.0	0.0
0.0	0.0	0.0	0.0	0.0
0.0	0.0	0.0	0.0	0.0
0.0	0.0	0.0	0.0	0.0
1.0271016408317579	0.0	1.6814956899810969	0.0	0.0
0.24548436748582228	0.0	0.49689432136105866	0.0	0.0
0.16787687410207941	0.0	0.58117178449905482	0.0	0.0
4.7300035236294891E-002	0.0	0.15952282911153123	0.0	0.0
3.4906420718336475E-003	0.0	7.4058774669187146E-003	0.0	0.0
3.2800036899810963E-004	0.0	4.8407029111531189E-004	0.0	0.0
0.0	0.0	0.0	0.0	0.0
0.0	0.0	0.0	0.0	0.0
0.0	0.0	0.0	0.0	0.0
0.0	0.0	0.0	0.0	0.0
0.0	0.0	0.0	0.0	0.0
0.0	0.0	0.0	0.0	0.0
0.25826417693761816	0.0	0.49497808695652179	0.0	0.0
0.17018372551984878	0.0	0.57796577693761819	0.0	0.0
5.1823085444234397E-002	0.0	0.17344500907372401	0.0	0.0
3.9412519621928165E-003	0.0	8.5928372778827974E-003	0.0	0.0
3.7361411795841206E-004	0.0	5.4959076748582216E-004	0.0	0.0
0.0	0.0	0.0	0.0	0.0
0.0	0.0	0.0	0.0	0.0
0.0	0.0	0.0	0.0	0.0
0.0	0.0	0.0	0.0	0.0
0.0	0.0	0.0	0.0	0.0
0.0	0.0	0.0	0.0	0.0
0.27327713648393193	0.0	0.49741023062381845	0.0	0.0
0.17198203780718335	0.0	0.57148006049149336	0.0	0.0
5.6677791606805299E-002	0.0	0.18825528998109639	0.0	0.0
4.4755865557655952E-003	0.0	1.0053597504725896E-002	0.0	0.0
4.2476283629489604E-004	0.0	6.2355004536861994E-004	0.0	0.0
0.0	0.0	0.0	0.0	0.0
0.0	0.0	0.0	0.0	0.0
0.0	0.0	0.0	0.0	0.0
0.0	0.0	0.0	0.0	0.0
0.0	0.0	0.0	0.0	0.0
0.0	0.0	0.0	0.0	0.0
0.29070749943289231	0.0	0.50389594706994334	0.0	0.0
0.17271168090737241	0.0	0.55898768620037831	0.0	0.0
6.2021874555765591E-002	0.0	0.20436271417769375	0.0	0.0
5.1128818979206039E-003	0.0	1.1864439017013232E-002	0.0	0.0
4.8152022533081286E-004	0.0	7.0620607939508504E-004	0.0	0.0
0.0	0.0	0.0	0.0	0.0
0.0	0.0	0.0	0.0	0.0
0.0	0.0	0.0	0.0	0.0
0.0	0.0	0.0	0.0	0.0
0.0	0.0	0.0	0.0	0.0
0.0	0.0	0.0	0.0	0.0
0.31077636975425343	0.0	0.51432468431001888	0.0	0.0
0.17167986238185254	0.0	0.53698784120982979	0.0	0.0
6.7557580945179593E-002	0.0	0.22064702155009455	0.0	0.0
5.8903571568998114E-003	0.0	1.4139230359168243E-002	0.0	0.0
5.4420320075614353E-004	0.0	7.9851698676748563E-004	0.0	0.0
0.0	0.0	0.0	0.0	0.0
0.0	0.0	0.0	0.0	0.0
0.0	0.0	0.0	0.0	0.0
0.0	0.0	0.0	0.0	0.0
0.0	0.0	0.0	0.0	0.0
0.0	0.0	0.0	0.0	0.0
0.33377855274102081	0.0	0.52865959168241983	0.0	0.0
0.16854755614366726	0.0	0.50441185633270313	0.0	0.0
7.2807326200378067E-002	0.0	0.23533938034026458	0.0	0.0
6.8385983818525517E-003	0.0	1.6975257277882797E-002	0.0	0.0
6.1408679546313808E-004	0.0	9.0243585255198478E-004	0.0	0.0
0.0	0.0	0.0	0.0	0.0
0.0	0.0	0.0	0.0	0.0
0.0	0.0	0.0	0.0	0.0
0.0	0.0	0.0	0.0	0.0
0.0	0.0	0.0	0.0	0.0
0.0	0.0	0.0	0.0	0.0
0.36010466540642716	0.0	0.54704807183364845	0.0	0.0
0.16438343137996217	0.0	0.46582921361058599	0.0	0.0
7.7401129678638922E-002	0.0	0.24732321550094521	0.0	0.0
7.9848013610586011E-003	0.0	2.0438482457466919E-002	0.0	0.0
6.9174587977315690E-004	0.0	1.0192893005671079E-003	0.0	0.0
0.0	0.0	0.0	0.0	0.0
0.0	0.0	0.0	0.0	0.0
0.0	0.0	0.0	0.0	0.0
0.0	0.0	0.0	0.0	0.0
0.0	0.0	0.0	0.0	0.0
0.0	0.0	0.0	0.0	0.0
0.39018954555765600	0.0	0.56971122873345925	0.0	0.0
0.16042567032136104	0.0	0.42706231758034030	0.0	0.0
8.1778988279773146E-002	0.0	0.25858109262759926	0.0	0.0
9.3453277882797735E-003	0.0	2.4585287410207941E-002	0.0	0.0
7.7747525897920616E-004	0.0	1.1503671039697545E-003	0.0	0.0
0.0	0.0	0.0	0.0	0.0
0.0	0.0	0.0	0.0	0.0
0.0	0.0	0.0	0.0	0.0
0.0	0.0	0.0	0.0	0.0
0.0	0.0	0.0	0.0	0.0
0.0	0.0	0.0	0.0	0.0
0.42460069338374290	0.0	0.59698071833648392	0.0	0.0
0.15757342911153119	0.0	0.39142772778827972	0.0	0.0
8.6510613232514175E-002	0.0	0.27114348317580339	0.0	0.0
1.0979286124763708E-002	0.0	2.9571181928166351E-002	0.0	0.0
8.7210775803402650E-004	0.0	1.2979540037807184E-003	0.0	0.0
0.0	0.0	0.0	0.0	0.0
0.0	0.0	0.0	0.0	0.0
0.0	0.0	0.0	0.0	0.0
0.0	0.0	0.0	0.0	0.0
0.0	0.0	0.0	0.0	0.0
0.0	0.0	0.0	0.0	0.0
0.46401616105860111	0.0	0.62937244990548202	0.0	0.0
0.15601833119092628	0.0	0.35987987637051050	0.0	0.0
9.1684446124763702E-002	0.0	0.28479296824196593	0.0	0.0
1.2957429640831759E-002	0.0	3.5597370623818528E-002	0.0	0.0
9.7779545557655939E-004	0.0	1.4658824688090735E-003	0.0	0.0
0.0	0.0	0.0	0.0	0.0
0.0	0.0	0.0	0.0	0.0
0.0	0.0	0.0	0.0	0.0
0.0	0.0	0.0	0.0	0.0
0.0	0.0	0.0	0.0	0.0
0.0	0.0	0.0	0.0	0.0
0.50923929300567106	0.0	0.66743918336483943	0.0	0.0
0.15597411039697545	0.0	0.33324790321361053	0.0	0.0
9.6902499810964091E-002	0.0	0.29795233950850658	0.0	0.0
1.5297446654064274E-002	0.0	4.2687806427221177E-002	0.0	0.0
1.0957175727788280E-003	0.0	1.6573216559546313E-003	0.0	0.0
0.0	0.0	0.0	0.0	0.0
0.0	0.0	0.0	0.0	0.0
0.0	0.0	0.0	0.0	0.0
0.0	0.0	0.0	0.0	0.0
0.0	0.0	0.0	0.0	0.0
0.0	0.0	0.0	0.0	0.0
0.56126505708884689	0.0	0.71202848393194706	0.0	0.0
0.15762502003780718	0.0	0.31210667863894137	0.0	0.0
0.10211318336483932	0.0	0.31023466502835534	0.0	0.0
1.7903525444234406E-002	0.0	5.0448555765595454E-002	0.0	0.0
1.2256530056710777E-003	0.0	1.8732665330812854E-003	0.0	0.0
0.0	0.0	0.0	0.0	0.0
0.0	0.0	0.0	0.0	0.0
0.0	0.0	0.0	0.0	0.0
0.0	0.0	0.0	0.0	0.0
0.0	0.0	0.0	0.0	0.0
0.0	0.0	0.0	0.0	0.0
0.62130952514177695	0.0	0.76406161814744811	0.0	0.0
0.16097843024574668	0.0	0.29628300453686202	0.0	0.0
0.10664581474480153	0.0	0.31923359659735351	0.0	0.0
2.0560458147448016E-002	0.0	5.8124548582230623E-002	0.0	0.0
1.3709920151228734E-003	0.0	2.1223770056710777E-003	0.0	0.0
0.0	0.0	0.0	0.0	0.0
0.0	0.0	0.0	0.0	0.0
0.0	0.0	0.0	0.0	0.0
0.0	0.0	0.0	0.0	0.0
0.0	0.0	0.0	0.0	0.0
0.0	0.0	0.0	0.0	0.0
0.69084672362948962	0.0	0.82475465784499047	0.0	0.0
0.16600486049149338	0.0	0.28513199432892250	0.0	0.0
0.10952016635160682	0.0	0.32164731493383747	0.0	0.0
2.3142952514177691E-002	0.0	6.5299372400756131E-002	0.0	0.0
1.5332823289224953E-003	0.0	2.4093699584120981E-003	0.0	0.0
0.0	0.0	0.0	0.0	0.0
0.0	0.0	0.0	0.0	0.0
0.0	0.0	0.0	0.0	0.0
0.0	0.0	0.0	0.0	0.0
0.0	0.0	0.0	0.0	0.0
0.0	0.0	0.0	0.0	0.0
0.77172655576559535	0.0	0.89565533081285431	0.0	0.0
0.17260112892249529	0.0	0.27788715425330812	0.0	0.0
0.11111211493383744	0.0	0.31952471682419664	0.0	0.0
2.5688596219281660E-002	0.0	7.2179390926276010E-002	0.0	0.0
1.7159879092627595E-003	0.0	2.7434580567107752E-003	0.0	0.0
0.0	0.0	0.0	0.0	0.0
0.0	0.0	0.0	0.0	0.0
0.0	0.0	0.0	0.0	0.0
0.0	0.0	0.0	0.0	0.0
0.0	0.0	0.0	0.0	0.0
0.0	0.0	0.0	0.0	0.0
0.86613795085066148	0.0	0.97860617013232531	0.0	0.0
0.18074512514177696	0.0	0.27390728279773158	0.0	0.0
0.11274828431001888	0.0	0.31796224877126650	0.0	0.0
2.8305730207939507E-002	0.0	7.9129425708884704E-002	0.0	0.0
1.9224253156899808E-003	0.0	3.1352911417769380E-003	0.0	0.0
0.0	0.0	0.0	0.0	0.0
0.0	0.0	0.0	0.0	0.0
0.0	0.0	0.0	0.0	0.0
0.0	0.0	0.0	0.0	0.0
0.0	0.0	0.0	0.0	0.0
0.0	0.0	0.0	0.0	0.0
0.97691103969754278	0.0	1.0760024688090737	0.0	0.0
0.19045895954631381	0.0	0.27273911682419660	0.0	0.0
0.11479718109640834	0.0	0.31791065784499045	0.0	0.0
3.1051841512287338E-002	0.0	8.6282139130434796E-002	0.0	0.0
2.1593013686200379E-003	0.0	3.6029628884688089E-003	0.0	0.0
0.0	0.0	0.0	0.0	0.0
0.0	0.0	0.0	0.0	0.0
0.0	0.0	0.0	0.0	0.0
0.0	0.0	0.0	0.0	0.0
0.0	0.0	0.0	0.0	0.0
0.0	0.0	0.0	0.0	0.0
1.1076571871455576	0.0	1.1907554291115310	0.0	0.0
0.20181633345935726	0.0	0.27405837051039700	0.0	0.0
0.11695662986767486	0.0	0.31769692400756139	0.0	0.0
3.3933563251417768E-002	0.0	9.3674381852551974E-002	0.0	0.0
2.4322910699432891E-003	0.0	4.1681783364839325E-003	0.0	0.0
0.0	0.0	0.0	0.0	0.0
0.0	0.0	0.0	0.0	0.0
0.0	0.0	0.0	0.0	0.0
0.0	0.0	0.0	0.0	0.0
0.0	0.0	0.0	0.0	0.0
0.0	0.0	0.0	0.0	0.0
1.2627247712665404	0.0	1.3266975198487712	0.0	0.0
0.21492042873345937	0.0	0.27766236521739129	0.0	0.0
0.11880653308128540	0.0	0.31599073837429109	0.0	0.0
3.7098298071833652E-002	0.0	0.10177415727788279	0.0	0.0
2.7548817618147448E-003	0.0	4.8646558412098308E-003	0.0	0.0
0.0	0.0	0.0	0.0	0.0
0.0	0.0	0.0	0.0	0.0
0.0	0.0	0.0	0.0	0.0
0.0	0.0	0.0	0.0	0.0
0.0	0.0	0.0	0.0	0.0
0.0	0.0	0.0	0.0	0.0
1.4478624952741022	0.0	1.4885824763705102	0.0	0.0
0.22991864801512288	0.0	0.28343686389413991	0.0	0.0
0.12012578676748584	0.0	0.31157971417769381	0.0	0.0
4.0652175879017018E-002	0.0	0.11085416030245746	0.0	0.0
3.1406344877126656E-003	0.0	5.7358054820415881E-003	0.0	0.0
0.0	0.0	0.0	0.0	0.0
0.0	0.0	0.0	0.0	0.0
0.0	0.0	0.0	0.0	0.0
0.0	0.0	0.0	0.0	0.0
0.0	0.0	0.0	0.0	0.0
0.0	0.0	0.0	0.0	0.0
1.6702930888468810	0.0	1.6826749111531192	0.0	0.0
0.24704683553875240	0.0	0.29135607107750477	0.0	0.0
0.12014052703213611	0.0	0.30153422381852552	0.0	0.0
4.4455901172022680E-002	0.0	0.12036900113421549	0.0	0.0
3.6104804234404534E-003	0.0	6.8413253308128542E-003	0.0	0.0
0.0	0.0	0.0	0.0	0.0
0.0	0.0	0.0	0.0	0.0
0.0	0.0	0.0	0.0	0.0
0.0	0.0	0.0	0.0	0.0
0.0	0.0	0.0	0.0	0.0
0.0	0.0	0.0	0.0	0.0
0.0	0.0	0.0	0.0	0.0
0.26652609527410209	0.0	0.30146420756143660	0.0	0.0
0.11847487712665405	0.0	0.28432864990548201	0.0	0.0
4.7996512741020805E-002	0.0	0.12881148771266543	0.0	0.0
4.1834345103969762E-003	0.0	8.2390709262759911E-003	0.0	0.0
0.0	0.0	0.0	0.0	0.0
0.0	0.0	0.0	0.0	0.0
0.0	0.0	0.0	0.0	0.0
0.0	0.0	0.0	0.0	0.0
0.0	0.0	0.0	0.0	0.0
0.0	0.0	0.0	0.0	0.0
0.0	0.0	0.0	0.0	0.0
0.28869545330812851	0.0	0.31386445519848766	0.0	0.0
0.11582162948960305	0.0	0.26255359395085065	0.0	0.0
5.0975520226843096E-002	0.0	0.13530457429111531	0.0	0.0
4.8800594177693763E-003	0.0	9.9787906616257069E-003	0.0	0.0
0.0	0.0	0.0	0.0	0.0
0.0	0.0	0.0	0.0	0.0
0.0	0.0	0.0	0.0	0.0
0.0	0.0	0.0	0.0	0.0
0.0	0.0	0.0	0.0	0.0
0.0	0.0	0.0	0.0	0.0
0.0	0.0	0.0	0.0	0.0
0.31392341625708886	0.0	0.32871527183364840	0.0	0.0
0.11330104423440454	0.0	0.24045425217391309	0.0	0.0
5.3692888015122876E-002	0.0	0.14089850472589796	0.0	0.0
5.7107470321361067E-003	0.0	1.2078541361058603E-002	0.0	0.0
0.0	0.0	0.0	0.0	0.0
0.0	0.0	0.0	0.0	0.0
0.0	0.0	0.0	0.0	0.0
0.0	0.0	0.0	0.0	0.0
0.0	0.0	0.0	0.0	0.0
0.0	0.0	0.0	0.0	0.0
0.0	0.0	0.0	0.0	0.0
0.34266693232514184	0.0	0.34624513156899817	0.0	0.0
0.11162065406427223	0.0	0.22035590132325139	0.0	0.0
5.6730119546313795E-002	0.0	0.14750582835538750	0.0	0.0
6.6912694366729683E-003	0.0	1.4572225633270323E-002	0.0	0.0
0.0	0.0	0.0	0.0	0.0
0.0	0.0	0.0	0.0	0.0
0.0	0.0	0.0	0.0	0.0
0.0	0.0	0.0	0.0	0.0
0.0	0.0	0.0	0.0	0.0
0.0	0.0	0.0	0.0	0.0
0.0	0.0	0.0	0.0	0.0
0.37547876143667297	0.0	0.36675989489603023	0.0	0.0
0.11089838109640832	0.0	0.20254966162570892	0.0	0.0
6.0183763553875239E-002	0.0	0.15535870434782606	0.0	0.0
7.8735123629489600E-003	0.0	1.7614616257088850E-002	0.0	0.0
0.0	0.0	0.0	0.0	0.0
0.0	0.0	0.0	0.0	0.0
0.0	0.0	0.0	0.0	0.0
0.0	0.0	0.0	0.0	0.0
0.0	0.0	0.0	0.0	0.0
0.0	0.0	0.0	0.0	0.0
0.0	0.0	0.0	0.0	0.0
0.41302958563327025	0.0	0.39061701323251424	0.0	0.0
0.11126688771266539	0.0	0.18730822797731567	0.0	0.0
6.3736167334593585E-002	0.0	0.16320052514177691	0.0	0.0
9.3239544045368612E-003	0.0	2.1353115879017014E-002	0.0	0.0
0.0	0.0	0.0	0.0	0.0
0.0	0.0	0.0	0.0	0.0
0.0	0.0	0.0	0.0	0.0
0.0	0.0	0.0	0.0	0.0
0.0	0.0	0.0	0.0	0.0
0.0	0.0	0.0	0.0	0.0
0.0	0.0	0.0	0.0	0.0
0.45613011947069942	0.0	0.41832871077504724	0.0	0.0
0.11283672589792061	0.0	0.17511065897920605	0.0	0.0
6.7478720529300568E-002	0.0	0.17101286540642727	0.0	0.0
1.1017610812854441E-002	0.0	2.5703336483931950E-002	0.0	0.0
0.0	0.0	0.0	0.0	0.0
0.0	0.0	0.0	0.0	0.0
0.0	0.0	0.0	0.0	0.0
0.0	0.0	0.0	0.0	0.0
0.0	0.0	0.0	0.0	0.0
0.0	0.0	0.0	0.0	0.0
0.0	0.0	0.0	0.0	0.0
0.50574585028355390	0.0	0.45046248771266539	0.0	0.0
0.11565211644612478	0.0	0.16604171115311911	0.0	0.0
7.1211692551984881E-002	0.0	0.17829824120982987	0.0	0.0
1.2804867901701324E-002	0.0	3.0202802268431000E-002	0.0	0.0
0.0	0.0	0.0	0.0	0.0
0.0	0.0	0.0	0.0	0.0
0.0	0.0	0.0	0.0	0.0
0.0	0.0	0.0	0.0	0.0
0.0	0.0	0.0	0.0	0.0
0.0	0.0	0.0	0.0	0.0
0.0	0.0	0.0	0.0	0.0
0.56307810964083160	0.0	0.48775535727788288	0.0	0.0
0.11971305935727790	0.0	0.15978815387523626	0.0	0.0
7.3730803780718335E-002	0.0	0.18153741436672965	0.0	0.0
1.4520634706994327E-002	0.0	3.4372454631379966E-002	0.0	0.0
0.0	0.0	0.0	0.0	0.0
0.0	0.0	0.0	0.0	0.0
0.0	0.0	0.0	0.0	0.0
0.0	0.0	0.0	0.0	0.0
0.0	0.0	0.0	0.0	0.0
0.0	0.0	0.0	0.0	0.0
0.0	0.0	0.0	0.0	0.0
0.62958618374291120	0.0	0.53101803402646508	0.0	0.0
0.12496059357277885	0.0	0.15587461361058602	0.0	0.0
7.4784732703213605E-002	0.0	0.18013340415879017	0.0	0.0
1.6145748884688092E-002	0.0	3.8166230245746689E-002	0.0	0.0
0.0	0.0	0.0	0.0	0.0
0.0	0.0	0.0	0.0	0.0
0.0	0.0	0.0	0.0	0.0
0.0	0.0	0.0	0.0	0.0
0.0	0.0	0.0	0.0	0.0
0.0	0.0	0.0	0.0	0.0
0.0	0.0	0.0	0.0	0.0
0.70707575500945163	0.0	0.58146658979206034	0.0	0.0
0.13136523856332705	0.0	0.15391047334593574	0.0	0.0
7.5639668052930056E-002	0.0	0.17814346843100190	0.0	0.0
1.7790025406427223E-002	0.0	4.1913942533081290E-002	0.0	0.0
0.0	0.0	0.0	0.0	0.0
0.0	0.0	0.0	0.0	0.0
0.0	0.0	0.0	0.0	0.0
0.0	0.0	0.0	0.0	0.0
0.0	0.0	0.0	0.0	0.0
0.0	0.0	0.0	0.0	0.0
0.0	0.0	0.0	0.0	0.0
0.79774312287334614	0.0	0.64039079773156893	0.0	0.0
0.13891225406427221	0.0	0.15357144725897923	0.0	0.0
7.7121064650283538E-002	0.0	0.17813978336483929	0.0	0.0
1.9536746767485822E-002	0.0	4.5838537996219279E-002	0.0	0.0
0.0	0.0	0.0	0.0	0.0
0.0	0.0	0.0	0.0	0.0
0.0	0.0	0.0	0.0	0.0
0.0	0.0	0.0	0.0	0.0
0.0	0.0	0.0	0.0	0.0
0.0	0.0	0.0	0.0	0.0
0.0	0.0	0.0	0.0	0.0
0.90446263894139878	0.0	0.70955948960302473	0.0	0.0
0.14766060113421550	0.0	0.15466222684310021	0.0	0.0
7.8875156143667302E-002	0.0	0.17888416672967863	0.0	0.0
2.1332848015122873E-002	0.0	4.9807354253308136E-002	0.0	0.0
0.0	0.0	0.0	0.0	0.0
0.0	0.0	0.0	0.0	0.0
0.0	0.0	0.0	0.0	0.0
0.0	0.0	0.0	0.0	0.0
0.0	0.0	0.0	0.0	0.0
0.0	0.0	0.0	0.0	0.0
0.0	0.0	0.0	0.0	0.0
1.0307130056710776	0.0	0.79107315311909265	0.0	0.0
0.15769135122873346	0.0	0.15706120491493383	0.0	0.0
8.0555546313799603E-002	0.0	0.17913475122873346	0.0	0.0
2.3235079168241971E-002	0.0	5.3953053686200375E-002	0.0	0.0
0.0	0.0	0.0	0.0	0.0
0.0	0.0	0.0	0.0	0.0
0.0	0.0	0.0	0.0	0.0
0.0	0.0	0.0	0.0	0.0
0.0	0.0	0.0	0.0	0.0
0.0	0.0	0.0	0.0	0.0
0.0	0.0	0.0	0.0	0.0
1.1808426011342155	0.0	0.88765873724007560	0.0	0.0
0.16912979659735353	0.0	0.16069836521739128	0.0	0.0
8.2221196219281673E-002	0.0	0.17883994593572777	0.0	0.0
2.5411479243856332E-002	0.0	5.8721529300567100E-002	0.0	0.0
0.0	0.0	0.0	0.0	0.0
0.0	0.0	0.0	0.0	0.0
0.0	0.0	0.0	0.0	0.0
0.0	0.0	0.0	0.0	0.0
0.0	0.0	0.0	0.0	0.0
0.0	0.0	0.0	0.0	0.0
0.0	0.0	0.0	0.0	0.0
1.3606001285444236	0.0	1.0028539054820418	0.0	0.0
0.18210859962192816	0.0	0.16554422722117201	0.0	0.0
8.3429897920604928E-002	0.0	0.17679473421550093	0.0	0.0
2.7914376181474482E-002	0.0	6.4234388279773166E-002	0.0	0.0
0.0	0.0	0.0	0.0	0.0
0.0	0.0	0.0	0.0	0.0
0.0	0.0	0.0	0.0	0.0
0.0	0.0	0.0	0.0	0.0
0.0	0.0	0.0	0.0	0.0
0.0	0.0	0.0	0.0	0.0
0.0	0.0	0.0	0.0	0.0
1.5772820189035914	0.0	1.1411175879017013	0.0	0.0
0.19681938374291119	0.0	0.17162458638941400	0.0	0.0
8.3533079773156896E-002	0.0	0.17082492703213611	0.0	0.0
3.0537406275992437E-002	0.0	6.9887279773156896E-002	0.0	0.0
0.0	0.0	0.0	0.0	0.0
0.0	0.0	0.0	0.0	0.0
0.0	0.0	0.0	0.0	0.0
0.0	0.0	0.0	0.0	0.0
0.0	0.0	0.0	0.0	0.0
0.0	0.0	0.0	0.0	0.0
0.0	0.0	0.0	0.0	0.0
1.8403220415879016	0.0	1.3082721890359168	0.0	0.0
0.21348325293005671	0.0	0.17899840378071835	0.0	0.0
8.2191715689981085E-002	0.0	0.15991344612476371	0.0	0.0
3.2832465482041585E-002	0.0	7.4515722873345930E-002	0.0	0.0
0.0	0.0	0.0	0.0	0.0
0.0	0.0	0.0	0.0	0.0
0.0	0.0	0.0	0.0	0.0
0.0	0.0	0.0	0.0	0.0
0.0	0.0	0.0	0.0	0.0
0.0	0.0	0.0	0.0	0.0
0.0	0.0	0.0	0.0	0.0
2.1623231228733459	0.0	1.5120563478260867	0.0	0.0
0.23238027221172025	0.0	0.18774675085066159	0.0	0.0
8.0378663137996229E-002	0.0	0.14674670472589790	0.0	0.0
3.4604245293005674E-002	0.0	7.7666454442344046E-002	0.0	0.0
0.0	0.0	0.0	0.0	0.0
0.0	0.0	0.0	0.0	0.0
0.0	0.0	0.0	0.0	0.0
0.0	0.0	0.0	0.0	0.0
0.0	0.0	0.0	0.0	0.0
0.0	0.0	0.0	0.0	0.0
0.0	0.0	0.0	0.0	0.0
2.5597943591682424	0.0	1.7627882495274101	0.0	0.0
0.25384209754253312	0.0	0.19799860491493382	0.0	0.0
7.8985708128544427E-002	0.0	0.13416220378071833	0.0	0.0
3.6310430926275991E-002	0.0	8.0566601512287325E-002	0.0	0.0
0.0	0.0	0.0	0.0	0.0
0.0	0.0	0.0	0.0	0.0
0.0	0.0	0.0	0.0	0.0
0.0	0.0	0.0	0.0	0.0
0.0	0.0	0.0	0.0	0.0
0.0	0.0	0.0	0.0	0.0
0.0	0.0	0.0	0.0	0.0
0.0	0.0	0.0	0.0	0.0
0.27824460567107751	0.0	0.20991979395085067	0.0	0.0
7.8322396219281679E-002	0.0	0.12315122608695651	0.0	0.0
3.8428606956521741E-002	0.0	8.4524362570888467E-002	0.0	0.0
0.0	0.0	0.0	0.0	0.0
0.0	0.0	0.0	0.0	0.0
0.0	0.0	0.0	0.0	0.0
0.0	0.0	0.0	0.0	0.0
0.0	0.0	0.0	0.0	0.0
0.0	0.0	0.0	0.0	0.0
0.0	0.0	0.0	0.0	0.0
0.0	0.0	0.0	0.0	0.0
0.30606685519848770	0.0	0.22370931153119092	0.0	0.0
7.8366617013232526E-002	0.0	0.11344844688090738	0.0	0.0
4.0890231153119093E-002	0.0	8.9337058979206047E-002	0.0	0.0
0.0	0.0	0.0	0.0	0.0
0.0	0.0	0.0	0.0	0.0
0.0	0.0	0.0	0.0	0.0
0.0	0.0	0.0	0.0	0.0
0.0	0.0	0.0	0.0	0.0
0.0	0.0	0.0	0.0	0.0
0.0	0.0	0.0	0.0	0.0
0.0	0.0	0.0	0.0	0.0
0.33787634631379970	0.0	0.23962879735349718	0.0	0.0
7.9162591304347829E-002	0.0	0.10514967788279772	0.0	0.0
4.3329744952741021E-002	0.0	9.3943391682419664E-002	0.0	0.0
0.0	0.0	0.0	0.0	0.0
0.0	0.0	0.0	0.0	0.0
0.0	0.0	0.0	0.0	0.0
0.0	0.0	0.0	0.0	0.0
0.0	0.0	0.0	0.0	0.0
0.0	0.0	0.0	0.0	0.0
0.0	0.0	0.0	0.0	0.0
0.0	0.0	0.0	0.0	0.0
0.37435850132325149	0.0	0.25799148204158795	0.0	0.0
8.0894572400756135E-002	0.0	9.8652906238185248E-002	0.0	0.0
4.5958671153119100E-002	0.0	9.8759773156899822E-002	0.0	0.0
0.0	0.0	0.0	0.0	0.0
0.0	0.0	0.0	0.0	0.0
0.0	0.0	0.0	0.0	0.0
0.0	0.0	0.0	0.0	0.0
0.0	0.0	0.0	0.0	0.0
0.0	0.0	0.0	0.0	0.0
0.0	0.0	0.0	0.0	0.0
0.0	0.0	0.0	0.0	0.0
0.41634614517958407	0.0	0.27918061247637044	0.0	0.0
8.3562560302457456E-002	0.0	9.4024463137996214E-002	0.0	0.0
4.8761532476370516E-002	0.0	0.10369407674858225	0.0	0.0
0.0	0.0	0.0	0.0	0.0
0.0	0.0	0.0	0.0	0.0
0.0	0.0	0.0	0.0	0.0
0.0	0.0	0.0	0.0	0.0
0.0	0.0	0.0	0.0	0.0
0.0	0.0	0.0	0.0	0.0
0.0	0.0	0.0	0.0	0.0
0.0	0.0	0.0	0.0	0.0
0.46484161587901696	0.0	0.30366787712665405	0.0	0.0
8.7122334215500932E-002	0.0	9.1013764083175810E-002	0.0	0.0
5.0609961663516077E-002	0.0	0.10588300604914933	0.0	0.0
0.0	0.0	0.0	0.0	0.0
0.0	0.0	0.0	0.0	0.0
0.0	0.0	0.0	0.0	0.0
0.0	0.0	0.0	0.0	0.0
0.0	0.0	0.0	0.0	0.0
0.0	0.0	0.0	0.0	0.0
0.0	0.0	0.0	0.0	0.0
0.0	0.0	0.0	0.0	0.0
0.52107572551984882	0.0	0.33203551644612483	0.0	0.0
9.1566524007561420E-002	0.0	8.9344429111531176E-002	0.0	0.0
5.1054380642722115E-002	0.0	0.10434633345935727	0.0	0.0
0.0	0.0	0.0	0.0	0.0
0.0	0.0	0.0	0.0	0.0
0.0	0.0	0.0	0.0	0.0
0.0	0.0	0.0	0.0	0.0
0.0	0.0	0.0	0.0	0.0
0.0	0.0	0.0	0.0	0.0
0.0	0.0	0.0	0.0	0.0
0.0	0.0	0.0	0.0	0.0
0.58658146162570901	0.0	0.36499474820415884	0.0	0.0
9.6850908884688100E-002	0.0	8.8765873724007571E-002	0.0	0.0
5.1453841814744807E-002	0.0	0.10263277769376179	0.0	0.0
0.0	0.0	0.0	0.0	0.0
0.0	0.0	0.0	0.0	0.0
0.0	0.0	0.0	0.0	0.0
0.0	0.0	0.0	0.0	0.0
0.0	0.0	0.0	0.0	0.0
0.0	0.0	0.0	0.0	0.0
0.0	0.0	0.0	0.0	0.0
0.0	0.0	0.0	0.0	0.0
0.66322346767485818	0.0	0.40344104347826082	0.0	0.0
0.10301233950850662	0.0	8.9123325141776927E-002	0.0	0.0
5.2608741550094519E-002	0.0	0.10280966086956521	0.0	0.0
0.0	0.0	0.0	0.0	0.0
0.0	0.0	0.0	0.0	0.0
0.0	0.0	0.0	0.0	0.0
0.0	0.0	0.0	0.0	0.0
0.0	0.0	0.0	0.0	0.0
0.0	0.0	0.0	0.0	0.0
0.0	0.0	0.0	0.0	0.0
0.0	0.0	0.0	0.0	0.0
0.75337492627599245	0.0	0.44843570132325133	0.0	0.0
0.11007292627599245	0.0	9.0287806049149336E-002	0.0	0.0
5.4078345935727780E-002	0.0	0.10372724234404539	0.0	0.0
0.0	0.0	0.0	0.0	0.0
0.0	0.0	0.0	0.0	0.0
0.0	0.0	0.0	0.0	0.0
0.0	0.0	0.0	0.0	0.0
0.0	0.0	0.0	0.0	0.0
0.0	0.0	0.0	0.0	0.0
0.0	0.0	0.0	0.0	0.0
0.0	0.0	0.0	0.0	0.0
0.85987333837429103	0.0	0.50142695274102089	0.0	0.0
0.11810637051039699	0.0	9.2196670321361071E-002	0.0	0.0
5.5441820415879028E-002	0.0	0.10423209640831757	0.0	0.0
0.0	0.0	0.0	0.0	0.0
0.0	0.0	0.0	0.0	0.0
0.0	0.0	0.0	0.0	0.0
0.0	0.0	0.0	0.0	0.0
0.0	0.0	0.0	0.0	0.0
0.0	0.0	0.0	0.0	0.0
0.0	0.0	0.0	0.0	0.0
0.0	0.0	0.0	0.0	0.0
0.98656591304347829	0.0	0.56410992816635153	0.0	0.0
0.12720111379962193	0.0	9.4824122495274096E-002	0.0	0.0
5.6802346843100184E-002	0.0	0.10454164196597353	0.0	0.0
0.0	0.0	0.0	0.0	0.0
0.0	0.0	0.0	0.0	0.0
0.0	0.0	0.0	0.0	0.0
0.0	0.0	0.0	0.0	0.0
0.0	0.0	0.0	0.0	0.0
0.0	0.0	0.0	0.0	0.0
0.0	0.0	0.0	0.0	0.0
0.0	0.0	0.0	0.0	0.0
1.1380958336483933	0.0	0.63865881663516055	0.0	0.0
0.13748981852551986	0.0	9.8166477504725888E-002	0.0	0.0
5.8084749867674861E-002	0.0	0.10432053799621928	0.0	0.0
0.0	0.0	0.0	0.0	0.0
0.0	0.0	0.0	0.0	0.0
0.0	0.0	0.0	0.0	0.0
0.0	0.0	0.0	0.0	0.0
0.0	0.0	0.0	0.0	0.0
0.0	0.0	0.0	0.0	0.0
0.0	0.0	0.0	0.0	0.0
0.0	0.0	0.0	0.0	0.0
1.3205803100189037	0.0	0.72802167107750482	0.0	0.0
0.14911988733459355	0.0	0.10223847561436675	0.0	0.0
5.8628665633270322E-002	0.0	0.10193630018903591	0.0	0.0
0.0	0.0	0.0	0.0	0.0
0.0	0.0	0.0	0.0	0.0
0.0	0.0	0.0	0.0	0.0
0.0	0.0	0.0	0.0	0.0
0.0	0.0	0.0	0.0	0.0
0.0	0.0	0.0	0.0	0.0
0.0	0.0	0.0	0.0	0.0
0.0	0.0	0.0	0.0	0.0
1.5419053837429109	0.0	0.83577300567107760	0.0	0.0
0.16225346313799621	0.0	0.10708065255198489	0.0	0.0
5.8012522570888472E-002	0.0	9.6183911909262773E-002	0.0	0.0
0.0	0.0	0.0	0.0	0.0
0.0	0.0	0.0	0.0	0.0
0.0	0.0	0.0	0.0	0.0
0.0	0.0	0.0	0.0	0.0
0.0	0.0	0.0	0.0	0.0
0.0	0.0	0.0	0.0	0.0
0.0	0.0	0.0	0.0	0.0
0.0	0.0	0.0	0.0	0.0
1.8122418374291116	0.0	0.96681395841209816	0.0	0.0
0.17710427977315693	0.0	0.11275565444234405	0.0	0.0
5.6695479924385637E-002	0.0	8.8179948204158795E-002	0.0	0.0
0.0	0.0	0.0	0.0	0.0
0.0	0.0	0.0	0.0	0.0
0.0	0.0	0.0	0.0	0.0
0.0	0.0	0.0	0.0	0.0
0.0	0.0	0.0	0.0	0.0
0.0	0.0	0.0	0.0	0.0
0.0	0.0	0.0	0.0	0.0
0.0	0.0	0.0	0.0	0.0
2.1453718185255202	0.0	1.1274459924385636	0.0	0.0
0.19393766200378071	0.0	0.11933718260869566	0.0	0.0
5.5668083478260862E-002	0.0	8.0360237807183377E-002	0.0	0.0
0.0	0.0	0.0	0.0	0.0
0.0	0.0	0.0	0.0	0.0
0.0	0.0	0.0	0.0	0.0
0.0	0.0	0.0	0.0	0.0
0.0	0.0	0.0	0.0	0.0
0.0	0.0	0.0	0.0	0.0
0.0	0.0	0.0	0.0	0.0
0.0	0.0	0.0	0.0	0.0
2.5595732551984880	0.0	1.3262921625708883	0.0	0.0
0.21304104499054821	0.0	0.12693578903591682	0.0	0.0
5.5320213232514182E-002	0.0	7.3730803780718335E-002	0.0	0.0
0.0	0.0	0.0	0.0	0.0
0.0	0.0	0.0	0.0	0.0
0.0	0.0	0.0	0.0	0.0
0.0	0.0	0.0	0.0	0.0
0.0	0.0	0.0	0.0	0.0
0.0	0.0	0.0	0.0	0.0
0.0	0.0	0.0	0.0	0.0
0.0	0.0	0.0	0.0	0.0
3.0794623894139890	0.0	1.5748867258979207	0.0	0.0
0.23479767561436676	0.0	0.13567676597353498	0.0	0.0
5.5500781474480142E-002	0.0	6.8007896030245762E-002	0.0	0.0
0.0	0.0	0.0	0.0	0.0
0.0	0.0	0.0	0.0	0.0
0.0	0.0	0.0	0.0	0.0
0.0	0.0	0.0	0.0	0.0
0.0	0.0	0.0	0.0	0.0
0.0	0.0	0.0	0.0	0.0
0.0	0.0	0.0	0.0	0.0
0.0	0.0	0.0	0.0	0.0
3.7393103364839324	0.0	1.8893334215500945	0.0	0.0
0.25962028128544423	0.0	0.14571488620037806	0.0	0.0
5.6178833648393198E-002	0.0	6.2955670321361068E-002	0.0	0.0
0.0	0.0	0.0	0.0	0.0
0.0	0.0	0.0	0.0	0.0
0.0	0.0	0.0	0.0	0.0
0.0	0.0	0.0	0.0	0.0
0.0	0.0	0.0	0.0	0.0
0.0	0.0	0.0	0.0	0.0
0.0	0.0	0.0	0.0	0.0
0.0	0.0	0.0	0.0	0.0
0.0	0.0	0.0	0.0	0.0
0.28804688166351605	0.0	0.15724545822306241	0.0	0.0
5.7466395765595465E-002	0.0	5.8872617013232521E-002	0.0	0.0
0.0	0.0	0.0	0.0	0.0
0.0	0.0	0.0	0.0	0.0
0.0	0.0	0.0	0.0	0.0
0.0	0.0	0.0	0.0	0.0
0.0	0.0	0.0	0.0	0.0
0.0	0.0	0.0	0.0	0.0
0.0	0.0	0.0	0.0	0.0
0.0	0.0	0.0	0.0	0.0
0.0	0.0	0.0	0.0	0.0
0.32069656786389411	0.0	0.17050064120982988	0.0	0.0
5.9486549035916825E-002	0.0	5.5946674480151219E-002	0.0	0.0
0.0	0.0	0.0	0.0	0.0
0.0	0.0	0.0	0.0	0.0
0.0	0.0	0.0	0.0	0.0
0.0	0.0	0.0	0.0	0.0
0.0	0.0	0.0	0.0	0.0
0.0	0.0	0.0	0.0	0.0
0.0	0.0	0.0	0.0	0.0
0.0	0.0	0.0	0.0	0.0
0.0	0.0	0.0	0.0	0.0
0.35834320378071832	0.0	0.18576787032136102	0.0	0.0
6.2219394102079405E-002	0.0	5.4096771266540646E-002	0.0	0.0
0.0	0.0	0.0	0.0	0.0
0.0	0.0	0.0	0.0	0.0
0.0	0.0	0.0	0.0	0.0
0.0	0.0	0.0	0.0	0.0
0.0	0.0	0.0	0.0	0.0
0.0	0.0	0.0	0.0	0.0
0.0	0.0	0.0	0.0	0.0
0.0	0.0	0.0	0.0	0.0
0.0	0.0	0.0	0.0	0.0
0.40192279621928162	0.0	0.20339722684310016	0.0	0.0
6.5589018601134225E-002	0.0	5.3101803402646516E-002	0.0	0.0
0.0	0.0	0.0	0.0	0.0
0.0	0.0	0.0	0.0	0.0
0.0	0.0	0.0	0.0	0.0
0.0	0.0	0.0	0.0	0.0
0.0	0.0	0.0	0.0	0.0
0.0	0.0	0.0	0.0	0.0
0.0	0.0	0.0	0.0	0.0
0.0	0.0	0.0	0.0	0.0
0.0	0.0	0.0	0.0	0.0
0.45257034555765596	0.0	0.22381249338374293	0.0	0.0
6.9591000453686200E-002	0.0	5.2799627977315688E-002	0.0	0.0
0.0	0.0	0.0	0.0	0.0
0.0	0.0	0.0	0.0	0.0
0.0	0.0	0.0	0.0	0.0
0.0	0.0	0.0	0.0	0.0
0.0	0.0	0.0	0.0	0.0
0.0	0.0	0.0	0.0	0.0
0.0	0.0	0.0	0.0	0.0
0.0	0.0	0.0	0.0	0.0
0.0	0.0	0.0	0.0	0.0
0.51169354706994330	0.0	0.24754800453686202	0.0	0.0
7.4231972778827968E-002	0.0	5.3079693005671079E-002	0.0	0.0
0.0	0.0	0.0	0.0	0.0
0.0	0.0	0.0	0.0	0.0
0.0	0.0	0.0	0.0	0.0
0.0	0.0	0.0	0.0	0.0
0.0	0.0	0.0	0.0	0.0
0.0	0.0	0.0	0.0	0.0
0.0	0.0	0.0	0.0	0.0
0.0	0.0	0.0	0.0	0.0
0.0	0.0	0.0	0.0	0.0
0.58104649224952731	0.0	0.27524864688090739	0.0	0.0
7.9560578449905467E-002	0.0	5.3868297164461246E-002	0.0	0.0
0.0	0.0	0.0	0.0	0.0
0.0	0.0	0.0	0.0	0.0
0.0	0.0	0.0	0.0	0.0
0.0	0.0	0.0	0.0	0.0
0.0	0.0	0.0	0.0	0.0
0.0	0.0	0.0	0.0	0.0
0.0	0.0	0.0	0.0	0.0
0.0	0.0	0.0	0.0	0.0
0.0	0.0	0.0	0.0	0.0
0.66281074026465037	0.0	0.30772882003780716	0.0	0.0
8.5604086956521747E-002	0.0	5.5113849527410198E-002	0.0	0.0
0.0	0.0	0.0	0.0	0.0
0.0	0.0	0.0	0.0	0.0
0.0	0.0	0.0	0.0	0.0
0.0	0.0	0.0	0.0	0.0
0.0	0.0	0.0	0.0	0.0
0.0	0.0	0.0	0.0	0.0
0.0	0.0	0.0	0.0	0.0
0.0	0.0	0.0	0.0	0.0
0.0	0.0	0.0	0.0	0.0
0.75971324007561436	0.0	0.34601297240075618	0.0	0.0
9.2421459357277871E-002	0.0	5.6790554631379962E-002	0.0	0.0
0.0	0.0	0.0	0.0	0.0
0.0	0.0	0.0	0.0	0.0
0.0	0.0	0.0	0.0	0.0
0.0	0.0	0.0	0.0	0.0
0.0	0.0	0.0	0.0	0.0
0.0	0.0	0.0	0.0	0.0
0.0	0.0	0.0	0.0	0.0
0.0	0.0	0.0	0.0	0.0
0.0	0.0	0.0	0.0	0.0
0.87527691493383741	0.0	0.39139087712665410	0.0	0.0
0.10010850737240075	0.0	5.8898412476370510E-002	0.0	0.0
0.0	0.0	0.0	0.0	0.0
0.0	0.0	0.0	0.0	0.0
0.0	0.0	0.0	0.0	0.0
0.0	0.0	0.0	0.0	0.0
0.0	0.0	0.0	0.0	0.0
0.0	0.0	0.0	0.0	0.0
0.0	0.0	0.0	0.0	0.0
0.0	0.0	0.0	0.0	0.0
0.0	0.0	0.0	0.0	0.0
1.0138354026465026	0.0	0.44548764839319466	0.0	0.0
0.10878315311909263	0.0	6.1444793194706998E-002	0.0	0.0
0.0	0.0	0.0	0.0	0.0
0.0	0.0	0.0	0.0	0.0
0.0	0.0	0.0	0.0	0.0
0.0	0.0	0.0	0.0	0.0
0.0	0.0	0.0	0.0	0.0
0.0	0.0	0.0	0.0	0.0
0.0	0.0	0.0	0.0	0.0
0.0	0.0	0.0	0.0	0.0
0.0	0.0	0.0	0.0	0.0
1.1811374064272211	0.0	0.51041851417769390	0.0	0.0
0.11856331871455575	0.0	6.4459177315689994E-002	0.0	0.0
0.0	0.0	0.0	0.0	0.0
0.0	0.0	0.0	0.0	0.0
0.0	0.0	0.0	0.0	0.0
0.0	0.0	0.0	0.0	0.0
0.0	0.0	0.0	0.0	0.0
0.0	0.0	0.0	0.0	0.0
0.0	0.0	0.0	0.0	0.0
0.0	0.0	0.0	0.0	0.0
0.0	0.0	0.0	0.0	0.0
1.3846267599243858	0.0	0.58894727410207925	0.0	0.0
0.12960377693761815	0.0	6.7974730434782596E-002	0.0	0.0
0.0	0.0	0.0	0.0	0.0
0.0	0.0	0.0	0.0	0.0
0.0	0.0	0.0	0.0	0.0
0.0	0.0	0.0	0.0	0.0
0.0	0.0	0.0	0.0	0.0
0.0	0.0	0.0	0.0	0.0
0.0	0.0	0.0	0.0	0.0
0.0	0.0	0.0	0.0	0.0
0.0	0.0	0.0	0.0	0.0
1.6340320378071831	0.0	0.68461159168241958	0.0	0.0
0.14208141096408319	0.0	7.2031988279773154E-002	0.0	0.0
0.0	0.0	0.0	0.0	0.0
0.0	0.0	0.0	0.0	0.0
0.0	0.0	0.0	0.0	0.0
0.0	0.0	0.0	0.0	0.0
0.0	0.0	0.0	0.0	0.0
0.0	0.0	0.0	0.0	0.0
0.0	0.0	0.0	0.0	0.0
0.0	0.0	0.0	0.0	0.0
0.0	0.0	0.0	0.0	0.0
1.9421772703213611	0.0	0.80220205293005664	0.0	0.0
0.15622469489603025	0.0	7.6693596975425327E-002	0.0	0.0
0.0	0.0	0.0	0.0	0.0
0.0	0.0	0.0	0.0	0.0
0.0	0.0	0.0	0.0	0.0
0.0	0.0	0.0	0.0	0.0
0.0	0.0	0.0	0.0	0.0
0.0	0.0	0.0	0.0	0.0
0.0	0.0	0.0	0.0	0.0
0.0	0.0	0.0	0.0	0.0
0.0	0.0	0.0	0.0	0.0
2.3263085671077510	0.0	0.94802012098298671	0.0	0.0
0.17227684310018904	0.0	8.2040627977315705E-002	0.0	0.0
0.0	0.0	0.0	0.0	0.0
0.0	0.0	0.0	0.0	0.0
0.0	0.0	0.0	0.0	0.0
0.0	0.0	0.0	0.0	0.0
0.0	0.0	0.0	0.0	0.0
0.0	0.0	0.0	0.0	0.0
0.0	0.0	0.0	0.0	0.0
0.0	0.0	0.0	0.0	0.0
0.0	0.0	0.0	0.0	0.0
2.8100840529300566	0.0	1.1307625519848772	0.0	0.0
0.19056214139886576	0.0	8.8157837807183365E-002	0.0	0.0
0.0	0.0	0.0	0.0	0.0
0.0	0.0	0.0	0.0	0.0
0.0	0.0	0.0	0.0	0.0
0.0	0.0	0.0	0.0	0.0
0.0	0.0	0.0	0.0	0.0
0.0	0.0	0.0	0.0	0.0
0.0	0.0	0.0	0.0	0.0
0.0	0.0	0.0	0.0	0.0
0.0	0.0	0.0	0.0	0.0
3.4257112060491495	0.0	1.3622952589792061	0.0	0.0
0.21144909640831758	0.0	9.5163148582230642E-002	0.0	0.0
0.0	0.0	0.0	0.0	0.0
0.0	0.0	0.0	0.0	0.0
0.0	0.0	0.0	0.0	0.0
0.0	0.0	0.0	0.0	0.0
0.0	0.0	0.0	0.0	0.0
0.0	0.0	0.0	0.0	0.0
0.0	0.0	0.0	0.0	0.0
0.0	0.0	0.0	0.0	0.0
0.0	0.0	0.0	0.0	0.0
4.2185163402646513	0.0	1.6593484423440452	0.0	0.0
0.23537254593572776	0.0	0.10318553761814747	0.0	0.0
0.0	0.0	0.0	0.0	0.0
0.0	0.0	0.0	0.0	0.0
0.0	0.0	0.0	0.0	0.0
0.0	0.0	0.0	0.0	0.0
0.0	0.0	0.0	0.0	0.0
0.0	0.0	0.0	0.0	0.0
0.0	0.0	0.0	0.0	0.0
0.0	0.0	0.0	0.0	0.0
0.0	0.0	0.0	0.0	0.0
5.2528407107750459	0.0	2.0457276294896030	0.0	0.0
0.26287787977315691	0.0	0.11239451795841210	0.0	0.0
0.0	0.0	0.0	0.0	0.0
0.0	0.0	0.0	0.0	0.0
0.0	0.0	0.0	0.0	0.0
0.0	0.0	0.0	0.0	0.0
0.0	0.0	0.0	0.0	0.0
0.0	0.0	0.0	0.0	0.0
0.0	0.0	0.0	0.0	0.0
0.0	0.0	0.0	0.0	0.0
0.0	0.0	0.0	0.0	0.0
0.0	0.0	0.0	0.0	0.0
0.29462840982986760	0.0	0.12298539810964083	0.0	0.0
0.0	0.0	0.0	0.0	0.0
0.0	0.0	0.0	0.0	0.0
0.0	0.0	0.0	0.0	0.0
0.0	0.0	0.0	0.0	0.0
0.0	0.0	0.0	0.0	0.0
0.0	0.0	0.0	0.0	0.0
0.0	0.0	0.0	0.0	0.0
0.0	0.0	0.0	0.0	0.0
0.0	0.0	0.0	0.0	0.0
0.0	0.0	0.0	0.0	0.0
0.33139799999999997	0.0	0.13520876257088849	0.0	0.0
0.0	0.0	0.0	0.0	0.0
0.0	0.0	0.0	0.0	0.0
0.0	0.0	0.0	0.0	0.0
0.0	0.0	0.0	0.0	0.0
0.0	0.0	0.0	0.0	0.0
0.0	0.0	0.0	0.0	0.0
0.0	0.0	0.0	0.0	0.0
0.0	0.0	0.0	0.0	0.0
0.0	0.0	0.0	0.0	0.0
0.0	0.0	0.0	0.0	0.0
0.37418161814744805	0.0	0.14935573156899809	0.0	0.0
0.0	0.0	0.0	0.0	0.0
0.0	0.0	0.0	0.0	0.0
0.0	0.0	0.0	0.0	0.0
0.0	0.0	0.0	0.0	0.0
0.0	0.0	0.0	0.0	0.0
0.0	0.0	0.0	0.0	0.0
0.0	0.0	0.0	0.0	0.0
0.0	0.0	0.0	0.0	0.0
0.0	0.0	0.0	0.0	0.0
0.0	0.0	0.0	0.0	0.0
0.42415848544423429	0.0	0.16579849678638939	0.0	0.0
0.0	0.0	0.0	0.0	0.0
0.0	0.0	0.0	0.0	0.0
0.0	0.0	0.0	0.0	0.0
0.0	0.0	0.0	0.0	0.0
0.0	0.0	0.0	0.0	0.0
0.0	0.0	0.0	0.0	0.0
0.0	0.0	0.0	0.0	0.0
0.0	0.0	0.0	0.0	0.0
0.0	0.0	0.0	0.0	0.0
0.0	0.0	0.0	0.0	0.0
0.48283947901701330	0.0	0.18499032136105861	0.0	0.0
0.0	0.0	0.0	0.0	0.0
0.0	0.0	0.0	0.0	0.0
0.0	0.0	0.0	0.0	0.0
0.0	0.0	0.0	0.0	0.0
0.0	0.0	0.0	0.0	0.0
0.0	0.0	0.0	0.0	0.0
0.0	0.0	0.0	0.0	0.0
0.0	0.0	0.0	0.0	0.0
0.0	0.0	0.0	0.0	0.0
0.0	0.0	0.0	0.0	0.0
0.55206713194706991	0.0	0.20749133534971645	0.0	0.0
0.0	0.0	0.0	0.0	0.0
0.0	0.0	0.0	0.0	0.0
0.0	0.0	0.0	0.0	0.0
0.0	0.0	0.0	0.0	0.0
0.0	0.0	0.0	0.0	0.0
0.0	0.0	0.0	0.0	0.0
0.0	0.0	0.0	0.0	0.0
0.0	0.0	0.0	0.0	0.0
0.0	0.0	0.0	0.0	0.0
0.0	0.0	0.0	0.0	0.0
0.63417777618147442	0.0	0.23401644158790169	0.0	0.0
0.0	0.0	0.0	0.0	0.0
0.0	0.0	0.0	0.0	0.0
0.0	0.0	0.0	0.0	0.0
0.0	0.0	0.0	0.0	0.0
0.0	0.0	0.0	0.0	0.0
0.0	0.0	0.0	0.0	0.0
0.0	0.0	0.0	0.0	0.0
0.0	0.0	0.0	0.0	0.0
0.0	0.0	0.0	0.0	0.0
0.0	0.0	0.0	0.0	0.0
0.73212683478260876	0.0	0.26545005595463134	0.0	0.0
0.0	0.0	0.0	0.0	0.0
0.0	0.0	0.0	0.0	0.0
0.0	0.0	0.0	0.0	0.0
0.0	0.0	0.0	0.0	0.0
0.0	0.0	0.0	0.0	0.0
0.0	0.0	0.0	0.0	0.0
0.0	0.0	0.0	0.0	0.0
0.0	0.0	0.0	0.0	0.0
0.0	0.0	0.0	0.0	0.0
0.0	0.0	0.0	0.0	0.0
0.84970255576559550	0.0	0.30293823402646503	0.0	0.0
0.0	0.0	0.0	0.0	0.0
0.0	0.0	0.0	0.0	0.0
0.0	0.0	0.0	0.0	0.0
0.0	0.0	0.0	0.0	0.0
0.0	0.0	0.0	0.0	0.0
0.0	0.0	0.0	0.0	0.0
0.0	0.0	0.0	0.0	0.0
0.0	0.0	0.0	0.0	0.0
0.0	0.0	0.0	0.0	0.0
0.0	0.0	0.0	0.0	0.0
0.99165130434782611	0.0	0.34793289187145554	0.0	0.0
0.0	0.0	0.0	0.0	0.0
0.0	0.0	0.0	0.0	0.0
0.0	0.0	0.0	0.0	0.0
0.0	0.0	0.0	0.0	0.0
0.0	0.0	0.0	0.0	0.0
0.0	0.0	0.0	0.0	0.0
0.0	0.0	0.0	0.0	0.0
0.0	0.0	0.0	0.0	0.0
0.0	0.0	0.0	0.0	0.0
0.0	0.0	0.0	0.0	0.0
1.1644072060491490	0.0	0.40233552362948954	0.0	0.0
0.0	0.0	0.0	0.0	0.0
0.0	0.0	0.0	0.0	0.0
0.0	0.0	0.0	0.0	0.0
0.0	0.0	0.0	0.0	0.0
0.0	0.0	0.0	0.0	0.0
0.0	0.0	0.0	0.0	0.0
0.0	0.0	0.0	0.0	0.0
0.0	0.0	0.0	0.0	0.0
0.0	0.0	0.0	0.0	0.0
0.0	0.0	0.0	0.0	0.0
1.3760774064272212	0.0	0.46855616257088850	0.0	0.0
0.0	0.0	0.0	0.0	0.0
0.0	0.0	0.0	0.0	0.0
0.0	0.0	0.0	0.0	0.0
0.0	0.0	0.0	0.0	0.0
0.0	0.0	0.0	0.0	0.0
0.0	0.0	0.0	0.0	0.0
0.0	0.0	0.0	0.0	0.0
0.0	0.0	0.0	0.0	0.0
0.0	0.0	0.0	0.0	0.0
0.0	0.0	0.0	0.0	0.0
1.6376434026465030	0.0	0.54992242344045361	0.0	0.0
0.0	0.0	0.0	0.0	0.0
0.0	0.0	0.0	0.0	0.0
0.0	0.0	0.0	0.0	0.0
0.0	0.0	0.0	0.0	0.0
0.0	0.0	0.0	0.0	0.0
0.0	0.0	0.0	0.0	0.0
0.0	0.0	0.0	0.0	0.0
0.0	0.0	0.0	0.0	0.0
0.0	0.0	0.0	0.0	0.0
0.0	0.0	0.0	0.0	0.0
1.9636980567107749	0.0	0.65078268431001884	0.0	0.0
0.0	0.0	0.0	0.0	0.0
0.0	0.0	0.0	0.0	0.0
0.0	0.0	0.0	0.0	0.0
0.0	0.0	0.0	0.0	0.0
0.0	0.0	0.0	0.0	0.0
0.0	0.0	0.0	0.0	0.0
0.0	0.0	0.0	0.0	0.0
0.0	0.0	0.0	0.0	0.0
0.0	0.0	0.0	0.0	0.0
0.0	0.0	0.0	0.0	0.0
2.3739933232514185	0.0	0.77699620037807182	0.0	0.0
0.0	0.0	0.0	0.0	0.0
0.0	0.0	0.0	0.0	0.0
0.0	0.0	0.0	0.0	0.0
0.0	0.0	0.0	0.0	0.0
0.0	0.0	0.0	0.0	0.0
0.0	0.0	0.0	0.0	0.0
0.0	0.0	0.0	0.0	0.0
0.0	0.0	0.0	0.0	0.0
0.0	0.0	0.0	0.0	0.0
0.0	0.0	0.0	0.0	0.0
2.8957249905482043	0.0	0.93663326654064261	0.0	0.0
0.0	0.0	0.0	0.0	0.0
0.0	0.0	0.0	0.0	0.0
0.0	0.0	0.0	0.0	0.0
0.0	0.0	0.0	0.0	0.0
0.0	0.0	0.0	0.0	0.0
0.0	0.0	0.0	0.0	0.0
0.0	0.0	0.0	0.0	0.0
0.0	0.0	0.0	0.0	0.0
0.0	0.0	0.0	0.0	0.0
0.0	0.0	0.0	0.0	0.0
3.5667018374291111	0.0	1.1410438865784500	0.0	0.0
0.0	0.0	0.0	0.0	0.0
0.0	0.0	0.0	0.0	0.0
0.0	0.0	0.0	0.0	0.0
0.0	0.0	0.0	0.0	0.0
0.0	0.0	0.0	0.0	0.0
0.0	0.0	0.0	0.0	0.0
0.0	0.0	0.0	0.0	0.0
0.0	0.0	0.0	0.0	0.0
0.0	0.0	0.0	0.0	0.0
0.0	0.0	0.0	0.0	0.0
4.4406521285444240	0.0	1.4061475463137996	0.0	0.0
0.0	0.0	0.0	0.0	0.0
0.0	0.0	0.0	0.0	0.0
0.0	0.0	0.0	0.0	0.0
0.0	0.0	0.0	0.0	0.0
0.0	0.0	0.0	0.0	0.0
0.0	0.0	0.0	0.0	0.0
0.0	0.0	0.0	0.0	0.0
0.0	0.0	0.0	0.0	0.0
0.0	0.0	0.0	0.0	0.0
0.0	0.0	0.0	0.0	0.0
5.5948148506616269	0.0	1.7550127599243857	0.0	0.0
0.0	0.0	0.0	0.0	0.0
0.0	0.0	0.0	0.0	0.0
0.0	0.0	0.0	0.0	0.0
0.0	0.0	0.0	0.0	0.0
0.0	0.0	0.0	0.0	0.0
0.0	0.0	0.0	0.0	0.0
0.0	0.0	0.0	0.0	0.0
0.0	0.0	0.0	0.0	0.0
0.0	0.0	0.0	0.0	0.0
0.0	0.0	0.0	0.0	0.0
7.1427637429111535	0.0	2.2217263894139885	0.0	0.0
