#  FA07K 2700 MEV P(202) CHI/DP=49261/24376   SU07         SM05  12/20/ 8  
#     PI+N  DSG  AT Elab =  1000.00      12/20/ 8  
#     Acm     Obs,Err
     0.000  0.1062E+02  0.0000E+00
     5.000  0.9080E+01  0.0000E+00
    10.000  0.7196E+01  0.0000E+00
    15.000  0.6883E+01  0.0000E+00
    20.000  0.7479E+01  0.0000E+00
    25.000  0.8282E+01  0.0000E+00
    30.000  0.8961E+01  0.0000E+00
    35.000  0.9374E+01  0.0000E+00
    40.000  0.9456E+01  0.0000E+00
    45.000  0.9189E+01  0.0000E+00
    50.000  0.8597E+01  0.0000E+00
    55.000  0.7736E+01  0.0000E+00
    60.000  0.6697E+01  0.0000E+00
    65.000  0.5583E+01  0.0000E+00
    70.000  0.4504E+01  0.0000E+00
    75.000  0.3558E+01  0.0000E+00
    80.000  0.2819E+01  0.0000E+00
    85.000  0.2329E+01  0.0000E+00
    90.000  0.2094E+01  0.0000E+00
    95.000  0.2087E+01  0.0000E+00
   100.000  0.2258E+01  0.0000E+00
   105.000  0.2537E+01  0.0000E+00
   110.000  0.2854E+01  0.0000E+00
   115.000  0.3143E+01  0.0000E+00
   120.000  0.3356E+01  0.0000E+00
   125.000  0.3463E+01  0.0000E+00
   130.000  0.3458E+01  0.0000E+00
   135.000  0.3355E+01  0.0000E+00
   140.000  0.3182E+01  0.0000E+00
   145.000  0.2973E+01  0.0000E+00
   150.000  0.2763E+01  0.0000E+00
   155.000  0.2580E+01  0.0000E+00
   160.000  0.2439E+01  0.0000E+00
   165.000  0.2344E+01  0.0000E+00
   170.000  0.2289E+01  0.0000E+00
   175.000  0.2262E+01  0.0000E+00
   180.000  0.2254E+01  0.0000E+00
