#  FA07K 2700 MEV P(202) CHI/DP=49261/24376   SU07         SM05  12/20/ 8  
#     PI+N  DSG  AT Elab =  1050.00      12/20/ 8  
#     Acm     Obs,Err
     0.000  0.8626E+01  0.0000E+00
     5.000  0.7246E+01  0.0000E+00
    10.000  0.5788E+01  0.0000E+00
    15.000  0.5858E+01  0.0000E+00
    20.000  0.6661E+01  0.0000E+00
    25.000  0.7542E+01  0.0000E+00
    30.000  0.8232E+01  0.0000E+00
    35.000  0.8629E+01  0.0000E+00
    40.000  0.8691E+01  0.0000E+00
    45.000  0.8417E+01  0.0000E+00
    50.000  0.7840E+01  0.0000E+00
    55.000  0.7023E+01  0.0000E+00
    60.000  0.6051E+01  0.0000E+00
    65.000  0.5022E+01  0.0000E+00
    70.000  0.4032E+01  0.0000E+00
    75.000  0.3163E+01  0.0000E+00
    80.000  0.2474E+01  0.0000E+00
    85.000  0.1993E+01  0.0000E+00
    90.000  0.1723E+01  0.0000E+00
    95.000  0.1644E+01  0.0000E+00
   100.000  0.1716E+01  0.0000E+00
   105.000  0.1892E+01  0.0000E+00
   110.000  0.2123E+01  0.0000E+00
   115.000  0.2364E+01  0.0000E+00
   120.000  0.2576E+01  0.0000E+00
   125.000  0.2732E+01  0.0000E+00
   130.000  0.2816E+01  0.0000E+00
   135.000  0.2823E+01  0.0000E+00
   140.000  0.2757E+01  0.0000E+00
   145.000  0.2631E+01  0.0000E+00
   150.000  0.2464E+01  0.0000E+00
   155.000  0.2274E+01  0.0000E+00
   160.000  0.2084E+01  0.0000E+00
   165.000  0.1913E+01  0.0000E+00
   170.000  0.1777E+01  0.0000E+00
   175.000  0.1691E+01  0.0000E+00
   180.000  0.1661E+01  0.0000E+00
