#  FA07K 2700 MEV P(202) CHI/DP=49261/24376   SU07         SM05  12/20/ 8  
#     PI+N  DSG  AT Elab =  1100.00      12/20/ 8  
#     Acm     Obs,Err
     0.000  0.8043E+01  0.0000E+00
     5.000  0.6627E+01  0.0000E+00
    10.000  0.5151E+01  0.0000E+00
    15.000  0.5117E+01  0.0000E+00
    20.000  0.5680E+01  0.0000E+00
    25.000  0.6245E+01  0.0000E+00
    30.000  0.6614E+01  0.0000E+00
    35.000  0.6734E+01  0.0000E+00
    40.000  0.6601E+01  0.0000E+00
    45.000  0.6238E+01  0.0000E+00
    50.000  0.5687E+01  0.0000E+00
    55.000  0.5006E+01  0.0000E+00
    60.000  0.4261E+01  0.0000E+00
    65.000  0.3520E+01  0.0000E+00
    70.000  0.2841E+01  0.0000E+00
    75.000  0.2263E+01  0.0000E+00
    80.000  0.1806E+01  0.0000E+00
    85.000  0.1474E+01  0.0000E+00
    90.000  0.1253E+01  0.0000E+00
    95.000  0.1129E+01  0.0000E+00
   100.000  0.1083E+01  0.0000E+00
   105.000  0.1101E+01  0.0000E+00
   110.000  0.1171E+01  0.0000E+00
   115.000  0.1284E+01  0.0000E+00
   120.000  0.1427E+01  0.0000E+00
   125.000  0.1584E+01  0.0000E+00
   130.000  0.1735E+01  0.0000E+00
   135.000  0.1858E+01  0.0000E+00
   140.000  0.1930E+01  0.0000E+00
   145.000  0.1936E+01  0.0000E+00
   150.000  0.1868E+01  0.0000E+00
   155.000  0.1732E+01  0.0000E+00
   160.000  0.1548E+01  0.0000E+00
   165.000  0.1347E+01  0.0000E+00
   170.000  0.1165E+01  0.0000E+00
   175.000  0.1039E+01  0.0000E+00
   180.000  0.9944E+00  0.0000E+00
