#  FA07K 2700 MEV P(202) CHI/DP=49261/24376   SU07         SM05  12/20/ 8  
#     PI+N  DSG  AT Elab =  1150.00      12/20/ 8  
#     Acm     Obs,Err
     0.000  0.7722E+01  0.0000E+00
     5.000  0.6234E+01  0.0000E+00
    10.000  0.4688E+01  0.0000E+00
    15.000  0.4535E+01  0.0000E+00
    20.000  0.4892E+01  0.0000E+00
    25.000  0.5213E+01  0.0000E+00
    30.000  0.5345E+01  0.0000E+00
    35.000  0.5268E+01  0.0000E+00
    40.000  0.5001E+01  0.0000E+00
    45.000  0.4580E+01  0.0000E+00
    50.000  0.4051E+01  0.0000E+00
    55.000  0.3467E+01  0.0000E+00
    60.000  0.2883E+01  0.0000E+00
    65.000  0.2346E+01  0.0000E+00
    70.000  0.1892E+01  0.0000E+00
    75.000  0.1533E+01  0.0000E+00
    80.000  0.1266E+01  0.0000E+00
    85.000  0.1074E+01  0.0000E+00
    90.000  0.9340E+00  0.0000E+00
    95.000  0.8269E+00  0.0000E+00
   100.000  0.7437E+00  0.0000E+00
   105.000  0.6859E+00  0.0000E+00
   110.000  0.6633E+00  0.0000E+00
   115.000  0.6874E+00  0.0000E+00
   120.000  0.7643E+00  0.0000E+00
   125.000  0.8894E+00  0.0000E+00
   130.000  0.1045E+01  0.0000E+00
   135.000  0.1204E+01  0.0000E+00
   140.000  0.1332E+01  0.0000E+00
   145.000  0.1400E+01  0.0000E+00
   150.000  0.1388E+01  0.0000E+00
   155.000  0.1292E+01  0.0000E+00
   160.000  0.1129E+01  0.0000E+00
   165.000  0.9314E+00  0.0000E+00
   170.000  0.7439E+00  0.0000E+00
   175.000  0.6098E+00  0.0000E+00
   180.000  0.5612E+00  0.0000E+00
