#  FA07K 2700 MEV P(202) CHI/DP=49261/24376   SU07         SM05  12/20/ 8  
#     PI+N  DSG  AT Elab =  1200.00      12/20/ 8  
#     Acm     Obs,Err
     0.000  0.7422E+01  0.0000E+00
     5.000  0.5884E+01  0.0000E+00
    10.000  0.4325E+01  0.0000E+00
    15.000  0.4140E+01  0.0000E+00
    20.000  0.4406E+01  0.0000E+00
    25.000  0.4614E+01  0.0000E+00
    30.000  0.4640E+01  0.0000E+00
    35.000  0.4481E+01  0.0000E+00
    40.000  0.4164E+01  0.0000E+00
    45.000  0.3726E+01  0.0000E+00
    50.000  0.3213E+01  0.0000E+00
    55.000  0.2674E+01  0.0000E+00
    60.000  0.2161E+01  0.0000E+00
    65.000  0.1714E+01  0.0000E+00
    70.000  0.1361E+01  0.0000E+00
    75.000  0.1107E+01  0.0000E+00
    80.000  0.9381E+00  0.0000E+00
    85.000  0.8288E+00  0.0000E+00
    90.000  0.7492E+00  0.0000E+00
    95.000  0.6763E+00  0.0000E+00
   100.000  0.6006E+00  0.0000E+00
   105.000  0.5276E+00  0.0000E+00
   110.000  0.4744E+00  0.0000E+00
   115.000  0.4614E+00  0.0000E+00
   120.000  0.5035E+00  0.0000E+00
   125.000  0.6029E+00  0.0000E+00
   130.000  0.7458E+00  0.0000E+00
   135.000  0.9044E+00  0.0000E+00
   140.000  0.1043E+01  0.0000E+00
   145.000  0.1127E+01  0.0000E+00
   150.000  0.1131E+01  0.0000E+00
   155.000  0.1048E+01  0.0000E+00
   160.000  0.8937E+00  0.0000E+00
   165.000  0.6999E+00  0.0000E+00
   170.000  0.5124E+00  0.0000E+00
   175.000  0.3769E+00  0.0000E+00
   180.000  0.3275E+00  0.0000E+00
