#  FA07K 2700 MEV P(202) CHI/DP=49261/24376   SU07         SM05  12/20/ 8  
#     PI+N  DSG  AT Elab =   200.00      12/20/ 8  
#     Acm     Obs,Err
     0.000  0.7679E+01  0.0000E+00
     5.000  0.7638E+01  0.0000E+00
    10.000  0.7526E+01  0.0000E+00
    15.000  0.7368E+01  0.0000E+00
    20.000  0.7199E+01  0.0000E+00
    25.000  0.7054E+01  0.0000E+00
    30.000  0.6957E+01  0.0000E+00
    35.000  0.6922E+01  0.0000E+00
    40.000  0.6954E+01  0.0000E+00
    45.000  0.7048E+01  0.0000E+00
    50.000  0.7194E+01  0.0000E+00
    55.000  0.7380E+01  0.0000E+00
    60.000  0.7593E+01  0.0000E+00
    65.000  0.7821E+01  0.0000E+00
    70.000  0.8053E+01  0.0000E+00
    75.000  0.8280E+01  0.0000E+00
    80.000  0.8493E+01  0.0000E+00
    85.000  0.8688E+01  0.0000E+00
    90.000  0.8860E+01  0.0000E+00
    95.000  0.9005E+01  0.0000E+00
   100.000  0.9123E+01  0.0000E+00
   105.000  0.9211E+01  0.0000E+00
   110.000  0.9270E+01  0.0000E+00
   115.000  0.9302E+01  0.0000E+00
   120.000  0.9308E+01  0.0000E+00
   125.000  0.9292E+01  0.0000E+00
   130.000  0.9258E+01  0.0000E+00
   135.000  0.9210E+01  0.0000E+00
   140.000  0.9153E+01  0.0000E+00
   145.000  0.9093E+01  0.0000E+00
   150.000  0.9033E+01  0.0000E+00
   155.000  0.8977E+01  0.0000E+00
   160.000  0.8928E+01  0.0000E+00
   165.000  0.8888E+01  0.0000E+00
   170.000  0.8859E+01  0.0000E+00
   175.000  0.8841E+01  0.0000E+00
   180.000  0.8835E+01  0.0000E+00
