#  FA07K 2700 MEV P(202) CHI/DP=49261/24376   SU07         SM05  12/20/ 8  
#     PI+N  DSG  AT Elab =   220.00      12/20/ 8  
#     Acm     Obs,Err
     0.000  0.6983E+01  0.0000E+00
     5.000  0.6926E+01  0.0000E+00
    10.000  0.6775E+01  0.0000E+00
    15.000  0.6581E+01  0.0000E+00
    20.000  0.6410E+01  0.0000E+00
    25.000  0.6314E+01  0.0000E+00
    30.000  0.6327E+01  0.0000E+00
    35.000  0.6456E+01  0.0000E+00
    40.000  0.6694E+01  0.0000E+00
    45.000  0.7021E+01  0.0000E+00
    50.000  0.7413E+01  0.0000E+00
    55.000  0.7846E+01  0.0000E+00
    60.000  0.8298E+01  0.0000E+00
    65.000  0.8750E+01  0.0000E+00
    70.000  0.9186E+01  0.0000E+00
    75.000  0.9593E+01  0.0000E+00
    80.000  0.9963E+01  0.0000E+00
    85.000  0.1029E+02  0.0000E+00
    90.000  0.1056E+02  0.0000E+00
    95.000  0.1079E+02  0.0000E+00
   100.000  0.1096E+02  0.0000E+00
   105.000  0.1108E+02  0.0000E+00
   110.000  0.1115E+02  0.0000E+00
   115.000  0.1117E+02  0.0000E+00
   120.000  0.1115E+02  0.0000E+00
   125.000  0.1109E+02  0.0000E+00
   130.000  0.1101E+02  0.0000E+00
   135.000  0.1090E+02  0.0000E+00
   140.000  0.1078E+02  0.0000E+00
   145.000  0.1066E+02  0.0000E+00
   150.000  0.1054E+02  0.0000E+00
   155.000  0.1043E+02  0.0000E+00
   160.000  0.1034E+02  0.0000E+00
   165.000  0.1026E+02  0.0000E+00
   170.000  0.1020E+02  0.0000E+00
   175.000  0.1017E+02  0.0000E+00
   180.000  0.1016E+02  0.0000E+00
