#  FA07K 2700 MEV P(202) CHI/DP=49261/24376   SU07         SM05  12/20/ 8  
#     PI+N  DSG  AT Elab =   240.00      12/20/ 8  
#     Acm     Obs,Err
     0.000  0.5946E+01  0.0000E+00
     5.000  0.5881E+01  0.0000E+00
    10.000  0.5721E+01  0.0000E+00
    15.000  0.5550E+01  0.0000E+00
    20.000  0.5460E+01  0.0000E+00
    25.000  0.5519E+01  0.0000E+00
    30.000  0.5754E+01  0.0000E+00
    35.000  0.6157E+01  0.0000E+00
    40.000  0.6699E+01  0.0000E+00
    45.000  0.7342E+01  0.0000E+00
    50.000  0.8046E+01  0.0000E+00
    55.000  0.8778E+01  0.0000E+00
    60.000  0.9508E+01  0.0000E+00
    65.000  0.1021E+02  0.0000E+00
    70.000  0.1088E+02  0.0000E+00
    75.000  0.1148E+02  0.0000E+00
    80.000  0.1202E+02  0.0000E+00
    85.000  0.1248E+02  0.0000E+00
    90.000  0.1287E+02  0.0000E+00
    95.000  0.1317E+02  0.0000E+00
   100.000  0.1339E+02  0.0000E+00
   105.000  0.1353E+02  0.0000E+00
   110.000  0.1360E+02  0.0000E+00
   115.000  0.1359E+02  0.0000E+00
   120.000  0.1352E+02  0.0000E+00
   125.000  0.1340E+02  0.0000E+00
   130.000  0.1324E+02  0.0000E+00
   135.000  0.1305E+02  0.0000E+00
   140.000  0.1284E+02  0.0000E+00
   145.000  0.1263E+02  0.0000E+00
   150.000  0.1243E+02  0.0000E+00
   155.000  0.1225E+02  0.0000E+00
   160.000  0.1209E+02  0.0000E+00
   165.000  0.1197E+02  0.0000E+00
   170.000  0.1188E+02  0.0000E+00
   175.000  0.1182E+02  0.0000E+00
   180.000  0.1180E+02  0.0000E+00
