#  FA07K 2700 MEV P(202) CHI/DP=49261/24376   SU07         SM05  12/20/ 8  
#     PI+N  DSG  AT Elab =   280.00      12/20/ 8  
#     Acm     Obs,Err
     0.000  0.5163E+01  0.0000E+00
     5.000  0.5100E+01  0.0000E+00
    10.000  0.4981E+01  0.0000E+00
    15.000  0.4966E+01  0.0000E+00
    20.000  0.5202E+01  0.0000E+00
    25.000  0.5752E+01  0.0000E+00
    30.000  0.6601E+01  0.0000E+00
    35.000  0.7685E+01  0.0000E+00
    40.000  0.8926E+01  0.0000E+00
    45.000  0.1025E+02  0.0000E+00
    50.000  0.1160E+02  0.0000E+00
    55.000  0.1293E+02  0.0000E+00
    60.000  0.1421E+02  0.0000E+00
    65.000  0.1541E+02  0.0000E+00
    70.000  0.1650E+02  0.0000E+00
    75.000  0.1747E+02  0.0000E+00
    80.000  0.1831E+02  0.0000E+00
    85.000  0.1901E+02  0.0000E+00
    90.000  0.1957E+02  0.0000E+00
    95.000  0.1997E+02  0.0000E+00
   100.000  0.2023E+02  0.0000E+00
   105.000  0.2034E+02  0.0000E+00
   110.000  0.2031E+02  0.0000E+00
   115.000  0.2015E+02  0.0000E+00
   120.000  0.1989E+02  0.0000E+00
   125.000  0.1952E+02  0.0000E+00
   130.000  0.1910E+02  0.0000E+00
   135.000  0.1862E+02  0.0000E+00
   140.000  0.1813E+02  0.0000E+00
   145.000  0.1765E+02  0.0000E+00
   150.000  0.1719E+02  0.0000E+00
   155.000  0.1678E+02  0.0000E+00
   160.000  0.1644E+02  0.0000E+00
   165.000  0.1616E+02  0.0000E+00
   170.000  0.1596E+02  0.0000E+00
   175.000  0.1584E+02  0.0000E+00
   180.000  0.1579E+02  0.0000E+00
