#  FA07K 2700 MEV P(202) CHI/DP=49261/24376   SU07         SM05  12/20/ 8  
#     PI+N  DSG  AT Elab =   300.00      12/20/ 8  
#     Acm     Obs,Err
     0.000  0.7340E+01  0.0000E+00
     5.000  0.7239E+01  0.0000E+00
    10.000  0.7037E+01  0.0000E+00
    15.000  0.6956E+01  0.0000E+00
    20.000  0.7182E+01  0.0000E+00
    25.000  0.7787E+01  0.0000E+00
    30.000  0.8734E+01  0.0000E+00
    35.000  0.9934E+01  0.0000E+00
    40.000  0.1129E+02  0.0000E+00
    45.000  0.1273E+02  0.0000E+00
    50.000  0.1417E+02  0.0000E+00
    55.000  0.1559E+02  0.0000E+00
    60.000  0.1693E+02  0.0000E+00
    65.000  0.1817E+02  0.0000E+00
    70.000  0.1929E+02  0.0000E+00
    75.000  0.2027E+02  0.0000E+00
    80.000  0.2110E+02  0.0000E+00
    85.000  0.2176E+02  0.0000E+00
    90.000  0.2226E+02  0.0000E+00
    95.000  0.2259E+02  0.0000E+00
   100.000  0.2275E+02  0.0000E+00
   105.000  0.2274E+02  0.0000E+00
   110.000  0.2258E+02  0.0000E+00
   115.000  0.2227E+02  0.0000E+00
   120.000  0.2183E+02  0.0000E+00
   125.000  0.2130E+02  0.0000E+00
   130.000  0.2069E+02  0.0000E+00
   135.000  0.2005E+02  0.0000E+00
   140.000  0.1939E+02  0.0000E+00
   145.000  0.1874E+02  0.0000E+00
   150.000  0.1814E+02  0.0000E+00
   155.000  0.1760E+02  0.0000E+00
   160.000  0.1715E+02  0.0000E+00
   165.000  0.1679E+02  0.0000E+00
   170.000  0.1652E+02  0.0000E+00
   175.000  0.1636E+02  0.0000E+00
   180.000  0.1631E+02  0.0000E+00
