#  FA07K 2700 MEV P(202) CHI/DP=49261/24376   SU07         SM05  12/20/ 8  
#     PI+N  DSG  AT Elab =   320.00      12/20/ 8  
#     Acm     Obs,Err
     0.000  0.1191E+02  0.0000E+00
     5.000  0.1169E+02  0.0000E+00
    10.000  0.1118E+02  0.0000E+00
    15.000  0.1071E+02  0.0000E+00
    20.000  0.1055E+02  0.0000E+00
    25.000  0.1081E+02  0.0000E+00
    30.000  0.1146E+02  0.0000E+00
    35.000  0.1238E+02  0.0000E+00
    40.000  0.1348E+02  0.0000E+00
    45.000  0.1466E+02  0.0000E+00
    50.000  0.1587E+02  0.0000E+00
    55.000  0.1704E+02  0.0000E+00
    60.000  0.1815E+02  0.0000E+00
    65.000  0.1917E+02  0.0000E+00
    70.000  0.2007E+02  0.0000E+00
    75.000  0.2083E+02  0.0000E+00
    80.000  0.2145E+02  0.0000E+00
    85.000  0.2191E+02  0.0000E+00
    90.000  0.2221E+02  0.0000E+00
    95.000  0.2235E+02  0.0000E+00
   100.000  0.2233E+02  0.0000E+00
   105.000  0.2216E+02  0.0000E+00
   110.000  0.2185E+02  0.0000E+00
   115.000  0.2141E+02  0.0000E+00
   120.000  0.2086E+02  0.0000E+00
   125.000  0.2022E+02  0.0000E+00
   130.000  0.1952E+02  0.0000E+00
   135.000  0.1880E+02  0.0000E+00
   140.000  0.1807E+02  0.0000E+00
   145.000  0.1736E+02  0.0000E+00
   150.000  0.1671E+02  0.0000E+00
   155.000  0.1613E+02  0.0000E+00
   160.000  0.1564E+02  0.0000E+00
   165.000  0.1525E+02  0.0000E+00
   170.000  0.1496E+02  0.0000E+00
   175.000  0.1479E+02  0.0000E+00
   180.000  0.1473E+02  0.0000E+00
