#  FA07K 2700 MEV P(202) CHI/DP=49261/24376   SU07         SM05  12/20/ 8  
#     PI+N  DSG  AT Elab =   360.00      12/20/ 8  
#     Acm     Obs,Err
     0.000  0.1991E+02  0.0000E+00
     5.000  0.1933E+02  0.0000E+00
    10.000  0.1791E+02  0.0000E+00
    15.000  0.1628E+02  0.0000E+00
    20.000  0.1495E+02  0.0000E+00
    25.000  0.1411E+02  0.0000E+00
    30.000  0.1374E+02  0.0000E+00
    35.000  0.1369E+02  0.0000E+00
    40.000  0.1387E+02  0.0000E+00
    45.000  0.1417E+02  0.0000E+00
    50.000  0.1452E+02  0.0000E+00
    55.000  0.1488E+02  0.0000E+00
    60.000  0.1521E+02  0.0000E+00
    65.000  0.1547E+02  0.0000E+00
    70.000  0.1567E+02  0.0000E+00
    75.000  0.1577E+02  0.0000E+00
    80.000  0.1578E+02  0.0000E+00
    85.000  0.1569E+02  0.0000E+00
    90.000  0.1551E+02  0.0000E+00
    95.000  0.1524E+02  0.0000E+00
   100.000  0.1490E+02  0.0000E+00
   105.000  0.1449E+02  0.0000E+00
   110.000  0.1402E+02  0.0000E+00
   115.000  0.1352E+02  0.0000E+00
   120.000  0.1298E+02  0.0000E+00
   125.000  0.1242E+02  0.0000E+00
   130.000  0.1185E+02  0.0000E+00
   135.000  0.1128E+02  0.0000E+00
   140.000  0.1074E+02  0.0000E+00
   145.000  0.1023E+02  0.0000E+00
   150.000  0.9754E+01  0.0000E+00
   155.000  0.9336E+01  0.0000E+00
   160.000  0.8982E+01  0.0000E+00
   165.000  0.8698E+01  0.0000E+00
   170.000  0.8491E+01  0.0000E+00
   175.000  0.8365E+01  0.0000E+00
   180.000  0.8323E+01  0.0000E+00
