#  FA07K 2700 MEV P(202) CHI/DP=49261/24376   SU07         SM05  12/20/ 8  
#     PI+N  DSG  AT Elab =   450.00      12/20/ 8  
#     Acm     Obs,Err
     0.000  0.2123E+02  0.0000E+00
     5.000  0.2020E+02  0.0000E+00
    10.000  0.1779E+02  0.0000E+00
    15.000  0.1525E+02  0.0000E+00
    20.000  0.1329E+02  0.0000E+00
    25.000  0.1203E+02  0.0000E+00
    30.000  0.1129E+02  0.0000E+00
    35.000  0.1086E+02  0.0000E+00
    40.000  0.1062E+02  0.0000E+00
    45.000  0.1045E+02  0.0000E+00
    50.000  0.1031E+02  0.0000E+00
    55.000  0.1015E+02  0.0000E+00
    60.000  0.9955E+01  0.0000E+00
    65.000  0.9708E+01  0.0000E+00
    70.000  0.9400E+01  0.0000E+00
    75.000  0.9032E+01  0.0000E+00
    80.000  0.8610E+01  0.0000E+00
    85.000  0.8148E+01  0.0000E+00
    90.000  0.7661E+01  0.0000E+00
    95.000  0.7168E+01  0.0000E+00
   100.000  0.6687E+01  0.0000E+00
   105.000  0.6233E+01  0.0000E+00
   110.000  0.5818E+01  0.0000E+00
   115.000  0.5446E+01  0.0000E+00
   120.000  0.5121E+01  0.0000E+00
   125.000  0.4840E+01  0.0000E+00
   130.000  0.4600E+01  0.0000E+00
   135.000  0.4396E+01  0.0000E+00
   140.000  0.4221E+01  0.0000E+00
   145.000  0.4072E+01  0.0000E+00
   150.000  0.3945E+01  0.0000E+00
   155.000  0.3837E+01  0.0000E+00
   160.000  0.3747E+01  0.0000E+00
   165.000  0.3676E+01  0.0000E+00
   170.000  0.3623E+01  0.0000E+00
   175.000  0.3592E+01  0.0000E+00
   180.000  0.3581E+01  0.0000E+00
