#  FA07K 2700 MEV P(202) CHI/DP=49261/24376   SU07         SM05  12/20/ 8  
#     PI+N  DSG  AT Elab =   600.00      12/20/ 8  
#     Acm     Obs,Err
     0.000  0.2089E+02  0.0000E+00
     5.000  0.1938E+02  0.0000E+00
    10.000  0.1627E+02  0.0000E+00
    15.000  0.1361E+02  0.0000E+00
    20.000  0.1202E+02  0.0000E+00
    25.000  0.1124E+02  0.0000E+00
    30.000  0.1090E+02  0.0000E+00
    35.000  0.1076E+02  0.0000E+00
    40.000  0.1066E+02  0.0000E+00
    45.000  0.1054E+02  0.0000E+00
    50.000  0.1036E+02  0.0000E+00
    55.000  0.1010E+02  0.0000E+00
    60.000  0.9757E+01  0.0000E+00
    65.000  0.9325E+01  0.0000E+00
    70.000  0.8818E+01  0.0000E+00
    75.000  0.8251E+01  0.0000E+00
    80.000  0.7645E+01  0.0000E+00
    85.000  0.7023E+01  0.0000E+00
    90.000  0.6409E+01  0.0000E+00
    95.000  0.5827E+01  0.0000E+00
   100.000  0.5294E+01  0.0000E+00
   105.000  0.4822E+01  0.0000E+00
   110.000  0.4420E+01  0.0000E+00
   115.000  0.4086E+01  0.0000E+00
   120.000  0.3817E+01  0.0000E+00
   125.000  0.3606E+01  0.0000E+00
   130.000  0.3444E+01  0.0000E+00
   135.000  0.3322E+01  0.0000E+00
   140.000  0.3233E+01  0.0000E+00
   145.000  0.3168E+01  0.0000E+00
   150.000  0.3123E+01  0.0000E+00
   155.000  0.3093E+01  0.0000E+00
   160.000  0.3074E+01  0.0000E+00
   165.000  0.3062E+01  0.0000E+00
   170.000  0.3056E+01  0.0000E+00
   175.000  0.3053E+01  0.0000E+00
   180.000  0.3052E+01  0.0000E+00
