#  FA07K 2700 MEV P(202) CHI/DP=49261/24376   SU07         SM05  12/20/ 8  
#     PI+N  DSG  AT Elab =   700.00      12/20/ 8  
#     Acm     Obs,Err
     0.000  0.2180E+02  0.0000E+00
     5.000  0.1997E+02  0.0000E+00
    10.000  0.1648E+02  0.0000E+00
    15.000  0.1388E+02  0.0000E+00
    20.000  0.1259E+02  0.0000E+00
    25.000  0.1215E+02  0.0000E+00
    30.000  0.1212E+02  0.0000E+00
    35.000  0.1223E+02  0.0000E+00
    40.000  0.1236E+02  0.0000E+00
    45.000  0.1241E+02  0.0000E+00
    50.000  0.1237E+02  0.0000E+00
    55.000  0.1221E+02  0.0000E+00
    60.000  0.1192E+02  0.0000E+00
    65.000  0.1152E+02  0.0000E+00
    70.000  0.1103E+02  0.0000E+00
    75.000  0.1046E+02  0.0000E+00
    80.000  0.9835E+01  0.0000E+00
    85.000  0.9189E+01  0.0000E+00
    90.000  0.8542E+01  0.0000E+00
    95.000  0.7915E+01  0.0000E+00
   100.000  0.7324E+01  0.0000E+00
   105.000  0.6779E+01  0.0000E+00
   110.000  0.6283E+01  0.0000E+00
   115.000  0.5837E+01  0.0000E+00
   120.000  0.5438E+01  0.0000E+00
   125.000  0.5081E+01  0.0000E+00
   130.000  0.4760E+01  0.0000E+00
   135.000  0.4473E+01  0.0000E+00
   140.000  0.4216E+01  0.0000E+00
   145.000  0.3989E+01  0.0000E+00
   150.000  0.3791E+01  0.0000E+00
   155.000  0.3624E+01  0.0000E+00
   160.000  0.3488E+01  0.0000E+00
   165.000  0.3384E+01  0.0000E+00
   170.000  0.3310E+01  0.0000E+00
   175.000  0.3266E+01  0.0000E+00
   180.000  0.3251E+01  0.0000E+00
