#  FA07K 2700 MEV P(202) CHI/DP=49261/24376   SU07         SM05  12/20/ 8  
#     PI+N  DSG  AT Elab =   950.00      12/20/ 8  
#     Acm     Obs,Err
     0.000  0.1372E+02  0.0000E+00
     5.000  0.1189E+02  0.0000E+00
    10.000  0.9266E+01  0.0000E+00
    15.000  0.8147E+01  0.0000E+00
    20.000  0.8082E+01  0.0000E+00
    25.000  0.8361E+01  0.0000E+00
    30.000  0.8625E+01  0.0000E+00
    35.000  0.8715E+01  0.0000E+00
    40.000  0.8569E+01  0.0000E+00
    45.000  0.8170E+01  0.0000E+00
    50.000  0.7542E+01  0.0000E+00
    55.000  0.6733E+01  0.0000E+00
    60.000  0.5815E+01  0.0000E+00
    65.000  0.4872E+01  0.0000E+00
    70.000  0.3987E+01  0.0000E+00
    75.000  0.3234E+01  0.0000E+00
    80.000  0.2666E+01  0.0000E+00
    85.000  0.2309E+01  0.0000E+00
    90.000  0.2161E+01  0.0000E+00
    95.000  0.2193E+01  0.0000E+00
   100.000  0.2357E+01  0.0000E+00
   105.000  0.2593E+01  0.0000E+00
   110.000  0.2842E+01  0.0000E+00
   115.000  0.3052E+01  0.0000E+00
   120.000  0.3188E+01  0.0000E+00
   125.000  0.3231E+01  0.0000E+00
   130.000  0.3186E+01  0.0000E+00
   135.000  0.3071E+01  0.0000E+00
   140.000  0.2917E+01  0.0000E+00
   145.000  0.2757E+01  0.0000E+00
   150.000  0.2621E+01  0.0000E+00
   155.000  0.2528E+01  0.0000E+00
   160.000  0.2483E+01  0.0000E+00
   165.000  0.2480E+01  0.0000E+00
   170.000  0.2499E+01  0.0000E+00
   175.000  0.2522E+01  0.0000E+00
   180.000  0.2531E+01  0.0000E+00
