0.0 0.000000
25.0 134.524897
50.0 303.329482
75.0 444.482059
100.0 585.634636
125.0 726.787213
150.0 836.236663
175.0 933.630726
200.0 1012.941707
225.0 955.570912
250.0 874.792090
275.0 837.062939
300.0 799.333788
325.0 757.946675
350.0 711.072616
375.0 649.147217
400.0 587.221818
425.0 530.156709
450.0 473.091600
475.0 475.745900
500.0 478.400200
525.0 481.269200
550.0 484.138200
575.0 480.488600
600.0 476.839000
625.0 472.291500
650.0 467.744000
675.0 465.343400
700.0 462.942800
725.0 463.235600
750.0 463.528400
775.0 467.490300
800.0 471.452200
825.0 476.077700
850.0 480.703200
875.0 482.537800
900.0 484.372400
925.0 483.006200
950.0 481.640000
975.0 480.273800
1000.0 478.907600
1025.0 477.541400
