0.0 0.000000
25.0 4.515613
50.0 15.394685
75.0 28.709979
100.0 42.025274
125.0 51.863027
150.0 61.700780
175.0 68.691250
200.0 75.681720
225.0 79.672490
250.0 83.663260
275.0 79.571050
300.0 75.478840
325.0 69.309370
350.0 63.139900
375.0 58.066710
400.0 52.993520
425.0 48.772210
450.0 44.550900
475.0 40.819500
500.0 37.088100
525.0 34.986660
550.0 32.885220
575.0 30.990120
600.0 29.095020
625.0 27.908860
650.0 26.722700
675.0 26.231630
700.0 25.740560
725.0 25.897330
750.0 26.054100
775.0 26.751510
800.0 27.448920
825.0 28.367650
850.0 29.286380
875.0 29.809720
900.0 30.333060
925.0 30.304240
950.0 30.275420
975.0 30.246600
1000.0 30.217780
1025.0 30.188960
