0.0 0.000000
25.0 23.963741
50.0 50.039318
75.0 79.305496
100.0 108.929375
125.0 138.791721
150.0 156.421896
175.0 172.335734
200.0 185.675070
225.0 189.003721
250.0 187.033593
275.0 173.879032
300.0 160.724471
325.0 146.769901
350.0 131.615315
375.0 117.196448
400.0 102.777581
425.0 89.380151
450.0 75.982720
475.0 71.666120
500.0 67.349520
525.0 64.824320
550.0 62.299120
575.0 60.132570
600.0 57.966020
625.0 56.461890
650.0 54.957760
675.0 54.606430
700.0 54.255100
725.0 54.694270
750.0 55.133440
775.0 56.432640
800.0 57.731840
825.0 59.325640
850.0 60.919440
875.0 61.803250
900.0 62.687060
925.0 62.281740
950.0 61.876420
975.0 61.471100
1000.0 61.065780
1025.0 60.660460
