# K+P
# Angle vs. Cross-section (millibarns)
# 1000 MeV

  0.000  0.3062E+01
  5.000  0.9537E+01
 10.000  0.3903E+01
 15.000  0.3193E+01
 20.000  0.2863E+01
 25.000  0.2602E+01
 30.000  0.2357E+01
 35.000  0.2115E+01
 40.000  0.1880E+01
 45.000  0.1655E+01
 50.000  0.1444E+01
 55.000  0.1251E+01
 60.000  0.1078E+01
 65.000  0.9231E+00
 70.000  0.7878E+00
 75.000  0.6712E+00
 80.000  0.5719E+00
 85.000  0.4882E+00
 90.000  0.4179E+00
 95.000  0.3589E+00
100.000  0.3096E+00
105.000  0.2692E+00
110.000  0.2374E+00
115.000  0.2145E+00
120.000  0.2009E+00
125.000  0.1966E+00
130.000  0.2010E+00
135.000  0.2128E+00
140.000  0.2292E+00
145.000  0.2466E+00
150.000  0.2606E+00
155.000  0.2676E+00
160.000  0.2659E+00
165.000  0.2565E+00
170.000  0.2438E+00
175.000  0.2330E+00
180.000  0.2288E+00
