# K+P
# Angle vs. Cross-section (millibarns)
# 1100 MeV

  0.000  0.3261E+01
  5.000  0.9167E+01
 10.000  0.4019E+01
 15.000  0.3335E+01
 20.000  0.2989E+01
 25.000  0.2699E+01
 30.000  0.2419E+01
 35.000  0.2142E+01
 40.000  0.1873E+01
 45.000  0.1621E+01
 50.000  0.1390E+01
 55.000  0.1183E+01
 60.000  0.1001E+01
 65.000  0.8428E+00
 70.000  0.7071E+00
 75.000  0.5920E+00
 80.000  0.4958E+00
 85.000  0.4160E+00
 90.000  0.3502E+00
 95.000  0.2960E+00
100.000  0.2513E+00
105.000  0.2150E+00
110.000  0.1864E+00
115.000  0.1653E+00
120.000  0.1519E+00
125.000  0.1458E+00
130.000  0.1467E+00
135.000  0.1533E+00
140.000  0.1641E+00
145.000  0.1767E+00
150.000  0.1880E+00
155.000  0.1952E+00
160.000  0.1968E+00
165.000  0.1928E+00
170.000  0.1858E+00
175.000  0.1794E+00
180.000  0.1769E+00
