# K+P
# Angle vs. Cross-section (millibarns)
# 1800 MeV

  0.000  0.4643E+01
  5.000  0.8208E+01
 10.000  0.4897E+01
 15.000  0.4171E+01
 20.000  0.3581E+01
 25.000  0.2992E+01
 30.000  0.2417E+01
 35.000  0.1889E+01
 40.000  0.1432E+01
 45.000  0.1059E+01
 50.000  0.7668E+00
 55.000  0.5457E+00
 60.000  0.3828E+00
 65.000  0.2656E+00
 70.000  0.1831E+00
 75.000  0.1259E+00
 80.000  0.8666E-01
 85.000  0.6010E-01
 90.000  0.4243E-01
 95.000  0.3100E-01
100.000  0.2384E-01
105.000  0.1957E-01
110.000  0.1738E-01
115.000  0.1686E-01
120.000  0.1792E-01
125.000  0.2050E-01
130.000  0.2447E-01
135.000  0.2964E-01
140.000  0.3587E-01
145.000  0.4331E-01
150.000  0.5248E-01
155.000  0.6408E-01
160.000  0.7831E-01
165.000  0.9421E-01
170.000  0.1093E+00
175.000  0.1204E+00
180.000  0.1245E+00
