# K+P
# Angle vs. Cross-section (millibarns)
# 1500 MeV

  0.000  0.4077E+01
  5.000  0.8398E+01
 10.000  0.4535E+01
 15.000  0.3863E+01
 20.000  0.3398E+01
 25.000  0.2946E+01
 30.000  0.2494E+01
 35.000  0.2060E+01
 40.000  0.1665E+01
 45.000  0.1321E+01
 50.000  0.1033E+01
 55.000  0.7988E+00
 60.000  0.6124E+00
 65.000  0.4661E+00
 70.000  0.3526E+00
 75.000  0.2659E+00
 80.000  0.2006E+00
 85.000  0.1523E+00
 90.000  0.1172E+00
 95.000  0.9187E-01
100.000  0.7374E-01
105.000  0.6077E-01
110.000  0.5173E-01
115.000  0.4608E-01
120.000  0.4361E-01
125.000  0.4423E-01
130.000  0.4765E-01
135.000  0.5347E-01
140.000  0.6124E-01
145.000  0.7059E-01
150.000  0.8120E-01
155.000  0.9252E-01
160.000  0.1037E+00
165.000  0.1136E+00
170.000  0.1212E+00
175.000  0.1260E+00
180.000  0.1276E+00
