# K+P
# Angle vs. Cross-section (millibarns)
# 1700 MeV

  0.000  0.4460E+01
  5.000  0.8263E+01
 10.000  0.4784E+01
 15.000  0.4078E+01
 20.000  0.3531E+01
 25.000  0.2987E+01
 30.000  0.2451E+01
 35.000  0.1951E+01
 40.000  0.1511E+01
 45.000  0.1144E+01
 50.000  0.8500E+00
 55.000  0.6224E+00
 60.000  0.4502E+00
 65.000  0.3224E+00
 70.000  0.2292E+00
 75.000  0.1622E+00
 80.000  0.1148E+00
 85.000  0.8190E-01
 90.000  0.5946E-01
 95.000  0.4451E-01
100.000  0.3472E-01
105.000  0.2842E-01
110.000  0.2462E-01
115.000  0.2290E-01
120.000  0.2315E-01
125.000  0.2538E-01
130.000  0.2947E-01
135.000  0.3517E-01
140.000  0.4226E-01
145.000  0.5071E-01
150.000  0.6079E-01
155.000  0.7275E-01
160.000  0.8641E-01
165.000  0.1007E+00
170.000  0.1135E+00
175.000  0.1226E+00
180.000  0.1258E+00
