# K+P
# Angle vs. Cross-section (millibarns)
# 300 MeV

  0.000  0.1006E+01
  5.000  0.2557E+02
 10.000  0.3782E+01
 15.000  0.1951E+01
 20.000  0.1472E+01
 25.000  0.1279E+01
 30.000  0.1184E+01
 35.000  0.1131E+01
 40.000  0.1098E+01
 45.000  0.1074E+01
 50.000  0.1054E+01
 55.000  0.1035E+01
 60.000  0.1016E+01
 65.000  0.9984E+00
 70.000  0.9822E+00
 75.000  0.9690E+00
 80.000  0.9595E+00
 85.000  0.9538E+00
 90.000  0.9519E+00
 95.000  0.9533E+00
100.000  0.9578E+00
105.000  0.9654E+00
110.000  0.9762E+00
115.000  0.9904E+00
120.000  0.1007E+01
125.000  0.1026E+01
130.000  0.1043E+01
135.000  0.1056E+01
140.000  0.1060E+01
145.000  0.1052E+01
150.000  0.1030E+01
155.000  0.9948E+00
160.000  0.9493E+00
165.000  0.9008E+00
170.000  0.8576E+00
175.000  0.8277E+00
180.000  0.8170E+00
