# K+P
# Angle vs. Cross-section (millibarns)
# 600 MeV

  0.000  0.1391E+01
  5.000  0.1098E+02
 10.000  0.2500E+01
 15.000  0.1748E+01
 20.000  0.1531E+01
 25.000  0.1428E+01
 30.000  0.1360E+01
 35.000  0.1304E+01
 40.000  0.1250E+01
 45.000  0.1194E+01
 50.000  0.1136E+01
 55.000  0.1075E+01
 60.000  0.1014E+01
 65.000  0.9555E+00
 70.000  0.9021E+00
 75.000  0.8557E+00
 80.000  0.8172E+00
 85.000  0.7866E+00
 90.000  0.7633E+00
 95.000  0.7469E+00
100.000  0.7373E+00
105.000  0.7353E+00
110.000  0.7427E+00
115.000  0.7616E+00
120.000  0.7935E+00
125.000  0.8385E+00
130.000  0.8943E+00
135.000  0.9553E+00
140.000  0.1013E+01
145.000  0.1057E+01
150.000  0.1078E+01
155.000  0.1071E+01
160.000  0.1039E+01
165.000  0.9889E+00
170.000  0.9367E+00
175.000  0.8975E+00
180.000  0.8829E+00
