# K+P
# Angle vs. Cross-section (millibarns)
# 700 MeV

  0.000  0.2000E+01
  5.000  0.1031E+02
 10.000  0.2995E+01
 15.000  0.2282E+01
 20.000  0.2041E+01
 25.000  0.1897E+01
 30.000  0.1780E+01
 35.000  0.1670E+01
 40.000  0.1560E+01
 45.000  0.1449E+01
 50.000  0.1336E+01
 55.000  0.1225E+01
 60.000  0.1118E+01
 65.000  0.1017E+01
 70.000  0.9256E+00
 75.000  0.8448E+00
 80.000  0.7752E+00
 85.000  0.7166E+00
 90.000  0.6680E+00
 95.000  0.6285E+00
100.000  0.5980E+00
105.000  0.5769E+00
110.000  0.5668E+00
115.000  0.5695E+00
120.000  0.5866E+00
125.000  0.6187E+00
130.000  0.6639E+00
135.000  0.7176E+00
140.000  0.7722E+00
145.000  0.8180E+00
150.000  0.8457E+00
155.000  0.8494E+00
160.000  0.8293E+00
165.000  0.7925E+00
170.000  0.7513E+00
175.000  0.7194E+00
180.000  0.7074E+00
