# K+P
# Angle vs. Cross-section (millibarns)
# 900 MeV

  0.000  0.2841E+01
  5.000  0.9921E+01
 10.000  0.3756E+01
 15.000  0.3025E+01
 20.000  0.2710E+01
 25.000  0.2478E+01
 30.000  0.2266E+01
 35.000  0.2060E+01
 40.000  0.1857E+01
 45.000  0.1661E+01
 50.000  0.1473E+01
 55.000  0.1297E+01
 60.000  0.1134E+01
 65.000  0.9868E+00
 70.000  0.8556E+00
 75.000  0.7409E+00
 80.000  0.6421E+00
 85.000  0.5580E+00
 90.000  0.4866E+00
 95.000  0.4263E+00
100.000  0.3758E+00
105.000  0.3347E+00
110.000  0.3033E+00
115.000  0.2822E+00
120.000  0.2724E+00
125.000  0.2741E+00
130.000  0.2866E+00
135.000  0.3077E+00
140.000  0.3336E+00
145.000  0.3586E+00
150.000  0.3771E+00
155.000  0.3841E+00
160.000  0.3783E+00
165.000  0.3622E+00
170.000  0.3421E+00
175.000  0.3257E+00
180.000  0.3195E+00
