# PI+D -> 2P
# Cos(ang) vs. Cross-section (millibarns)
# 150 MeV

    0.000  0.3471E+01
     9.000  0.3434E+01
    18.000  0.3317E+01
    27.000  0.3109E+01
    36.000  0.2807E+01
    45.000  0.2420E+01
    54.000  0.1985E+01
    63.000  0.1554E+01
    72.000  0.1188E+01
    81.000  0.9432E+00
    90.000  0.8569E+00
    99.000  0.9431E+00
   108.000  0.1188E+01
   117.000  0.1554E+01
   126.000  0.1985E+01
   135.000  0.2420E+01
   144.000  0.2807E+01
   153.000  0.3109E+01
   162.000  0.3317E+01
   171.000  0.3434E+01
   180.000  0.3471E+01
