# PI+D -> 2P
# Cos(ang) vs. Cross-section (millibarns)
# 325 MeV

     0.000  0.3647E+00
     9.000  0.3682E+00
    18.000  0.3740E+00
    27.000  0.3716E+00
    36.000  0.3526E+00
    45.000  0.3156E+00
    54.000  0.2669E+00
    63.000  0.2157E+00
    72.000  0.1713E+00
    81.000  0.1412E+00
    90.000  0.1306E+00
    99.000  0.1412E+00
   108.000  0.1713E+00
   117.000  0.2157E+00
   126.000  0.2669E+00
   135.000  0.3156E+00
   144.000  0.3526E+00
   153.000  0.3716E+00
   162.000  0.3740E+00
   171.000  0.3682E+00
   180.000  0.3647E+00

