# PI+D -> 2P
# Cos(ang) vs. Cross-section (millibarns)
# 25 MeV

     0.000  0.1284E+01
     9.000  0.1262E+01
    18.000  0.1197E+01
    27.000  0.1096E+01
    36.000  0.9682E+00
    45.000  0.8268E+00
    54.000  0.6854E+00
    63.000  0.5577E+00
    72.000  0.4563E+00
    81.000  0.3912E+00
    90.000  0.3688E+00
    99.000  0.3912E+00
   108.000  0.4563E+00
   117.000  0.5577E+00
   126.000  0.6854E+00
   135.000  0.8268E+00
   144.000  0.9682E+00
   153.000  0.1096E+01
   162.000  0.1197E+01
   171.000  0.1262E+01
   180.000  0.1284E+01
