# PI+D -> 2P
# Cos(ang) vs. Cross-section (millibarns)
# 100 MeV

     0.000  0.3555E+01
     9.000  0.3491E+01
    18.000  0.3304E+01
    27.000  0.3008E+01
    36.000  0.2629E+01
    45.000  0.2201E+01
    54.000  0.1763E+01
    63.000  0.1362E+01
    72.000  0.1039E+01
    81.000  0.8298E+00
    90.000  0.7573E+00
    99.000  0.8298E+00
   108.000  0.1039E+01
   117.000  0.1362E+01
   126.000  0.1763E+01
   135.000  0.2201E+01
   144.000  0.2629E+01
   153.000  0.3008E+01
   162.000  0.3304E+01
   171.000  0.3491E+01
   180.000  0.3555E+01
