# PI+D -> 2P
# Cos(ang) vs. Cross-section (millibarns)
# 300 MeV

     0.000  0.4735E+00
     9.000  0.4774E+00
    18.000  0.4839E+00
    27.000  0.4808E+00
    36.000  0.4574E+00
    45.000  0.4112E+00
    54.000  0.3487E+00
    63.000  0.2816E+00
    72.000  0.2224E+00
    81.000  0.1820E+00
    90.000  0.1676E+00
    99.000  0.1820E+00
   108.000  0.2224E+00
   117.000  0.2816E+00
   126.000  0.3487E+00
   135.000  0.4112E+00
   144.000  0.4574E+00
   153.000  0.4808E+00
   162.000  0.4839E+00
   171.000  0.4774E+00
   180.000  0.4735E+00

