# Proton-Neutron Scattering
# Angle vs. Cross-section (millibarns)
# 700 MeV

  0.000  0.1147E+02     
  9.000  0.9952E+01     
 18.000  0.8465E+01     
 27.000  0.7053E+01     
 36.000  0.5526E+01     
 45.000  0.4034E+01     
 54.000  0.2769E+01     
 63.000  0.1842E+01     
 72.000  0.1238E+01     
 81.000  0.8796E+00     
 90.000  0.6948E+00     
 99.000  0.6306E+00     
108.000  0.6502E+00     
117.000  0.7437E+00     
126.000  0.9420E+00     
135.000  0.1313E+01     
144.000  0.1932E+01     
153.000  0.2781E+01     
162.000  0.3679E+01     
171.000  0.5500E+01     
180.000  0.8965E+01