# K+N->K0P
# Angle vs. Cross-section (millibarns)
# 700 MeV

     0.000  0.4467E-04
     5.000  0.4121E-01
    10.000  0.1422E+00
    15.000  0.2748E+00
    20.000  0.4219E+00
    25.000  0.5673E+00
    30.000  0.6954E+00
    35.000  0.7942E+00
    40.000  0.8572E+00
    45.000  0.8837E+00
    50.000  0.8750E+00
    55.000  0.8416E+00
    60.000  0.7946E+00
    65.000  0.7408E+00
    70.000  0.6849E+00
    75.000  0.6298E+00
    80.000  0.5762E+00
    85.000  0.5241E+00
    90.000  0.4734E+00
    95.000  0.4242E+00
   100.000  0.3774E+00
   105.000  0.3341E+00
   110.000  0.2956E+00
   115.000  0.2632E+00
   120.000  0.2377E+00
   125.000  0.2195E+00
   130.000  0.2080E+00
   135.000  0.2019E+00
   140.000  0.1987E+00
   145.000  0.1954E+00
   150.000  0.1895E+00
   155.000  0.1791E+00
   160.000  0.1642E+00
   165.000  0.1470E+00
   170.000  0.1308E+00
   175.000  0.1192E+00
   180.000  0.1150E+00
