# K+N->K0P
# Angle vs. Cross-section (millibarns)
# 1300 MeV

     0.000  0.6774E-04
     5.000  0.8234E-01
    10.000  0.2365E+00
    15.000  0.3921E+00
    20.000  0.5256E+00
    25.000  0.6196E+00
    30.000  0.6637E+00
    35.000  0.6558E+00
    40.000  0.6023E+00
    45.000  0.5236E+00
    50.000  0.4322E+00
    55.000  0.3391E+00
    60.000  0.2524E+00
    65.000  0.1775E+00
    70.000  0.1175E+00
    75.000  0.7323E-01
    80.000  0.4411E-01
    85.000  0.2851E-01
    90.000  0.2460E-01
    95.000  0.3068E-01
   100.000  0.4507E-01
   105.000  0.6565E-01
   110.000  0.8953E-01
   115.000  0.1131E+00
   120.000  0.1329E+00
   125.000  0.1460E+00
   130.000  0.1511E+00
   135.000  0.1481E+00
   140.000  0.1380E+00
   145.000  0.1223E+00
   150.000  0.1024E+00
   155.000  0.8007E-01
   160.000  0.5698E-01
   165.000  0.3525E-01
   170.000  0.1726E-01
   175.000  0.5313E-02
   180.000  0.1121E-02
