# K+N->K0P
# Angle vs. Cross-section (millibarns)
# 1100 MeV

     0.000  0.6575E-04
     5.000  0.7196E-01
    10.000  0.2174E+00
    15.000  0.3752E+00
    20.000  0.5210E+00
    25.000  0.6354E+00
    30.000  0.7042E+00
    35.000  0.7220E+00
    40.000  0.6888E+00
    45.000  0.6206E+00
    50.000  0.5344E+00
    55.000  0.4428E+00
    60.000  0.3557E+00
    65.000  0.2799E+00
    70.000  0.2182E+00
    75.000  0.1713E+00
    80.000  0.1378E+00
    85.000  0.1159E+00
    90.000  0.1036E+00
    95.000  0.9904E-01
   100.000  0.1003E+00
   105.000  0.1055E+00
   110.000  0.1126E+00
   115.000  0.1195E+00
   120.000  0.1246E+00
   125.000  0.1266E+00
   130.000  0.1249E+00
   135.000  0.1195E+00
   140.000  0.1106E+00
   145.000  0.9863E-01
   150.000  0.8400E-01
   155.000  0.6738E-01
   160.000  0.4987E-01
   165.000  0.3305E-01
   170.000  0.1892E-01
   175.000  0.9444E-02
   180.000  0.6103E-02
