# K+N->K0P
# Angle vs. Cross-section (millibarns)
# 1600 MeV

     0.000  0.1263E-03
     5.000  0.1415E+00
    10.000  0.3374E+00
    15.000  0.4658E+00
    20.000  0.5266E+00
    25.000  0.5294E+00
    30.000  0.4881E+00
    35.000  0.4165E+00
    40.000  0.3382E+00
    45.000  0.2644E+00
    50.000  0.2009E+00
    55.000  0.1489E+00
    60.000  0.1079E+00
    65.000  0.7770E-01
    70.000  0.5882E-01
    75.000  0.5139E-01
    80.000  0.5407E-01
    85.000  0.6444E-01
    90.000  0.8014E-01
    95.000  0.9998E-01
   100.000  0.1236E+00
   105.000  0.1505E+00
   110.000  0.1784E+00
   115.000  0.2028E+00
   120.000  0.2190E+00
   125.000  0.2231E+00
   130.000  0.2146E+00
   135.000  0.1962E+00
   140.000  0.1724E+00
   145.000  0.1481E+00
   150.000  0.1271E+00
   155.000  0.1111E+00
   160.000  0.1003E+00
   165.000  0.9374E-01
   170.000  0.9026E-01
   175.000  0.8867E-01
   180.000  0.8823E-01
