# K+N->K0P
# Angle vs. Cross-section (millibarns)
# 400 MeV

  0.000  0.6981E-04
  5.000  0.3158E-01
 10.000  0.1098E+00
 15.000  0.2098E+00
 20.000  0.3169E+00
 25.000  0.4223E+00
 30.000  0.5189E+00
 35.000  0.6007E+00
 40.000  0.6636E+00
 45.000  0.7062E+00
 50.000  0.7301E+00
 55.000  0.7388E+00
 60.000  0.7372E+00
 65.000  0.7294E+00
 70.000  0.7167E+00
 75.000  0.7052E+00
 80.000  0.6949E+00
 85.000  0.6847E+00
 90.000  0.6730E+00
 95.000  0.6583E+00
100.000  0.6393E+00
105.000  0.6157E+00
110.000  0.5880E+00
115.000  0.5574E+00
120.000  0.5255E+00
125.000  0.4939E+00
130.000  0.4640E+00
135.000  0.4364E+00
140.000  0.4112E+00
145.000  0.3877E+00
150.000  0.3650E+00
155.000  0.3428E+00
160.000  0.3211E+00
165.000  0.3010E+00
170.000  0.2845E+00
175.000  0.2735E+00
180.000  0.2697E+00
