# K+N->K0P
# Angle vs. Cross-section (millibarns)
# 500 MeV

  0.000  0.4590E-04
  5.000  0.2969E-01
 10.000  0.1046E+00
 15.000  0.2045E+00
 20.000  0.3166E+00
 25.000  0.4303E+00
 30.000  0.5355E+00
 35.000  0.6234E+00
 40.000  0.6884E+00
 45.000  0.7286E+00
 50.000  0.7459E+00
 55.000  0.7449E+00
 60.000  0.7287E+00
 65.000  0.7058E+00
 70.000  0.6817E+00
 75.000  0.6587E+00
 80.000  0.6373E+00
 85.000  0.6168E+00
 90.000  0.5962E+00
 95.000  0.5745E+00
100.000  0.5512E+00
105.000  0.5266E+00
110.000  0.5016E+00
115.000  0.4773E+00
120.000  0.4551E+00
125.000  0.4359E+00
130.000  0.4201E+00
135.000  0.4072E+00
140.000  0.3958E+00
145.000  0.3839E+00
150.000  0.3698E+00
155.000  0.3525E+00
160.000  0.3325E+00
165.000  0.3117E+00
170.000  0.2933E+00
175.000  0.2806E+00
180.000  0.2760E+00
