# K+N->K0P
# Angle vs. Cross-section (millibarns)
# 200 MeV

  0.000  0.1188E-03
  5.000  0.2453E-01
 10.000  0.8764E-01
 15.000  0.1695E+00
 20.000  0.2540E+00
 25.000  0.3327E+00
 30.000  0.4014E+00
 35.000  0.4588E+00
 40.000  0.5046E+00
 45.000  0.5396E+00
 50.000  0.5649E+00
 55.000  0.5822E+00
 60.000  0.5931E+00
 65.000  0.5991E+00
 70.000  0.6011E+00
 75.000  0.5993E+00
 80.000  0.5936E+00
 85.000  0.5832E+00
 90.000  0.5674E+00
 95.000  0.5457E+00
100.000  0.5174E+00
105.000  0.4828E+00
110.000  0.4445E+00
115.000  0.4045E+00
120.000  0.3650E+00
125.000  0.3287E+00
130.000  0.2978E+00
135.000  0.2743E+00
140.000  0.2590E+00
145.000  0.2521E+00
150.000  0.2524E+00
155.000  0.2584E+00
160.000  0.2677E+00
165.000  0.2780E+00
170.000  0.2872E+00
175.000  0.2934E+00
180.000  0.2956E+00
