# K+N->K0P
# Angle vs. Cross-section (millibarns)
# 1700 MeV

     0.000  0.1799E-03
     5.000  0.1958E+00
    10.000  0.4381E+00
    15.000  0.5644E+00
    20.000  0.5928E+00
    25.000  0.5510E+00
    30.000  0.4656E+00
    35.000  0.3623E+00
    40.000  0.2676E+00
    45.000  0.1916E+00
    50.000  0.1367E+00
    55.000  0.9965E-01
    60.000  0.7556E-01
    65.000  0.6156E-01
    70.000  0.5693E-01
    75.000  0.6143E-01
    80.000  0.7375E-01
    85.000  0.9159E-01
    90.000  0.1129E+00
    95.000  0.1368E+00
   100.000  0.1639E+00
   105.000  0.1940E+00
   110.000  0.2244E+00
   115.000  0.2503E+00
   120.000  0.2655E+00
   125.000  0.2659E+00
   130.000  0.2516E+00
   135.000  0.2267E+00
   140.000  0.1985E+00
   145.000  0.1741E+00
   150.000  0.1587E+00
   155.000  0.1543E+00
   160.000  0.1597E+00
   165.000  0.1713E+00
   170.000  0.1843E+00
   175.000  0.1943E+00
   180.000  0.1980E+00
