# K+N->K0P
# Angle vs. Cross-section (millibarns)
# 600 MeV

     0.000  0.3980E-04
     5.000  0.3346E-01
    10.000  0.1184E+00
    15.000  0.2335E+00
    20.000  0.3643E+00
    25.000  0.4971E+00
    30.000  0.6181E+00
    35.000  0.7161E+00
    40.000  0.7841E+00
    45.000  0.8202E+00
    50.000  0.8274E+00
    55.000  0.8082E+00
    60.000  0.7743E+00
    65.000  0.7335E+00
    70.000  0.6906E+00
    75.000  0.6483E+00
    80.000  0.6075E+00
    85.000  0.5679E+00
    90.000  0.5291E+00
    95.000  0.4909E+00
   100.000  0.4537E+00
   105.000  0.4184E+00
   110.000  0.3864E+00
   115.000  0.3592E+00
   120.000  0.3377E+00
   125.000  0.3225E+00
   130.000  0.3134E+00
   135.000  0.3090E+00
   140.000  0.3070E+00
   145.000  0.3045E+00
   150.000  0.2987E+00
   155.000  0.2881E+00
   160.000  0.2728E+00
   165.000  0.2549E+00
   170.000  0.2380E+00
   175.000  0.2259E+00
   180.000  0.2215E+00
