# K+N->K0P
# Angle vs. Cross-section (millibarns)
# 1500 MeV

     0.000  0.8963E-04
     5.000  0.1060E+00
    10.000  0.2730E+00
    15.000  0.4086E+00
    20.000  0.4998E+00
    25.000  0.5425E+00
    30.000  0.5390E+00
    35.000  0.4952E+00
    40.000  0.4296E+00
    45.000  0.3556E+00
    50.000  0.2819E+00
    55.000  0.2136E+00
    60.000  0.1539E+00
    65.000  0.1050E+00
    70.000  0.6870E-01
    75.000  0.4577E-01
    80.000  0.3528E-01
    85.000  0.3518E-01
    90.000  0.4337E-01
    95.000  0.5842E-01
   100.000  0.7953E-01
   105.000  0.1054E+00
   110.000  0.1336E+00
   115.000  0.1600E+00
   120.000  0.1799E+00
   125.000  0.1899E+00
   130.000  0.1887E+00
   135.000  0.1776E+00
   140.000  0.1594E+00
   145.000  0.1373E+00
   150.000  0.1140E+00
   155.000  0.9141E-01
   160.000  0.7069E-01
   165.000  0.5287E-01
   170.000  0.3898E-01
   175.000  0.3008E-01
   180.000  0.2701E-01
