# K+N->K0P
# Angle vs. Cross-section (millibarns)
# 300 MeV

  0.000  0.1047E-03
  5.000  0.3282E-01
 10.000  0.1142E+00
 15.000  0.2172E+00
 20.000  0.3227E+00
 25.000  0.4221E+00
 30.000  0.5106E+00
 35.000  0.5849E+00
 40.000  0.6431E+00
 45.000  0.6850E+00
 50.000  0.7120E+00
 55.000  0.7269E+00
 60.000  0.7332E+00
 65.000  0.7341E+00
 70.000  0.7323E+00
 75.000  0.7288E+00
 80.000  0.7217E+00
 85.000  0.7120E+00
 90.000  0.6988E+00
 95.000  0.6804E+00
100.000  0.6558E+00
105.000  0.6246E+00
110.000  0.5874E+00
115.000  0.5457E+00
120.000  0.5018E+00
125.000  0.4579E+00
130.000  0.4164E+00
135.000  0.3792E+00
140.000  0.3474E+00
145.000  0.3213E+00
150.000  0.3003E+00
155.000  0.2838E+00
160.000  0.2708E+00
165.000  0.2607E+00
170.000  0.2534E+00
175.000  0.2489E+00
180.000  0.2474E+00
